0.95549012 -0.28426112 -0.07895718 -0.50758700
0.28406718 0.95870339 -0.01391538 0.14680900
0.07965212 -0.00913314 0.99678088 0.29490500
0.00000000 0.00000000 0.00000000 1.00000000

0.89362631 -0.40004382 -0.20346243 -0.58652500
0.38085623 0.91576053 -0.12779354 0.10541500
0.23744588 0.03670973 0.97070688 0.17849700
0.00000000 0.00000000 0.00000000 1.00000000

0.99009912 -0.14002083 -0.00989484 -0.51239600
0.14036989 0.98754248 0.07110658 0.19600700
-0.00018482 -0.07179150 0.99741964 0.31566700
0.00000000 0.00000000 0.00000000 1.00000000

0.95287915 -0.28144498 -0.11318147 -0.54339100
0.28636096 0.95766820 0.02947905 0.11165600
0.10009356 -0.06050073 0.99313692 0.37679300
0.00000000 0.00000000 0.00000000 1.00000000

-0.48392479 -0.85738738 0.17522463 -0.50908700
0.76067407 -0.51111982 -0.40016432 0.12743200
0.43265662 -0.06036060 0.89953591 0.33539100
0.00000000 0.00000000 0.00000000 1.00000000

-0.34566557 -0.93816564 -0.01898786 -0.48835500
0.93376941 -0.34590355 0.09179009 0.20588100
-0.09268227 0.01399839 0.99559733 0.20699800
0.00000000 0.00000000 0.00000000 1.00000000

-0.26671279 -0.95626170 -0.12011594 -0.59386600
0.93148663 -0.28775720 0.22254989 0.24601800
-0.24738016 -0.05252949 0.96749352 0.22831100
0.00000000 0.00000000 0.00000000 1.00000000

-0.94388727 0.23585159 0.23119441 -0.62864700
-0.23014847 -0.97177924 0.05173773 0.11983900
0.23687235 -0.00437446 0.97153093 0.41681600
0.00000000 0.00000000 0.00000000 1.00000000

0.05626948 0.98304351 0.17452563 -0.53870700
-0.99698100 0.04595613 0.06258524 0.11565400
0.05350349 -0.17752038 0.98266164 0.31246900
0.00000000 0.00000000 0.00000000 1.00000000

0.05701807 0.98556042 0.15943524 -0.55815600
-0.99656129 0.04656752 0.06853504 0.11381100
0.06012092 -0.16279473 0.98482656 0.28586700
0.00000000 0.00000000 0.00000000 1.00000000

0.47079612 0.87843364 0.08188628 -0.53751400
-0.88215741 0.46743332 0.05748384 0.11664800
0.01221937 -0.09929976 0.99498254 0.27581800
0.00000000 0.00000000 0.00000000 1.00000000

0.57972475 0.76242399 0.28745236 -0.48316600
-0.80805433 0.58329446 0.08255770 0.11326800
-0.10472540 -0.28013787 0.95423025 0.22123900
0.00000000 0.00000000 0.00000000 1.00000000

0.77480669 0.55070085 0.31048859 -0.48900500
-0.60379209 0.79016310 0.10524917 0.10639200
-0.18737581 -0.26901832 0.94473248 0.22598700
0.00000000 0.00000000 0.00000000 1.00000000

0.86963609 0.40302150 0.28514337 -0.48282400
-0.44309645 0.89186314 0.09080572 0.11009100
-0.21771220 -0.20531395 0.95417377 0.22072900
0.00000000 0.00000000 0.00000000 1.00000000

0.95979406 -0.18389458 0.21208053 -0.49077800
0.18981852 0.98178870 -0.00773795 0.12883700
-0.20679530 0.04768365 0.97722156 0.17474700
0.00000000 0.00000000 0.00000000 1.00000000

0.73445896 -0.65742277 0.16842009 -0.47923600
0.66180470 0.74877403 0.03676941 0.11633400
-0.15028164 0.08445559 0.98502928 0.16828000
0.00000000 0.00000000 0.00000000 1.00000000

0.85642011 -0.51502764 0.03593235 -0.45540800
0.51583771 0.85649104 -0.01829082 0.10684800
-0.02135546 0.03419989 0.99918683 0.27388400
0.00000000 0.00000000 0.00000000 1.00000000

0.84650728 -0.46243612 -0.26377692 -0.53716300
0.46816668 0.88250768 -0.04472313 0.10213100
0.25346675 -0.08563311 0.96354636 0.33458800
0.00000000 0.00000000 0.00000000 1.00000000

0.64249544 -0.71809406 -0.26747060 -0.53573100
0.75034365 0.66039313 0.02941627 0.07872240
0.15551210 -0.21959469 0.96311690 0.33573300
0.00000000 0.00000000 0.00000000 1.00000000

0.55395363 -0.77245669 -0.31055763 -0.52665500
0.78675473 0.60770837 -0.10820134 0.07403680
0.27230932 -0.18439416 0.94437621 0.33493200
0.00000000 0.00000000 0.00000000 1.00000000

0.75611170 -0.65377171 -0.02962513 -0.47428000
0.51412505 0.56537747 0.64499903 0.34385500
-0.40493274 -0.50292234 0.76360893 0.21892700
0.00000000 0.00000000 0.00000000 1.00000000

