-0.91450575 -0.35285647 -0.19791804 -0.56956900
-0.38639306 0.90676291 0.16876439 0.05494080
0.11991513 0.23081016 -0.96558119 0.31184900
0.00000000 0.00000000 0.00000000 1.00000000

0.58389968 -0.67599402 -0.44954783 -0.44187600
-0.75039906 -0.66071570 0.01886806 0.06913720
-0.30977801 0.32632322 -0.89305697 0.25715100
0.00000000 0.00000000 0.00000000 1.00000000

0.66308541 -0.68900113 -0.29256655 -0.46567600
-0.59173608 -0.72185527 0.35885008 -0.18166900
-0.45843881 -0.06482606 -0.88635852 0.36620600
0.00000000 0.00000000 0.00000000 1.00000000

0.16582251 0.96287569 -0.21301012 -0.49729100
0.95116660 -0.21318987 -0.22323124 0.21489000
-0.26035553 -0.16559135 -0.95120687 0.26932700
0.00000000 0.00000000 0.00000000 1.00000000

-0.71978646 0.68510946 -0.11194854 -0.52073400
0.68877505 0.68470551 -0.23825889 0.23809600
-0.08658163 -0.24860289 -0.96472806 0.27483000
0.00000000 0.00000000 0.00000000 1.00000000

0.66515134 -0.67920283 -0.31025346 -0.39617400
-0.72846659 -0.68151749 -0.06978785 0.08799080
-0.16404305 0.27242876 -0.94808884 0.35257600
0.00000000 0.00000000 0.00000000 1.00000000

0.96691427 -0.04269284 -0.25150371 -0.49223300
-0.05194739 -0.99819096 -0.03027020 0.08786850
-0.24975641 0.04233364 -0.96738286 0.25593700
0.00000000 0.00000000 0.00000000 1.00000000

0.91299366 0.28689083 -0.29006245 -0.41135700
0.29032025 -0.95639007 -0.03212755 0.09575320
-0.28662995 -0.05487875 -0.95646829 0.36159200
0.00000000 0.00000000 0.00000000 1.00000000

0.64829608 -0.75630046 -0.08787381 -0.55946000
-0.75903280 -0.65104307 0.00348431 0.05415980
-0.05984482 0.06444024 -0.99612552 0.33267900
0.00000000 0.00000000 0.00000000 1.00000000

0.69303996 -0.72031710 -0.02896343 -0.55590800
-0.64943900 -0.64127729 0.40864705 -0.07547510
-0.31292905 -0.26439876 -0.91223281 0.28103600
0.00000000 0.00000000 0.00000000 1.00000000

-0.34915922 0.92928182 -0.12051195 -0.55319000
0.88501505 0.28476219 -0.36831897 0.25147500
-0.30795488 -0.23525685 -0.92185574 0.23593800
0.00000000 0.00000000 0.00000000 1.00000000

0.02597712 0.99722997 0.06969629 -0.61620400
0.93789759 -0.00018590 -0.34691221 0.22170200
-0.34593830 0.07437976 -0.93530441 0.21013400
0.00000000 0.00000000 0.00000000 1.00000000

-0.88982024 0.42689787 0.16117740 -0.64341900
0.38218563 0.89021552 -0.24789208 0.21842000
-0.24930722 -0.15897970 -0.95528601 0.25773400
0.00000000 0.00000000 0.00000000 1.00000000

-0.95623147 -0.15077660 0.25077437 -0.66376900
-0.04557634 0.92330828 0.38134579 0.07968810
-0.28904008 0.35322547 -0.88976829 0.27446900
0.00000000 0.00000000 0.00000000 1.00000000

-0.86956606 0.04940421 -0.49133909 -0.43659800
-0.05647007 0.97850738 0.19832910 0.11893400
0.49057722 0.20020621 -0.84808695 0.30528700
0.00000000 0.00000000 0.00000000 1.00000000

-0.76519065 -0.19420708 -0.61381339 -0.38845300
-0.29065525 0.95493213 0.06020087 0.10010500
0.57445869 0.22447323 -0.78715245 0.36687100
0.00000000 0.00000000 0.00000000 1.00000000

0.87297456 0.28876820 -0.39310092 -0.34113700
0.35395212 -0.92955301 0.10319447 0.11442700
-0.33560887 -0.22922505 -0.91368625 0.31019100
0.00000000 0.00000000 0.00000000 1.00000000

0.04257096 0.97447458 -0.22042459 -0.51056500
0.99908923 -0.04216287 0.00655798 0.18853600
-0.00290315 -0.22050301 -0.97538197 0.33927600
0.00000000 0.00000000 0.00000000 1.00000000

0.88492183 -0.41984413 -0.20160421 -0.44858200
-0.32894954 -0.86986041 0.36760721 -0.13537400
-0.32970525 -0.25898603 -0.90786600 0.34018300
0.00000000 0.00000000 0.00000000 1.00000000

0.15156146 -0.98721019 0.04944857 -0.65258100
-0.88743213 -0.11387061 0.44665166 -0.06119500
-0.43530833 -0.11157742 -0.89334044 0.24083300
0.00000000 0.00000000 0.00000000 1.00000000

-0.45769864 0.88311142 0.10308337 -0.60465000
0.78300336 0.45528574 -0.42381675 0.22860600
-0.42120980 -0.11326572 -0.89986287 0.18726200
0.00000000 0.00000000 0.00000000 1.00000000

0.77767046 0.53442910 -0.33108034 -0.50068300
0.50735867 -0.84450352 -0.17146715 0.15461600
-0.37123555 -0.03463154 -0.92789268 0.19449000
0.00000000 0.00000000 0.00000000 1.00000000

0.34990466 -0.92778082 -0.12957425 -0.61317200
-0.89357078 -0.28902904 -0.34350179 0.18478500
0.28124365 0.23597664 -0.93017043 0.30786400
0.00000000 0.00000000 0.00000000 1.00000000

-0.90709184 -0.33853284 -0.25015976 -0.51921600
-0.32642884 0.94095454 -0.08971496 0.14984200
0.26576042 0.00027965 -0.96403907 0.15685900
0.00000000 0.00000000 0.00000000 1.00000000

0.92456298 0.37397085 0.07300075 -0.60594900
0.38007804 -0.91869975 -0.10738460 0.11953600
0.02690706 0.12702980 -0.99153388 0.16762400
0.00000000 0.00000000 0.00000000 1.00000000

-0.43658761 0.89958450 -0.01178976 -0.53443000
0.88692272 0.42817117 -0.17331340 0.17206400
-0.15086201 -0.08612308 -0.98479616 0.20139800
0.00000000 0.00000000 0.00000000 1.00000000

0.35557526 -0.93214896 -0.06829744 -0.55774800
-0.93445141 -0.35604756 -0.00554107 0.10492600
-0.01915203 0.06579091 -0.99764962 0.22745800
0.00000000 0.00000000 0.00000000 1.00000000

