2 0.8175796875 0.4872671875 0.829696875 0.47747968749999997 0.8354421875 0.4647734375 0.8514125 0.44703593750000004 0.8552640625000001 0.43908593749999997 0.8545718750000001 0.42189531249999995 0.8389890624999999 0.3973703125 0.8063687500000001 0.364015625 0.7870609375 0.3505671875 0.7555078125 0.343778125 0.7347453125000001 0.34602499999999997 0.691703125 0.36465000000000003 0.6736500000000001 0.3824546875 0.6662 0.40460624999999995 0.6662625 0.40616874999999997 0.6695375 0.4357921875 0.687203125 0.46025 0.7000765624999999 0.469215625 0.7234234374999999 0.479403125 0.73415 0.48687500000000006 0.7530828125 0.4909484375 0.7988359375 0.48788125000000004 0.8009812500000001 0.48937656250000006 0.81139375 0.489034375 0.8175796875 0.4872671875
2 0.7181421875 0.711165625 0.73253125 0.7059984375 0.7467328125 0.69614375 0.76030625 0.6706624999999999 0.7595515625 0.651909375 0.7574062500000001 0.650415625 0.7546953125 0.63485625 0.7328015625 0.6089734375 0.717721875 0.59695 0.6901453125 0.5853359375 0.671278125 0.5828265625 0.63789375 0.5823578125 0.6015375 0.6117171875 0.5976234375 0.6181046875 0.5976874999999999 0.6196671874999999 0.5978749999999999 0.6243546875 0.6138343749999999 0.65825625 0.620396875 0.665865625 0.6250640625 0.67823125 0.647334375 0.713490625 0.6558531249999999 0.7179046875 0.672703125 0.7220453124999999 0.6956109374999999 0.72129375 0.7120828125 0.716059375 0.7181421875 0.711165625
2 0.541815625 0.7341656249999999 0.5202984374999999 0.717659375 0.5072375 0.7040046875 0.5026953125 0.6947656249999999 0.5022562500000001 0.6838265625 0.49582031249999997 0.6793437499999999 0.481115625 0.6766953124999999 0.46862031249999997 0.67710625 0.460415625 0.6805046875 0.45416875 0.680709375 0.43984218750000004 0.6874390625 0.42576562500000004 0.7004203125 0.4258296875 0.7019828125 0.427021875 0.731675 0.42916875 0.73316875 0.43238125 0.7612296875 0.43692343749999996 0.77046875 0.45396093750000005 0.7792984374999999 0.4770578125 0.7832359375 0.491634375 0.78275625 0.5204140625 0.7724234375 0.536509375 0.7578125 0.541815625 0.7341656249999999
3 0.555509375 0.40041562500000005 0.5996828125 0.40991875 0.62681875 0.41059375 0.6458140625000001 0.4162296875 0.6624734375 0.41568281249999994 0.663928125 0.3999875 0.6715046874999999 0.3809609375 0.681478125 0.3696796875 0.6976984374999999 0.35819375 0.7018640625 0.3580578125 0.726415625 0.3462984375 0.738784375 0.34276249999999997 0.757528125 0.34214687499999996 0.7890171875 0.347371875 0.7950765625 0.3424796875 0.8006968750000001 0.326646875 0.8086499999999999 0.31699687499999996 0.8289109375000001 0.30224843749999997 0.861728125 0.288653125 0.8636234375 0.283896875 0.8551046875000001 0.2794828125 0.8362984375 0.278534375 0.7784890625 0.29295 0.7538750000000001 0.30314687500000004 0.7373406250000001 0.30681875000000003 0.71064375 0.317084375 0.680346875 0.34155 0.655859375 0.3548734375 0.6373046875 0.3601765625 0.614396875 0.360928125 0.595465625 0.3568546875 0.58271875 0.3510140625 0.5655546874999999 0.339059375 0.5523687500000001 0.32227968749999997 0.54549375 0.30685625 0.5261843749999999 0.29340781250000003 0.5093359375000001 0.28926562499999997 0.5050453125 0.286278125 0.5027109375000001 0.28009531249999997 0.485421875 0.26501406250000004 0.4770921875 0.2652875 0.46497343750000003 0.275075 0.4650359375 0.2766375 0.4760140625 0.29035937500000003 0.47614062500000004 0.29348593749999996 0.484784375 0.301025 0.47885156249999994 0.30904375 0.47512499999999996 0.3201203125 0.4758171875 0.33730937499999997 0.4847125 0.3511015625 0.49991874999999997 0.36625 0.5320984375 0.388665625 0.555509375 0.40041562500000005
3 0.5163562500000001 0.20453749999999998 0.5027203124999999 0.22845624999999997 0.49356406249999996 0.260053125 0.4936265625 0.261615625 0.4960234375 0.2693609375 0.5112921874999999 0.28607187500000003 0.53035 0.2932703125 0.543159375 0.30067499999999997 0.54631875 0.275534375 0.5598921875 0.2500515625 0.559390625 0.23755 0.539515625 0.2100359375 0.530996875 0.205621875 0.5163562500000001 0.20453749999999998
3 0.48944687499999995 0.6764234375 0.5019421875 0.6760125 0.5097703124999999 0.6632374999999999 0.5300296875 0.6484890625 0.49014687500000004 0.641975 0.46881874999999995 0.63015625 0.4642765625 0.6209156250000001 0.44894531249999997 0.6026421875 0.4458578125 0.5777062500000001 0.4118453125 0.5616109375 0.3902671875 0.543540625 0.383328125 0.52655625 0.386865625 0.5107921875 0.386425 0.499853125 0.381946875 0.49217656249999997 0.3816953125 0.48592500000000005 0.37488125 0.47206562500000004 0.36629999999999996 0.4660875 0.3596765625 0.45691718750000004 0.36125625 0.44434687500000003 0.3591109375 0.4428515625 0.3560859375 0.4194796875 0.3410046875 0.40745624999999996 0.3242828125 0.406440625 0.318096875 0.4082078125 0.3141203125 0.4130328125 0.31272812499999997 0.43029062500000004 0.3148734375 0.43178593750000005 0.3153765625 0.4442875 0.31985625 0.4519640625 0.320671875 0.47227968750000004 0.31063593749999996 0.4819984375 0.301040625 0.5026546875 0.30110312499999997 0.5042187499999999 0.30179374999999997 0.5214078125 0.3065875 0.5368984375 0.313525 0.553884375 0.3222953125 0.56455 0.3269 0.5753515625000001 0.34873125 0.5996718750000001 0.391890625 0.6358109375 0.44306406249999997 0.6638625 0.4684328125 0.6724187500000001 0.48944687499999995 0.6764234375
4 0.6452515625 0.7135578125 0.6140859375 0.6645078125 0.5864484375 0.6513312499999999 0.5695359375 0.645628125 0.5487109375 0.6463109375 0.526053125 0.6533140625 0.5098953125000001 0.6663625 0.5040875 0.67750625 0.50415 0.6790703125 0.504715625 0.693134375 0.5136734374999999 0.7084875 0.526671875 0.7205796875 0.5588515625 0.7429953125 0.5673078125 0.745846875 0.588259375 0.7482890624999999 0.6111046875 0.7459749999999999 0.631615625 0.737478125 0.6455656249999999 0.721371875 0.6452515625 0.7135578125
5 0.6738140625 0.8534515624999999 0.6793703125 0.8360562500000001 0.685303125 0.8280390625 0.6908609375 0.81064375 0.69679375 0.8026249999999999 0.7023515625 0.7852296875 0.706328125 0.7804046875 0.709928125 0.766203125 0.6949734375000001 0.7573046875 0.675978125 0.7516703125 0.6550265625 0.7492281249999999 0.625871875 0.750184375 0.6073796875 0.75705 0.5890125 0.7670421875 0.574875 0.778459375 0.5650906250000001 0.7944296875 0.5614281250000001 0.8070671875000001 0.561490625 0.8086296875000001 0.5649546875 0.8429421874999999 0.5782671875000001 0.862846875 0.6082390625 0.88220625 0.629315625 0.8877734374999999 0.65235 0.8901468749999999 0.6604281249999999 0.883621875 0.6640921875 0.8709843749999999 0.670025 0.862965625 0.6698359375 0.8582765625000001 0.6738140625 0.8534515624999999
5 0.4459015625 0.682546875 0.466475 0.6756125 0.4664125 0.6740484375 0.426153125 0.6581578125 0.40047187500000003 0.6417875000000001 0.3898703125 0.6374421875 0.3837484375 0.640771875 0.36979843749999997 0.656878125 0.36986093750000004 0.658440625 0.3662609375 0.6726421874999999 0.36840625 0.6741359375 0.3687828125 0.6835125 0.37553437500000003 0.695809375 0.39061406249999997 0.7078328125 0.41383593750000003 0.7148953125 0.422103125 0.7130578125 0.42362031250000004 0.698925 0.4316375 0.6908390625 0.4459015625 0.682546875
5 0.6873296875 0.463375 0.6675187499999999 0.4374234375 0.6411984375 0.457065625 0.627375 0.47629687499999995 0.6237125 0.48893437500000003 0.623775 0.4904984375 0.6268 0.5138703125 0.64219375 0.5337078125 0.6699578125000001 0.5500093749999999 0.6952625 0.557003125 0.7035312499999999 0.555165625 0.704796875 0.5347828125 0.7184328125 0.5108625 0.74266875 0.491290625 0.7363593749999999 0.48993281250000004 0.6873296875 0.463375
1 0.49805781250000003 0.527484375 0.5270875 0.523403125 0.5269 0.5187140625 0.51541875 0.49248906249999996 0.49844375 0.4852234375 0.4737046875 0.49229375 0.42788750000000003 0.49379687499999997 0.41943281250000003 0.49094531249999995 0.40485468750000003 0.49142343750000006 0.3987953125 0.4963171875 0.38699062500000003 0.5139171874999999 0.387053125 0.5154796875 0.3854734375 0.52805 0.3878703125 0.5357953125 0.40105625 0.552575 0.43090312500000005 0.5688093750000001 0.44566875 0.57301875 0.449646875 0.56819375 0.453309375 0.5555546875 0.46738437499999996 0.542575 0.48366718750000004 0.5326515625 0.49805781250000003 0.527484375
1 0.595478125 0.616609375 0.5993921875 0.6102218749999999 0.6175078125 0.5939796875 0.616753125 0.5752265624999999 0.6119609374999999 0.5597359375 0.6052734375 0.549003125 0.5753640625 0.53120625 0.550121875 0.5257765625 0.5126359375 0.52700625 0.4858140625 0.5341453125 0.47356875 0.5408062499999999 0.4574109375 0.55385625 0.449771875 0.57131875 0.449834375 0.57288125 0.45090312499999996 0.5994484375 0.4685046875 0.6223421874999999 0.47083906249999996 0.628525 0.4837109375 0.6374906250000001 0.49216718750000005 0.64034375 0.5257390625 0.6455 0.5424 0.644953125 0.591815625 0.6292484375 0.5957921875000001 0.6244234375 0.595478125 0.616609375
1 0.3017640625 0.6763234375 0.3308578125 0.673803125 0.3575546875 0.6635390625 0.37566875 0.647296875 0.3795203125 0.6393453124999999 0.37914375 0.6299703125 0.3423578125 0.5967515624999999 0.3095484375 0.5587093750000001 0.305384375 0.5588453125 0.30134375 0.5621078125000001 0.2992625 0.5621765625 0.303553125 0.5651640625 0.293328125 0.5701953125 0.2788125 0.5722359375 0.2766671875 0.570740625 0.24441406250000003 0.5984015625 0.23860625 0.6095453125 0.23866874999999999 0.6111078125 0.23998750000000002 0.6439250000000001 0.24440468750000002 0.650040625 0.274440625 0.6709609375000001 0.3017640625 0.6763234375
1 0.8022281250000001 0.57226875 0.8038703125 0.5612609375 0.8116359375 0.5469234375 0.8132781250000001 0.535915625 0.826725 0.5073078125 0.8265375 0.5026203125 0.8305140625 0.4977953125 0.8300750000000001 0.48685625000000005 0.8279296875 0.48536250000000003 0.8136015625 0.492090625 0.776053125 0.491759375 0.7740328125 0.49339062499999997 0.744878125 0.494346875 0.7366734375 0.49774531250000004 0.7225343750000001 0.5091640625 0.71079375 0.5283265625 0.71085625 0.5298890625 0.7069421874999999 0.5362765625 0.7057390625 0.5582234374999999 0.7148859375 0.578265625 0.7321734375 0.5933453125 0.755521875 0.6035328125 0.7702890625000001 0.6077421875 0.7849296875 0.6088265625 0.790925 0.602371875 0.7944625000000001 0.5866078124999999 0.8022281250000001 0.57226875
0 0.4607453125 0.2736484375 0.47898593749999996 0.26053125 0.4873796875 0.2618203125 0.49337656250000006 0.2553640625 0.4930625 0.2475515625 0.5026578125000001 0.22689374999999998 0.50228125 0.21751718750000001 0.49117812499999997 0.20066875 0.4763484375 0.194896875 0.42378125000000005 0.18410312499999998 0.41128593750000003 0.1845140625 0.40516406250000003 0.18784375 0.40522656250000005 0.18940625 0.405540625 0.1972203125 0.4145625 0.2141375 0.41537968750000004 0.234453125 0.411715625 0.247090625 0.4057203125 0.253546875 0.40603437500000006 0.2613609375 0.4081796875 0.2628546875 0.42913125 0.265296875 0.4544984375 0.273853125 0.4607453125 0.2736484375
0 0.3954328125 0.25701406250000003 0.4075515625 0.247228125 0.4112765625 0.2361515625 0.41266875000000003 0.21889375000000003 0.4056671875 0.2003453125 0.39683437499999996 0.1881171875 0.379671875 0.1761625 0.37550625000000004 0.17629999999999998 0.3606765625 0.1705265625 0.35442968750000003 0.17073125 0.3312703125 0.1652328125 0.306215625 0.164490625 0.2752921875 0.1733296875 0.261090625 0.183184375 0.25130625 0.199153125 0.25136875000000003 0.200715625 0.24770625000000002 0.2133546875 0.24864843749999999 0.23679531250000002 0.26208593750000003 0.25982656249999997 0.27502031250000003 0.27035468749999997 0.2920578125 0.279184375 0.3278390625 0.2874 0.3340859375 0.28719375 0.35655468749999997 0.275503125 0.3955578125 0.260140625 0.3954328125 0.25701406250000003
0 0.5258406250000001 0.440509375 0.52691875 0.4154375 0.51354375 0.39396875 0.494109375 0.37739375000000003 0.4707 0.36564375 0.43719062500000005 0.36205 0.43308749999999996 0.36375 0.4309421875 0.3622546875 0.4082859375 0.3692578125 0.37565468750000003 0.387540625 0.3622078125 0.41614843749999997 0.3622703125 0.4177109375 0.365609375 0.4488984375 0.3811921875 0.4734234375 0.40258281250000005 0.4868046875 0.427825 0.49223437499999995 0.471559375 0.4908 0.4839296875 0.4872640625 0.5022328125 0.475709375 0.5122687499999999 0.46599218750000004 0.522053125 0.450021875 0.5258406250000001 0.440509375
0 0.31001875 0.41473281249999994 0.311975 0.4115390625 0.3200546875 0.4050140625 0.3304671875 0.404671875 0.3324859375 0.40304062500000004 0.34517031249999997 0.40731875000000006 0.355896875 0.414790625 0.3600625 0.4146546875 0.3676390625 0.395628125 0.3673875 0.389378125 0.345871875 0.3728703125 0.3226484375 0.365809375 0.280934375 0.3656140625 0.25613281250000003 0.371121875 0.2438890625 0.3777828125 0.2281078125 0.4002078125 0.22444531250000002 0.41284687499999995 0.22450781250000001 0.41440937499999997 0.2337171875 0.43601406249999997 0.246778125 0.44966875 0.2575046875 0.45714062499999997 0.2787703125 0.46739687500000004 0.30596875 0.4696328125 0.314425 0.47248437499999996 0.31840156249999996 0.46765937500000004 0.31796250000000004 0.4567203125 0.31089687499999996 0.43661093749999996 0.31001875 0.41473281249999994
1 0.3776125 0.384346875 0.4717765625 0.340571875 0.4745609375 0.30605625000000003 0.452478125 0.275484375 0.4187171875 0.26563906249999997 0.3771921875 0.27013125 0.34033437499999997 0.2869890625 0.32228124999999996 0.30479375000000003 0.3166 0.31906406249999997 0.323978125 0.3469875 0.3650546875 0.3831953125 0.3776125 0.384346875
1 0.6017125 0.35665 0.639325 0.3585453125 0.680284375 0.3399875 0.7387953125 0.29112343749999997 0.73551875 0.2615 0.71835625 0.2495453125 0.6236359375 0.2276171875 0.5864 0.23509843749999998 0.5701171875 0.245021875 0.550421875 0.27383437499999996 0.54745 0.3036625 0.5697828125 0.340484375 0.6017125 0.35665
0 0.6247171875 0.5139390625 0.6233984375 0.48112187500000003 0.6632906249999999 0.4359984375 0.6563515625 0.4190125 0.5555718749999999 0.401978125 0.5350609375000001 0.41047500000000003 0.5127703125 0.47849375 0.5239375 0.4969046875 0.553909375 0.5162625000000001 0.57505 0.52339375 0.6247171875 0.5139390625
