2 0.621875 0.6979171875 0.6078125 0.7041671875 0.590625 0.7166671874999999 0.5765625 0.7333328125 0.5671875 0.75 0.5578125 0.7854171875 0.559375 0.7958328125 0.565625 0.8083328125 0.5703125 0.8291671875000001 0.5703125 0.8520828125 0.5765625 0.8666671875 0.584375 0.8729171875 0.6015625 0.8770828125 0.6125 0.8833328125 0.6375 0.8833328125 0.6609375 0.8666671875 0.675 0.8479171875 0.690625 0.8104171875 0.6921875 0.7875 0.69375 0.7854171875 0.69375 0.7604171875 0.684375 0.7333328125 0.66875 0.7125 0.6484375 0.7 0.646875 0.7 0.6453125 0.6979171875 0.621875 0.6979171875
2 0.3703125 0.65625 0.359375 0.6708328125 0.359375 0.6770828125 0.3453125 0.6958328125000001 0.3375 0.7020828125 0.315625 0.7333328125 0.309375 0.7541671875 0.309375 0.7958328125 0.3140625 0.81875 0.3203125 0.8333328124999999 0.3375 0.8520828125 0.353125 0.8583328124999999 0.3609375 0.8645828124999999 0.384375 0.8666671875 0.4125 0.8541671875000001 0.4171875 0.8479171875 0.4265625 0.8416671875 0.4390625 0.825 0.4578125 0.7854171875 0.465625 0.7541671875 0.465625 0.73125 0.4609375 0.70625 0.45625 0.69375 0.4421875 0.6729171875 0.425 0.65625 0.409375 0.6479171874999999 0.4015625 0.6479171874999999 0.4 0.6458328125 0.3984375 0.6458328125 0.384375 0.6479171874999999 0.3703125 0.65625
2 0.1265625 0.3645828125 0.11875 0.3708328125 0.115625 0.3791671875 0.1140625 0.40208281250000005 0.1078125 0.43541718749999997 0.1078125 0.45 0.1015625 0.49166718749999994 0.1015625 0.5041671875 0.11875 0.5291671874999999 0.1328125 0.5375 0.146875 0.55 0.1671875 0.55625 0.1921875 0.5583328125 0.2203125 0.5479171875 0.2359375 0.5375 0.2484375 0.525 0.259375 0.5020828125000001 0.265625 0.48125 0.2671875 0.45416718749999996 0.2625 0.43125 0.2578125 0.41875 0.2453125 0.3958328125 0.234375 0.3833328125 0.2125 0.36875 0.18125 0.3583328125 0.1796875 0.3583328125 0.146875 0.3583328125 0.1265625 0.3645828125
2 0.265625 0.7458328125 0.2671875 0.78125 0.265625 0.7833328125000001 0.265625 0.8 0.2546875 0.8375 0.23125 0.8729171875 0.20625 0.8979171875 0.20625 0.9041671875 0.215625 0.9083328125 0.26875 0.9104171875 0.2859375 0.8979171875 0.3 0.8833328125 0.3109375 0.8666671875 0.31875 0.8479171875 0.31875 0.8375 0.3109375 0.8208328125 0.3078125 0.80625 0.30625 0.7625 0.3078125 0.7541671875 0.2953125 0.7416671874999999 0.2828125 0.7354171875 0.28125 0.7354171875 0.2703125 0.7395828125 0.265625 0.7458328125
3 0.6140625 0.43333281250000005 0.6109375 0.4375 0.6078125 0.45416718749999996 0.59375 0.4791671875 0.575 0.49791718749999997 0.553125 0.5083328125000001 0.55 0.5145828125 0.55 0.5645828125000001 0.553125 0.5791671875 0.553125 0.59375 0.559375 0.6354171875 0.5609375 0.6604171875 0.565625 0.6791671874999999 0.5671875 0.6958328125000001 0.5734375 0.71875 0.5765625 0.725 0.58125 0.725 0.590625 0.7145828125 0.6109375 0.7 0.628125 0.69375 0.64375 0.69375 0.6421875 0.6791671874999999 0.634375 0.6541671874999999 0.6296875 0.6270828125000001 0.6296875 0.5916671874999999 0.6265625 0.575 0.625 0.5145828125 0.6265625 0.5125 0.6265625 0.49375 0.6296875 0.48125 0.6296875 0.45208281250000004 0.6234375 0.4375 0.621875 0.4375 0.61875 0.43333281250000005 0.6140625 0.43333281250000005
3 0.2640625 0.3333328125 0.271875 0.3229171875 0.271875 0.31875 0.2828125 0.3 0.3078125 0.2645828125 0.3078125 0.2604171875 0.2984375 0.2645828125 0.2609375 0.2666671875 0.2359375 0.2604171875 0.2359375 0.2625 0.253125 0.3145828125 0.2640625 0.3333328125
3 0.3734375 0.2041671875 0.353125 0.2166671875 0.3390625 0.2291671875 0.30625 0.26875 0.2703125 0.3270828125 0.2546875 0.36875 0.2484375 0.3916671875 0.25 0.4 0.2640625 0.4270828125 0.2671875 0.4479171875 0.2703125 0.45416718749999996 0.2703125 0.475 0.2671875 0.4875 0.253125 0.5229171874999999 0.2546875 0.5458328125 0.2578125 0.55 0.2609375 0.55 0.2953125 0.5270828125 0.3171875 0.5229171874999999 0.3234375 0.48125 0.325 0.45208281250000004 0.3328125 0.41041718749999995 0.3484375 0.3708328125 0.378125 0.33125 0.4046875 0.3104171875 0.428125 0.30625 0.45625 0.2958328125 0.465625 0.2958328125 0.4921875 0.2791671875 0.51875 0.2791671875 0.54375 0.2708328125 0.546875 0.2666671875 0.55 0.2583328125 0.55 0.24375 0.5453125 0.2375 0.4875 0.2354171875 0.46875 0.2104171875 0.45625 0.2020828125 0.4390625 0.1958328125 0.4375 0.1958328125 0.390625 0.1979171875 0.3734375 0.2041671875
3 0.5421875 0.6541671874999999 0.553125 0.6895828125000001 0.5546875 0.7291671875 0.5609375 0.74375 0.56875 0.7416671874999999 0.5734375 0.7270828125000001 0.5671875 0.70625 0.5640625 0.6791671874999999 0.559375 0.6604171875 0.55625 0.625 0.553125 0.6125 0.553125 0.5979171875 0.55 0.5895828125 0.55 0.575 0.546875 0.5645828125000001 0.5390625 0.575 0.5390625 0.5791671875 0.525 0.6083328125 0.5140625 0.6229171874999999 0.515625 0.625 0.5234375 0.6291671875 0.5421875 0.6541671874999999
3 0.55625 0.26875 0.5546875 0.2708328125 0.546875 0.2708328125 0.5375 0.2770828125 0.5296875 0.2770828125 0.5234375 0.28125 0.4921875 0.2833328125 0.4671875 0.3 0.4328125 0.3083328125 0.434375 0.3125 0.4546875 0.3270828125 0.471875 0.35 0.4765625 0.3583328125 0.4765625 0.3625 0.48125 0.3666671875 0.49375 0.3583328125 0.5125 0.3333328125 0.5234375 0.325 0.5484375 0.3166671875 0.575 0.3166671875 0.578125 0.3145828125 0.5828125 0.3083328125 0.584375 0.2916671875 0.5734375 0.2708328125 0.571875 0.2708328125 0.5703125 0.26875 0.55625 0.26875
4 0.30625 0.5291671874999999 0.2984375 0.5291671874999999 0.2765625 0.5416671875 0.2734375 0.5458328125 0.2703125 0.5458328125 0.2578125 0.55625 0.2453125 0.5729171875 0.234375 0.59375 0.2234375 0.6208328125 0.2203125 0.6375 0.2203125 0.6625 0.2234375 0.6708328125 0.2296875 0.675 0.246875 0.6979171875 0.265625 0.7333328125 0.3 0.73125 0.309375 0.7354171875 0.3390625 0.6958328125000001 0.34375 0.69375 0.3546875 0.6791671874999999 0.3578125 0.6666671875 0.365625 0.65625 0.371875 0.6375 0.3703125 0.6020828125000001 0.35625 0.5645828125000001 0.3375 0.5395828125000001 0.321875 0.5291671874999999 0.3203125 0.5291671874999999 0.3078125 0.5270828125 0.30625 0.5291671874999999
5 0.6296875 0.49583281250000005 0.628125 0.49791718749999997 0.628125 0.5125 0.6265625 0.5145828125 0.628125 0.5708328125000001 0.6328125 0.6020828125000001 0.640625 0.5854171874999999 0.6546875 0.5645828125000001 0.678125 0.55 0.678125 0.54375 0.671875 0.5291671874999999 0.65625 0.5083328125000001 0.640625 0.49791718749999997 0.6390625 0.49791718749999997 0.6375 0.49583281250000005 0.6296875 0.49583281250000005
5 0.134375 0.6666671875 0.1265625 0.6666671875 0.103125 0.6833328125 0.0796875 0.7083328125 0.0703125 0.73125 0.0703125 0.7416671874999999 0.0671875 0.7520828125000001 0.0609375 0.8375 0.0734375 0.8666671875 0.090625 0.8854171875000001 0.1046875 0.8958328124999999 0.1171875 0.9 0.1328125 0.9 0.134375 0.9020828125 0.175 0.9020828125 0.1765625 0.9041671875 0.184375 0.9041671875 0.2 0.8979171875 0.209375 0.8875 0.221875 0.8791671875 0.24375 0.8520828125 0.253125 0.8354171875 0.2625 0.8041671875 0.2640625 0.75625 0.25625 0.725 0.2453125 0.7020828125 0.23125 0.6833328125 0.2125 0.66875 0.18125 0.6583328125000001 0.1796875 0.6583328125000001 0.1515625 0.6604171875 0.134375 0.6666671875
5 0.14375 0.225 0.1390625 0.2291671875 0.1359375 0.2395828125 0.1265625 0.30625 0.1265625 0.3166671875 0.125 0.31875 0.125 0.3291671875 0.121875 0.3416671875 0.121875 0.3625 0.1421875 0.35625 0.1546875 0.35625 0.15625 0.3541671875 0.184375 0.35625 0.21875 0.36875 0.2375 0.3833328125 0.240625 0.38125 0.2453125 0.3708328125 0.25 0.3458328125 0.25 0.3104171875 0.2453125 0.2916671875 0.234375 0.2645828125 0.225 0.2520828125 0.209375 0.2354171875 0.1875 0.2229171875 0.1859375 0.2229171875 0.1578125 0.2208328125 0.14375 0.225
5 0.45 0.6333328125000001 0.4375 0.6458328125 0.43125 0.65625 0.4546875 0.6875 0.4625 0.7041671875 0.46875 0.7375 0.4640625 0.7708328125 0.465625 0.7770828125 0.4859375 0.7604171875 0.4984375 0.75625 0.51875 0.75625 0.53125 0.7625 0.5375 0.7625 0.546875 0.7458328125 0.5515625 0.7291671875 0.553125 0.7083328125 0.5515625 0.70625 0.5515625 0.6916671875 0.55 0.68125 0.540625 0.6541671874999999 0.5203125 0.6291671875 0.509375 0.6229171874999999 0.5 0.6229171874999999 0.4984375 0.6208328125 0.496875 0.6208328125 0.4734375 0.6229171874999999 0.45 0.6333328125000001
1 0.2375 0.0645828125 0.2125 0.0645828125 0.20625 0.06875 0.1984375 0.0770828125 0.19375 0.0895828125 0.1875 0.1270828125 0.1875 0.15625 0.190625 0.1708328125 0.190625 0.1833328125 0.1953125 0.2 0.209375 0.2291671875 0.228125 0.25 0.2390625 0.2583328125 0.2609375 0.2645828125 0.271875 0.2645828125 0.2734375 0.2625 0.303125 0.2604171875 0.315625 0.2520828125 0.3375 0.2229171875 0.3421875 0.2125 0.3453125 0.1958328125 0.346875 0.1645828125 0.3453125 0.1625 0.3453125 0.15 0.340625 0.1270828125 0.3328125 0.10416718750000001 0.321875 0.08125 0.309375 0.0645828125 0.3 0.05625 0.290625 0.0520828125 0.2890625 0.0520828125 0.2625 0.054167187500000005 0.2375 0.0645828125
1 0.6203125 0.2583328125 0.6 0.2583328125 0.5828125 0.2645828125 0.578125 0.26875 0.578125 0.275 0.5859375 0.2916671875 0.5859375 0.3020828125 0.5828125 0.3125 0.575 0.3208328125 0.5921875 0.3333328125 0.603125 0.3479171875 0.6140625 0.3833328125 0.615625 0.425 0.6234375 0.425 0.6390625 0.4166671875 0.6578125 0.3916671875 0.6640625 0.3729171875 0.6671875 0.3520828125 0.6671875 0.325 0.6640625 0.30625 0.653125 0.28125 0.6421875 0.26875 0.640625 0.26875 0.6375 0.2645828125 0.6203125 0.2583328125
0 0.4359375 0.1583328125 0.4125 0.11458281249999999 0.3765625 0.1083328125 0.3453125 0.1270828125 0.34375 0.21875 0.3859375 0.1958328125 0.4375 0.1916671875 0.4359375 0.1583328125
0 0.5484375 0.2375 0.553125 0.2479171875 0.5625 0.2354171875 0.5703125 0.2041671875 0.56875 0.1604171875 0.559375 0.1333328125 0.5375 0.1020828125 0.515625 0.0875 0.49375 0.0895828125 0.465625 0.10416718750000001 0.44375 0.14375 0.44375 0.19375 0.465625 0.2041671875 0.484375 0.2291671875 0.5484375 0.2375
0 0.6734375 0.35 0.6890625 0.35 0.7140625 0.3354171875 0.73125 0.3145828125 0.740625 0.2875 0.7421875 0.24375 0.7328125 0.2166671875 0.6921875 0.1875 0.653125 0.1958328125 0.6203125 0.24375 0.61875 0.2541671875 0.6359375 0.2604171875 0.65625 0.2833328125 0.6734375 0.35
0 0.5515625 0.50625 0.5765625 0.49375 0.596875 0.47083281250000003 0.609375 0.44166718749999995 0.6140625 0.40208281250000005 0.5953125 0.3395828125 0.565625 0.3208328125 0.5453125 0.3208328125 0.521875 0.3291671875 0.4953125 0.3604171875 0.4828125 0.40833281250000003 0.48125 0.4375 0.490625 0.46875 0.5234375 0.5020828125000001 0.5515625 0.50625
0 0.2140625 0.6666671875 0.228125 0.5854171874999999 0.209375 0.5583328125 0.165625 0.5583328125 0.1265625 0.5375 0.10625 0.5395828125000001 0.09375 0.55625 0.0796875 0.65 0.0765625 0.7041671875 0.13125 0.6625 0.1875 0.65625 0.2140625 0.6666671875
0 0.4515625 0.625 0.5125 0.6208328125 0.5453125 0.5625 0.5421875 0.5125 0.509375 0.49375 0.48125 0.4583328125 0.465625 0.4625 0.4828125 0.50625 0.4859375 0.54375 0.4765625 0.5791671875 0.4515625 0.625
1 0.375 0.63125 0.384375 0.6375 0.4078125 0.6395828125 0.440625 0.6270828125000001 0.471875 0.5895828125 0.4828125 0.5541671874999999 0.4828125 0.5125 0.475 0.4875 0.4578125 0.45625 0.4375 0.4375 0.3828125 0.4375 0.346875 0.47083281250000003 0.33125 0.5083328125000001 0.328125 0.5291671874999999 0.3578125 0.5625 0.3734375 0.60625 0.375 0.63125
1 0.4375 0.43541718749999997 0.4625 0.45625 0.4796875 0.4125 0.478125 0.3708328125 0.46875 0.3479171875 0.4421875 0.31875 0.4078125 0.3145828125 0.378125 0.3416671875 0.3375 0.4270828125 0.3375 0.44583281250000006 0.3484375 0.4625 0.39375 0.43125 0.4375 0.43541718749999997
1 0.70625 0.7041671875 0.728125 0.6916671875 0.75 0.64375 0.75 0.6145828125 0.740625 0.5875 0.70625 0.5541671874999999 0.6796875 0.5520828125 0.659375 0.5625 0.634375 0.60625 0.6375 0.65625 0.6484375 0.6875 0.665625 0.7041671875 0.70625 0.7041671875
1 0.56875 0.8875 0.5625 0.8083328125 0.53125 0.7645828125 0.5125 0.7583328125000001 0.4890625 0.7625 0.459375 0.7916671875 0.43125 0.85 0.421875 0.8895828124999999 0.4203125 0.9104171875 0.43125 0.925 0.5421875 0.93125 0.56875 0.8875
1 0.7046875 0.9083328125 0.7109375 0.875 0.7046875 0.8395828125 0.690625 0.8166671875 0.6734375 0.85625 0.653125 0.8770828125 0.6328125 0.8875 0.5796875 0.8770828125 0.571875 0.8895828124999999 0.5703125 0.9208328124999999 0.5875 0.9354171875 0.6828125 0.9416671875 0.7046875 0.9083328125
