2 0.42876250000000005 0.75464375 0.4427078125 0.745625 0.4549671875 0.728153125 0.43765312500000003 0.7202640625 0.42500937499999997 0.710753125 0.4043859375 0.6901078125 0.3932171875 0.6745203125 0.3916515625 0.67436875 0.388490625 0.6719921875 0.3869546875 0.673915625 0.3841203125 0.6943703125 0.37508125 0.7183703125 0.37667656250000003 0.7205984375 0.3845046875 0.721353125 0.3876078125 0.7195796875 0.3986265625 0.7247890625 0.424065625 0.754190625 0.42876250000000005 0.75464375
2 0.230040625 0.5261140625 0.2457875 0.533853125 0.26144531249999997 0.5353640625 0.284784375 0.5272515624999999 0.2941796875 0.528159375 0.30348593749999997 0.5228390625 0.30951093749999997 0.5068390625 0.32626093749999996 0.47529062499999997 0.3261421875 0.4669875 0.3181046875 0.451703125 0.313140625 0.43256875 0.30040625 0.41683125 0.287790625 0.40939531249999994 0.286225 0.40924375 0.2705078125 0.40358124999999995 0.23449375 0.4001046875 0.225159375 0.40335 0.21585312499999998 0.40867031249999997 0.20660625000000002 0.41814062500000004 0.1975375 0.44006718749999996 0.19641718749999998 0.47104999999999997 0.20300625 0.49448593750000003 0.21577031249999998 0.5123 0.230040625 0.5261140625
2 0.551378125 0.9094984374999999 0.56095 0.922859375 0.5815734375 0.9435046874999999 0.5925921875 0.9487140625 0.6098171875 0.9503765625 0.6269515625000001 0.9458109374999999 0.645534375 0.9330953125000001 0.6654734375 0.9060015625 0.6743640625 0.871621875 0.6723234375 0.8382609375 0.6659125 0.827278125 0.6610078125000001 0.8122953125000001 0.6450828125 0.792103125 0.6324375 0.7825921874999999 0.630871875 0.782440625 0.6167796875 0.78108125 0.605878125 0.7841750000000001 0.5964828125 0.7832671875 0.5856109375 0.7884375 0.564015625 0.8091531249999999 0.5502203125 0.8285484375 0.5443140625 0.8528515625 0.54629375 0.8820625 0.549575 0.8927421875 0.551378125 0.9094984374999999
2 0.3199875 0.8021828125000001 0.32580468749999997 0.771653125 0.3333375 0.7516515625 0.3332484375 0.745425 0.316025 0.7437625 0.28453125 0.7282859375 0.2829953125 0.7302109375 0.28801875 0.753496875 0.288434375 0.7825546875 0.274934375 0.8227078125 0.2688203125 0.8324812500000001 0.2688796875 0.8366328125000001 0.2799578125 0.8459921874999999 0.29254375 0.8513531249999999 0.317596875 0.853771875 0.31913281250000003 0.851846875 0.3199875 0.8021828125000001
3 0.6617 0.5325390624999999 0.62066875 0.615634375 0.61171875 0.6458625 0.6104796875 0.66854375 0.6170093750000001 0.687828125 0.61568125 0.7042828125 0.609596875 0.71613125 0.603659375 0.738359375 0.589834375 0.7556796875 0.5900125 0.768134375 0.5963937500000001 0.7770406249999999 0.607384375 0.7801750000000001 0.62451875 0.7756093749999999 0.6323484374999999 0.7763656250000001 0.638521875 0.7707437500000001 0.6411796875 0.737834375 0.64566875 0.723759375 0.651784375 0.7139859375000001 0.6688890625 0.7073453125 0.6765703125 0.6977234375 0.6976015624999999 0.63756875 0.71739375 0.600096875 0.7510703125 0.5494546875 0.7833296875 0.509040625 0.79106875 0.50356875 0.8218515625 0.46923125 0.8463109375 0.43013593749999995 0.8598984375000001 0.39621093749999997 0.85975 0.3858328125 0.8533687499999999 0.376925 0.851803125 0.3767734375 0.8251843750000001 0.3742046875 0.8236484374999999 0.37612968750000003 0.806453125 0.3765421875 0.776940625 0.3902765625 0.7583875 0.4050671875 0.73679375 0.425784375 0.7045343749999999 0.4661984375 0.6785687499999999 0.50929375 0.6739296875 0.5129921875 0.6617 0.5325390624999999
3 0.4925625 0.5141421875 0.49226562500000004 0.4933859375 0.495309375 0.4874609375 0.47651875 0.48564687500000003 0.46706562500000004 0.4805890625 0.4654984375 0.4804375 0.45607499999999995 0.47745625 0.4529734375 0.4792296875 0.43914687499999994 0.49654999999999994 0.4252328125 0.50764375 0.4273921875 0.5493078125 0.42585625 0.5512312500000001 0.43058281249999997 0.5537609375 0.43991875 0.550515625 0.46656718750000004 0.5551609375 0.4925625 0.5141421875
3 0.322265625 0.8521484375 0.333640625 0.8822656249999999 0.3400234375 0.8911734375 0.3511015625 0.9005328125000001 0.36998125000000004 0.9085734375 0.379375 0.9094796875 0.3887109375 0.9062359375 0.396540625 0.906990625 0.40584687500000005 0.9016718750000001 0.42277343749999996 0.8825765625 0.434825 0.8505765625 0.437690625 0.832196875 0.43712656250000004 0.7927609375 0.43378750000000005 0.7779296875 0.4289109375 0.765021875 0.4018484375 0.73131875 0.40028125000000003 0.7311671875 0.3923640625 0.724184375 0.381403125 0.7231265625 0.3596296875 0.7313890625 0.342584375 0.74218125 0.33490312499999997 0.751803125 0.328878125 0.767803125 0.3244765625 0.78810625 0.3245953125 0.796409375 0.3215828125 0.804409375 0.322265625 0.8521484375
3 0.4895203125 0.520065625 0.4925625 0.5141421875 0.49226562500000004 0.4933859375 0.49527968749999995 0.48538437500000003 0.47965156249999996 0.48595 0.46863124999999994 0.480740625 0.46706562500000004 0.4805890625 0.45450937500000005 0.47730468750000005 0.44068281249999997 0.494625 0.4252328125 0.50764375 0.4273625 0.5472312500000001 0.42588593750000003 0.5533078125 0.43058281249999997 0.5537609375 0.438353125 0.550365625 0.4650015625 0.555009375 0.468103125 0.5532359375 0.4895203125 0.520065625
3 0.33713906250000003 0.5799796875000001 0.3260296875 0.5685421875000001 0.315009375 0.5633343749999999 0.31022343750000003 0.556653125 0.3053484375 0.543746875 0.305140625 0.5292171875 0.272346875 0.5322703125 0.261475 0.5374390625000001 0.2442515625 0.5357765624999999 0.2285046875 0.5280390625 0.228534375 0.5301140625 0.23184375 0.5428703125000001 0.23665937499999998 0.5516265625 0.2542109375 0.5761203125 0.2684515625 0.5878593750000001 0.2762796875 0.5886140625 0.290253125 0.581671875 0.30588125 0.5811078125 0.30741874999999996 0.5791828125 0.33716875 0.5820546875 0.33713906250000003 0.5799796875000001
3 0.588640625 0.562796875 0.5798390625 0.603403125 0.577746875 0.6757484375 0.5911921875 0.7413015625 0.5959187499999999 0.74383125 0.6005578125000001 0.7401328125 0.6049875 0.72190625 0.61405625 0.6999796875000001 0.6138484375 0.6854515625000001 0.6089734375 0.67254375 0.6086765625 0.6517875 0.6160609375 0.6214078125 0.6555265625 0.5381609375 0.698359375 0.471821875 0.699778125 0.46159375 0.6965265625 0.45298906250000004 0.6853890625 0.43947812500000005 0.6838515625 0.4414015625 0.6792140625 0.44509999999999994 0.674725 0.4591765625 0.6655968750000001 0.47695 0.6563796875000001 0.48849687499999994 0.6440015625 0.49766562499999994 0.6346359374999999 0.4988359375 0.622228125 0.505928125 0.609909375 0.5192484375 0.5946671875 0.546796875 0.588640625 0.562796875
3 0.4745609375 0.34865625 0.4869390625 0.3394859375 0.499703125 0.3573 0.5075624999999999 0.36013125 0.518375 0.35081093750000003 0.5213875 0.3428109375 0.522715625 0.3263578125 0.52103125 0.317903125 0.5178109375 0.311375 0.5020640625 0.3036359375 0.4972765625 0.29695625 0.4955625 0.2864265625 0.4811140625 0.260159375 0.473196875 0.2531765625 0.46377187500000006 0.25019375 0.447965625 0.23830468749999997 0.42432968750000005 0.225659375 0.40391562499999994 0.21954375 0.38955625 0.199503125 0.38305625 0.18229375 0.3734828125 0.1689328125 0.3290171875 0.1211125 0.28145 0.0750671875 0.2372796875 0.048003125 0.2357140625 0.0478515625 0.226290625 0.044870312499999995 0.21701406250000002 0.052265625 0.2156265625 0.06456875 0.2221265625 0.08177812500000001 0.24939843750000001 0.13001093749999998 0.287659375 0.181378125 0.3686140625 0.2658828125 0.44785312499999996 0.33985937499999996 0.46046875 0.3472953125 0.4745609375 0.34865625
4 0.4227046875 0.22135781250000003 0.43532031250000003 0.22879375 0.46193906250000005 0.2313625 0.479015625 0.222646875 0.485159375 0.2149484375 0.4954078125 0.16619062499999998 0.4952 0.1516609375 0.4854796875 0.1279234375 0.47277500000000006 0.11426093749999999 0.4601296875 0.1047484375 0.4444125 0.0990859375 0.4334515625 0.098028125 0.43185624999999994 0.0958015625 0.43029062500000004 0.09565 0.406803125 0.0933828125 0.3959015625 0.0964765625 0.386625 0.1038734375 0.38517812500000004 0.11202343749999999 0.37605 0.1297984375 0.378090625 0.163159375 0.38949687499999996 0.19535156250000002 0.4006953125 0.21301406250000002 0.41174375 0.2203 0.4227046875 0.22135781250000003
5 0.7485375000000001 0.7005234375 0.752909375 0.6781453125 0.752315625 0.63663125 0.75063125 0.628178125 0.7425359375 0.6087421875000001 0.736153125 0.599834375 0.7266703125 0.5927015625000001 0.7251328125 0.5946265625 0.7128734375 0.612096875 0.6991968749999999 0.639796875 0.69925625 0.6439468749999999 0.6886515625 0.667796875 0.6872640624999999 0.6801 0.7123171875 0.6825171875 0.7280640625 0.69025625 0.742334375 0.7040703125000001 0.745465625 0.704371875 0.7485375000000001 0.7005234375
5 0.155784375 0.80084375 0.168578125 0.820734375 0.1780921875 0.82994375 0.19386874999999998 0.83975625 0.20958593749999999 0.84541875 0.23466874999999998 0.8499125 0.257978125 0.8397265624999999 0.270296875 0.82640625 0.2839140625 0.7945562500000001 0.28683749999999997 0.780328125 0.2865125 0.757496875 0.2814875 0.7342109375 0.2782671875 0.7276812500000001 0.2623125 0.7054140624999999 0.24015468750000002 0.68669375 0.23386093749999998 0.6840140625 0.23229531250000002 0.6838625 0.2166078125 0.680275 0.21507187499999997 0.6822 0.1994140625 0.6806890625 0.1761046875 0.690875 0.16839375 0.698421875 0.156134375 0.71589375 0.14709531250000002 0.7398953125000001 0.14597500000000002 0.7708781250000001 0.1476890625 0.7814078125 0.155784375 0.80084375
5 0.23594218749999998 0.391953125 0.2406984375 0.3965578125 0.2594875 0.398371875 0.2610828125 0.40059843749999996 0.283034375 0.40479062499999996 0.2956203125 0.41014999999999996 0.3114859375 0.426190625 0.3193453125 0.429021875 0.32551874999999997 0.4234 0.3254296875 0.41717343749999997 0.3063140625 0.392528125 0.2965328125 0.3646375 0.296296875 0.3480328125 0.29925 0.33588125 0.29910156250000003 0.325503125 0.31271875 0.29365312499999996 0.29064999999999996 0.281159375 0.289084375 0.2810078125 0.2718890625 0.2814203125 0.2563203125 0.2861359375 0.245478125 0.29338125000000004 0.2378265625 0.30507968750000003 0.233278125 0.3150046875 0.230384375 0.3313078125 0.2291734375 0.3560640625 0.23076875000000002 0.35829062500000003 0.23269062499999998 0.38334843749999997 0.23594218749999998 0.391953125
5 0.7320359375 0.4211796875 0.7193609375000001 0.40959218750000004 0.7081937500000001 0.3940046875 0.7001265625 0.37664375 0.6984421875 0.368190625 0.6936265625 0.35943437500000003 0.691675 0.3323 0.6901390625 0.334225 0.682428125 0.341771875 0.6720015625 0.378075 0.672328125 0.4009078125 0.6756671875 0.4157390625 0.6821078125 0.428796875 0.6932765625 0.444384375 0.7043859375 0.45582031250000005 0.7106484375 0.456425 0.733690625 0.4275578125 0.7320359375 0.4211796875
5 0.5043078125 0.78888125 0.51689375 0.794240625 0.5326703125 0.8040546875000001 0.5358609375000001 0.8085078125 0.55931875 0.8087 0.5824499999999999 0.786059375 0.5868796875 0.76783125 0.586703125 0.755378125 0.5897453125000001 0.7494531249999999 0.5896265625 0.74115 0.579696875 0.7028828125000001 0.566934375 0.68506875 0.547965625 0.6708015625 0.529146875 0.6669125 0.5166796875 0.6698546875 0.516709375 0.6719296875 0.5152921874999999 0.68215625 0.509146875 0.6898546875 0.5092359375 0.69608125 0.496946875 0.711478125 0.4783359375 0.72211875 0.4737265625 0.7278921875 0.47570781249999994 0.7571015625 0.48702500000000004 0.7830671875 0.49491250000000003 0.7879734375 0.5043078125 0.78888125
1 0.317453125 0.4060390625 0.33331875 0.42207968749999997 0.35069062500000003 0.4341203125 0.369509375 0.43800937500000003 0.3882109375 0.43359531249999994 0.4083 0.4168796875 0.41899375 0.39925781250000003 0.42478125 0.36665156250000003 0.42463281249999996 0.35627343749999996 0.41151406250000006 0.3135515625 0.3955890625 0.293359375 0.3876703125 0.2863765625 0.375084375 0.2810171875 0.37351875 0.280865625 0.3594265625 0.27950624999999996 0.357890625 0.2814296875 0.3391296875 0.28169218749999997 0.3174171875 0.29410625 0.30669375 0.309653125 0.3021734375 0.321653125 0.2979515625 0.3544109375 0.301409375 0.3775453125 0.309475 0.3949046875 0.317453125 0.4060390625
1 0.5030187500000001 0.47991406249999996 0.5169625 0.4708953125 0.5338015625 0.445575 0.541275 0.4214234375 0.5410078125 0.4027421875 0.5360140624999999 0.38153281250000004 0.5295421874999999 0.3663984375 0.5215953125 0.357340625 0.516896875 0.35688749999999997 0.5107234375 0.362509375 0.501328125 0.36160312499999997 0.487028125 0.3457125 0.48233125 0.34525937500000003 0.4730546875 0.35265625 0.46209375 0.35159843749999997 0.449478125 0.34416250000000004 0.4479125 0.3440109375 0.44014375 0.34740625 0.4309265625 0.358953125 0.42646562499999996 0.37510468750000003 0.42386875 0.41216406250000004 0.428921875 0.43752500000000005 0.432171875 0.44612968750000004 0.452884375 0.47300156250000003 0.473328125 0.48119375 0.4905515625 0.48285625000000004 0.5030187500000001 0.47991406249999996
1 0.5683015625000001 0.34319375 0.5686875 0.37017656250000003 0.5784687500000001 0.39806718750000003 0.6194468750000001 0.4206765625 0.647453125 0.41094375000000005 0.6686921875 0.36531875 0.66620625 0.30082343749999996 0.6376359375 0.2711203125 0.6125234374999999 0.2645515625 0.5970140625 0.2734171875 0.5818609375 0.3071921875 0.5683015625000001 0.34319375
1 0.5868671875 0.5481171875 0.63298125 0.4924578125 0.6339546875 0.4510953125 0.6179109375 0.42260156249999997 0.602103125 0.4107125 0.5661203125000001 0.4093109375 0.5432265625 0.4485578125 0.5422234375 0.48784375 0.564709375 0.5293953124999999 0.5868671875 0.5481171875
1 0.337103125 0.4680453125 0.30965937499999996 0.5172171875 0.308509375 0.546125 0.3165453125 0.561409375 0.3733890625 0.6000593750000001 0.382725 0.596815625 0.404171875 0.5657203125 0.421246875 0.5570046875 0.4257671875 0.5450046875 0.41879218749999997 0.49458437499999997 0.399646875 0.4678640625 0.3822734375 0.4558234375 0.36191874999999996 0.45385937500000006 0.337103125 0.4680453125
1 0.26709218749999997 0.6022375 0.253534375 0.6382390625000001 0.2590328125 0.694734375 0.28133906249999996 0.7238328125 0.3159953125 0.7416875 0.3378875 0.7417265625 0.3642390625 0.725615625 0.375021875 0.7142203125 0.38541875000000003 0.675840625 0.373596875 0.6145890625 0.343490625 0.5868109375 0.3090140625 0.581409375 0.2809484375 0.5869921875 0.26709218749999997 0.6022375
1 0.6481250000000001 0.7861796875 0.676784375 0.8221093749999999 0.7161375 0.8404171874999999 0.7270390625 0.8373234374999999 0.7470078124999999 0.8123046875 0.7570796875 0.75109375 0.74715 0.7128265625 0.734415625 0.6970875000000001 0.709215625 0.684290625 0.6857875 0.686175 0.64729375 0.7280609375 0.6481250000000001 0.7861796875
1 0.7024015625 1.0 0.7119500000000001 0.98510625 0.7141031250000001 0.9169124999999999 0.690053125 0.8752093750000001 0.6774375 0.8677734375 0.6685765625 0.904228125 0.648665625 0.9333984375 0.620778125 0.951434375 0.5816328125 0.94765625 0.5802140625 0.9578828125 0.5946328125 0.982075 0.633265625 1.0 0.7024015625 1.0
1 0.44298125 0.8741640625 0.447975 0.8953734375 0.47034062499999996 0.9286234375 0.51586875 0.941309375 0.5451734375 0.9130453125000001 0.5409437500000001 0.8359453125 0.5343843749999999 0.8145843749999999 0.516953125 0.7983921875 0.4840109375 0.7910671875 0.468471875 0.797859375 0.4456375 0.84125625 0.44298125 0.8741640625
1 0.292446875 0.1880578125 0.2861234375 0.18330156250000001 0.27073281250000003 0.200471875 0.26975937499999997 0.2418328125 0.2921859375 0.27923437500000003 0.31892343749999996 0.29010625 0.3655703125 0.27180781249999997 0.292446875 0.1880578125
0 0.25593125 0.6965078124999999 0.250521875 0.6462390625000001 0.2700765625 0.5921609375 0.23858125000000002 0.5766843749999999 0.21048593750000003 0.5801921875 0.1827171875 0.6065296874999999 0.1737375 0.6346828125 0.176015625 0.6846484375 0.22597343749999999 0.67910625 0.25593125 0.6965078124999999
0 0.3813671875 0.61119375 0.38015781249999997 0.63595 0.3884015625 0.6657640625 0.4407859375 0.7205671875 0.4705953125 0.7275890625 0.5122484375 0.68808125 0.514728125 0.6427203125000001 0.5080203125 0.61098125 0.48715937499999995 0.57373125 0.46819218749999997 0.5594640625 0.4337140625 0.5540625 0.40576718749999996 0.5679484375 0.3813671875 0.61119375
0 0.50630625 0.6004515625 0.519721875 0.6639296875 0.5526046874999999 0.667103125 0.5680546875 0.6540843749999999 0.57709375 0.630084375 0.58556875 0.566646875 0.5631734374999999 0.5313203125 0.5410437499999999 0.514675 0.512859375 0.5119546875000001 0.49418749999999995 0.51844375 0.47120468750000005 0.5514625 0.50630625 0.6004515625
0 0.6960453125 0.309921875 0.6968171875 0.36388750000000003 0.7129796875000001 0.40068593750000003 0.7320359375 0.4211796875 0.773809375 0.3899734375 0.8126578125 0.3729953125 0.818653125 0.3549203125 0.8181796875 0.321709375 0.8067734375000001 0.2895171875 0.762575 0.260378125 0.7251140625 0.265053125 0.705084375 0.2859203125 0.6960453125 0.309921875
0 0.5005203125000001 0.195703125 0.466725 0.2380421875 0.46838125 0.24442031250000001 0.481084375 0.2580828125 0.5246078125 0.349340625 0.5465 0.34937968750000004 0.5589078125 0.34228749999999997 0.578759375 0.308965625 0.584546875 0.276359375 0.5807921875 0.2324703125 0.5648078125 0.2081265625 0.539546875 0.1911796875 0.5005203125000001 0.195703125
