3 0.48985625 0.76028125 0.5345609375 0.749934375 0.54495625 0.7511734375 0.5509828125 0.7550265625 0.567403125 0.7601171875 0.609190625 0.7619625 0.6346609375 0.7571609375 0.6691828125 0.742465625 0.6755234375 0.7416546875 0.6864421875 0.73511875 0.692784375 0.73430625 0.6929937500000001 0.731196875 0.7174343750000001 0.7105984375000001 0.731165625 0.693425 0.7551015624999999 0.64925625 0.7631218750000001 0.623565625 0.753565625 0.6098874999999999 0.7484828125 0.592040625 0.7496375 0.5749359375 0.7476640625 0.573134375 0.749846875 0.5718265625 0.752975 0.5565249999999999 0.7575515625 0.5508015625 0.7580765625 0.5430265624999999 0.7454125 0.5133046875 0.721725 0.49167187500000004 0.7141437500000001 0.479796875 0.6923250000000001 0.4615234375 0.6742453125 0.4499640625 0.6616671875 0.45003281250000005 0.655115625 0.4539546875 0.652721875 0.45837031250000004 0.649384375 0.47678281250000004 0.6472 0.47808906249999994 0.6539421875 0.5024046875 0.6542390625000001 0.5290843749999999 0.6591109375 0.5500421875 0.6583765625 0.5609265625 0.6622203125 0.5660859375 0.6614859375 0.5769703125000001 0.649203125 0.6037203124999999 0.6486796874999999 0.6114953125 0.6297406249999999 0.643721875 0.6253734375 0.6463359375 0.6251640625 0.6494453124999999 0.6138250000000001 0.6622015625000001 0.5832531249999999 0.6805015625 0.54020625 0.697315625 0.5268937499999999 0.70826875 0.5265796875000001 0.7129328125 0.51981875 0.7199640625 0.5197140625000001 0.72151875 0.498190625 0.7299265625 0.47895625 0.735471875 0.47479843749999995 0.734975 0.47043125 0.7375906249999999 0.46627343750000005 0.7370953124999999 0.45972187499999995 0.741015625 0.4604375 0.761478125 0.4643859375 0.7650828125 0.4790421875 0.7652625 0.48985625 0.76028125
3 0.72471875 0.35409687500000003 0.7136953125 0.3621875 0.704540625 0.3736359375 0.70433125 0.376746875 0.6952812500000001 0.3866390625 0.69475625 0.3944140625 0.6925734375 0.395721875 0.694546875 0.39752343749999997 0.6939171875000001 0.40685312500000004 0.699315625 0.42003593749999996 0.7129234375 0.4357640625 0.7203140625 0.419403125 0.7490171875 0.3977453125 0.774696875 0.389834375 0.7729328125 0.38492187499999997 0.7508 0.3713125 0.7429046875 0.36410156250000003 0.72471875 0.35409687500000003
3 0.8798328124999999 0.6641203124999999 0.89761875 0.648996875 0.9045890625 0.63885625 0.9200843750000001 0.6265968749999999 0.9205046875 0.6203765625 0.9152125 0.6056390625 0.8966265625000001 0.570509375 0.895071875 0.5624859375 0.8819874999999999 0.538984375 0.874196875 0.53021875 0.8579859375 0.5220171875 0.843434375 0.5202828125 0.7970703125 0.5241625 0.7663921874999999 0.5440171874999999 0.754634375 0.5629921875 0.7545296875 0.564546875 0.7511921874999999 0.582959375 0.7531656250000001 0.5847609375 0.7541953125 0.6005578125000001 0.7614625 0.6170984374999999 0.8007312499999999 0.6562609375 0.8272328124999999 0.66725625 0.848021875 0.6697328125 0.8684953125 0.676875 0.875046875 0.672953125 0.8798328124999999 0.6641203124999999
3 0.9608984375 0.51860625 0.9716078125 0.51518125 0.965790625 0.5082171875 0.949684375 0.4984609375 0.92058125 0.49499375 0.895109375 0.49979531250000003 0.8864796875 0.50346875 0.8463515625 0.508090625 0.8122515625 0.5165671875 0.8057000000000001 0.5204890625 0.8077781249999999 0.5207359375 0.8350140625 0.5208468749999999 0.8456171875 0.518975 0.866196875 0.5245625 0.8782500000000001 0.53226875 0.8955968750000001 0.5547125 0.90433125 0.5494828125 0.9180624999999999 0.5323109374999999 0.92898125 0.525775 0.9546625000000001 0.5178640624999999 0.9608984375 0.51860625
3 0.7739453125 0.773759375 0.7621015625 0.76294375 0.753890625 0.760396875 0.74994375 0.7567921875 0.723546875 0.7442421875 0.69246875 0.7389718750000001 0.681865625 0.7408421875 0.6602375 0.7508046875 0.63881875 0.7576562499999999 0.6320578125 0.7646875 0.62695625 0.7781859375 0.6268515625 0.779740625 0.6280921875 0.792428125 0.643359375 0.8146234375000001 0.6786796875000001 0.85018125 0.68241875 0.856896875 0.6905249999999999 0.860996875 0.6947875 0.8599375 0.7323296874999999 0.8314953125000001 0.7663453125 0.7932296875 0.7735265625000001 0.779978125 0.7739453125 0.773759375
3 0.531309375 0.7981359375 0.5159374999999999 0.7774953124999999 0.517196875 0.7588375 0.506696875 0.759153125 0.468228125 0.77024375 0.46407031249999997 0.7697484375 0.45627968750000003 0.7609828125 0.45545937500000006 0.742075 0.4577484375 0.7392140625 0.470746875 0.732925 0.4962171875 0.7281234375000001 0.50703125 0.7231421874999999 0.5052671875 0.7182296874999999 0.49134374999999997 0.7071671875 0.48313281249999995 0.7046203125 0.4636890625 0.713275 0.447878125 0.7302 0.44059375 0.74500625 0.4404875 0.7465609375 0.43933437499999994 0.763665625 0.44452187500000007 0.7799578125 0.45012968750000004 0.7900296875 0.45999999999999996 0.7990437499999999 0.4721578125 0.8051937499999999 0.488578125 0.8102859375 0.5114468750000001 0.8130109375 0.524234375 0.8098328125 0.5307859374999999 0.8059109375 0.531309375 0.7981359375
3 0.5077734375 0.5257375 0.526484375 0.5279671875 0.55424375 0.5203031250000001 0.579084375 0.52483125 0.60258125 0.5182265625 0.6461328125 0.5249843750000001 0.6503953124999999 0.523925 0.6513390625000001 0.50993125 0.6478109375 0.50010625 0.60218125 0.4931015625 0.5783890625 0.47302343750000003 0.568309375 0.46712031249999997 0.5518875000000001 0.4620296875 0.5207046875 0.4583125 0.48286562499999997 0.4600734375 0.45510624999999993 0.4677375 0.4179828125 0.48995937500000003 0.395725 0.50925 0.38428125 0.5235609375 0.37439374999999997 0.5458937500000001 0.3742875 0.5474484375 0.37334375 0.5614421875 0.3784265625 0.579290625 0.3895359375 0.600990625 0.3933796875 0.60615 0.3995109375 0.6084484375 0.4109546875 0.5941375 0.43715937499999996 0.5784515625 0.4539140625 0.5475328125 0.48230312499999994 0.5305390625 0.5077734375 0.5257375
3 0.7127984374999999 0.46866562500000003 0.710825 0.46686249999999996 0.71084375 0.4355171875 0.6972359375 0.41978906250000003 0.6934984375 0.41307343750000003 0.6903890625 0.397028125 0.6807296875 0.38490625 0.6744921875000001 0.3841625 0.6595203125 0.3886484375 0.6528640625000001 0.394125 0.659396875 0.4215484375 0.6461890625 0.43094687499999995 0.6415078125 0.43822656249999997 0.641403125 0.43978124999999996 0.6392187500000001 0.44108749999999997 0.6378546875 0.4613015625 0.643253125 0.474484375 0.64533125 0.47473124999999994 0.647725 0.470315625 0.650853125 0.4550140625 0.6640609375000001 0.445615625 0.6744546875 0.4468546875 0.7123796875 0.47488437499999997 0.7127984374999999 0.46866562500000003
4 0.6161703125 0.5653015625 0.6111921875 0.5458984375 0.5993484375 0.5350828125 0.5871906250000001 0.5289328125 0.5707687499999999 0.523840625 0.549875 0.52291875 0.5392718750000001 0.5247890625 0.5262734375 0.531078125 0.5123328125 0.551359375 0.5086796875 0.5744359375 0.5064968750000001 0.5757421875000001 0.5063921875 0.5772984375 0.5052375 0.5944015625 0.5127140625 0.60783125 0.5186359375 0.6132390625 0.536821875 0.62324375 0.54929375 0.6247296875 0.5822609375 0.6020125000000001 0.607940625 0.5941015625 0.6126234375 0.5868218749999999 0.6139875 0.5666078125 0.6161703125 0.5653015625
5 0.6530750000000001 0.3910140625 0.661809375 0.3857859375 0.674596875 0.3826078125 0.680834375 0.38334999999999997 0.690703125 0.3923640625 0.70714375 0.366109375 0.7205609374999999 0.3536015625 0.7186921875000001 0.35024375 0.684609375 0.32737343750000003 0.6563453124999999 0.3114671875 0.6520828125 0.3125265625 0.64500625 0.324221875 0.6395906250000001 0.3423859375 0.6308546875000001 0.34761406250000004 0.63075 0.34916874999999997 0.6133859375 0.358071875 0.600596875 0.36124999999999996 0.5962296874999999 0.3638640625 0.5959156250000001 0.36852968750000004 0.601628125 0.377046875 0.621471875 0.39351875000000003 0.635709375 0.3999171875 0.652340625 0.4018984375 0.6507859375 0.39387656249999997 0.6530750000000001 0.3910140625
5 0.6386203125 0.915940625 0.6545359375 0.8974609375 0.6610859375 0.8935390625 0.6725296875 0.8792296875 0.6729499999999999 0.873009375 0.6569484375 0.8616984375 0.6325265625000001 0.8509515625 0.5952109375 0.8449375 0.5741078125 0.8471234375 0.552690625 0.8539765625 0.535115625 0.8659890625 0.52585625 0.8789921875 0.52575 0.880546875 0.5207531249999999 0.892490625 0.5191796875 0.9158140625 0.5224984375 0.9287484375 0.5415046875 0.9576593750000001 0.5494 0.9648703125000001 0.5614546875 0.9725765624999999 0.5759015625 0.975865625 0.5892140625 0.9649125 0.614178125 0.9365390625 0.6386203125 0.915940625
5 0.4164 0.6998031250000001 0.42345625 0.719453125 0.4351953125 0.7318234375 0.43727499999999997 0.732071875 0.441221875 0.7356765625 0.44340624999999995 0.7343703125000001 0.4616109375 0.713028125 0.485421875 0.701759375 0.48563124999999996 0.6986484374999999 0.4779453125 0.688328125 0.450815625 0.6866625 0.42452500000000004 0.6725578125 0.41776406250000003 0.6795890625000001 0.4164 0.6998031250000001
1 0.48033906249999997 0.6839109375 0.47899531250000005 0.6727796875000001 0.481178125 0.671471875 0.481703125 0.6636984375 0.4886734375 0.6535562500000001 0.5084328124999999 0.6402375 0.5255875 0.63444375 0.5297453125 0.634940625 0.5341125 0.632325 0.534428125 0.6276609375 0.5286109375 0.6206984375 0.5164515625 0.614546875 0.5105296874999999 0.6091390624999999 0.5012890624999999 0.590796875 0.48913124999999996 0.5846453125 0.47665781249999994 0.5831593749999999 0.474684375 0.58135625 0.4496328125 0.5799390625 0.43695000000000006 0.5815625 0.4174015625 0.591771875 0.4061671875 0.6029718749999999 0.4060625 0.6045265625 0.39909218750000003 0.61466875 0.3979375 0.631771875 0.40686406249999996 0.6547796875 0.42462968749999996 0.671003125 0.4287875 0.6714984375 0.4387625 0.6789562499999999 0.453 0.68535625 0.4675515625 0.687090625 0.47597187500000004 0.6865265625 0.48033906249999997 0.6839109375
0 0.5773109375 0.36474531250000003 0.6199359375 0.35415 0.637615625 0.3405828125 0.647609375 0.3166953125 0.6383703125 0.298353125 0.5578375 0.2495703125 0.53268125 0.2497078125 0.5111578125 0.2581140625 0.48816718750000004 0.288290625 0.495834375 0.32995625 0.5379171875 0.3584828125 0.5773109375 0.36474531250000003
0 0.6472296875 0.6019187500000001 0.6013890625 0.5980234375 0.5646859375 0.614025 0.5413796875 0.648865625 0.5496765625 0.681203125 0.5555984375 0.6866109375 0.56828125 0.6849875 0.6117468749999999 0.6619531249999999 0.6472296875 0.6019187500000001
0 0.47456875 0.42773593749999994 0.4355765625 0.4466015625 0.4272421875 0.47695625 0.4311890625 0.48056093750000006 0.468103125 0.4614484375 0.54378125 0.457928125 0.5138578125000001 0.43555312500000004 0.47456875 0.42773593749999994
1 0.59075625 0.47606562500000005 0.6087515625 0.45783281249999996 0.6346421875 0.44681249999999995 0.6447406250000001 0.4213703125 0.6355000000000001 0.4030265625 0.6192875 0.394825 0.559525 0.37986718750000004 0.5269796875 0.3963640625 0.5207234374999999 0.4269671875 0.5458609375 0.4581765625 0.5825453125 0.47351875000000004 0.59075625 0.47606562500000005
1 0.919340625 0.48230625 0.7929875 0.3982828125 0.7596203125 0.39587500000000003 0.7222875 0.42120625 0.7133234374999999 0.46089062500000005 0.72785625 0.4939703125 0.7539374999999999 0.5111859375 0.7953046875 0.51925 0.90155625 0.497428125 0.919340625 0.48230625
1 0.8601796875 0.675884375 0.7963640625 0.658875 0.7616343750000001 0.6766796875 0.7479015625 0.693853125 0.744459375 0.71381875 0.7514109375 0.7350234375 0.7767578125 0.7631218750000001 0.791415625 0.7633015624999999 0.8639171875 0.6826 0.8601796875 0.675884375
1 0.5848171875 0.8436984375 0.650834375 0.8280546875000001 0.6248781250000001 0.7779390625 0.6281109375 0.7610828125 0.5943234375 0.7648937499999999 0.5343515625 0.75304375 0.521459375 0.757778125 0.5181218750000001 0.7761890625000001 0.5333890625000001 0.798384375 0.53441875 0.8141812500000001 0.5641328125 0.839665625 0.5848171875 0.8436984375
1 0.9027578125 0.5728078125 0.9192656250000001 0.6076890625 0.93131875 0.6153953125 0.99164375 0.5598875 0.9929890625000001 0.539953125 0.9931609375000001 0.5282609375 0.9858453125000001 0.5215796874999999 0.9417703124999999 0.522596875 0.9111968750000001 0.5408968749999999 0.9027578125 0.5728078125
