2 0.177965625 0.96283125 0.18855625 0.9750062500000001 0.3181984375 0.9708921875 0.3245609375 0.96651875 0.3391328125 0.9472906249999999 0.34919218750000003 0.92195 0.3544515625 0.9009328125 0.357159375 0.8591453124999999 0.3529890625 0.8405109375 0.339675 0.813828125 0.32914374999999996 0.7995671875 0.3108 0.7855531250000001 0.2892203125 0.7758125 0.2876578125 0.7758625 0.2533515625 0.774865625 0.24860937500000002 0.7771015625000001 0.20731093750000001 0.8034328125 0.1864328125 0.824946875 0.1749265625 0.8461624999999999 0.164465625 0.8861109375 0.16389375 0.90698125 0.1653984375 0.9090187500000001 0.166215625 0.9360984374999999 0.177965625 0.96283125
2 0.09967812499999999 0.6879984375 0.1210859375 0.704 0.133525 0.705690625 0.14781093750000002 0.696896875 0.1465359375 0.6865109375 0.12107187500000001 0.6477031249999999 0.11244375 0.6208703125 0.1101796875 0.5896656250000001 0.113646875 0.5770453125 0.113934375 0.5666109374999999 0.1123140625 0.568746875 0.102828125 0.57321875 0.09149375 0.5881734375 0.0848453125 0.60298125 0.0846734375 0.6092421875 0.0813203125 0.6176890625 0.0805171875 0.6469046875 0.0832984375 0.659328125 0.0863078125 0.6634015625 0.08619218749999999 0.6675765625000001 0.09967812499999999 0.6879984375
2 0.25206093749999997 0.708184375 0.268196875 0.6889062499999999 0.27774062499999996 0.682346875 0.29983593750000004 0.67330625 0.329628125 0.668190625 0.348084375 0.6780296875 0.3529421875 0.6716203125 0.3580296875 0.6568640625 0.358603125 0.63599375 0.35565 0.6298328125 0.34321250000000003 0.6281421875000001 0.3340125 0.6221796875 0.3199546875 0.622625 0.31382187500000003 0.6186499999999999 0.3075734375 0.6188484375 0.290678125 0.608959375 0.2740125 0.5907218750000001 0.2652140625 0.57015 0.2636515625 0.5702 0.258909375 0.5724359375 0.25867968750000003 0.5807828125000001 0.26285 0.5994171875000001 0.26008437500000003 0.643290625 0.251759375 0.6623218750000001 0.2469015625 0.66873125 0.241815625 0.6834875 0.2413 0.7022703124999999 0.24581406249999999 0.70838125 0.25206093749999997 0.708184375
2 0.17748906250000002 0.6959546875 0.20716562500000002 0.6950125 0.21821406250000003 0.6904921875000001 0.23730156249999998 0.677375 0.25355 0.6539234375 0.26054374999999996 0.6265953125 0.2599546875 0.5911671875 0.2556703125 0.5767078125 0.234490625 0.552359375 0.210071875 0.5322828125 0.1747203125 0.5125546875 0.1731578125 0.5126046875 0.168471875 0.5127531249999999 0.14631875 0.52388125 0.118790625 0.5602015625 0.11688593750000001 0.572771875 0.1117984375 0.5875296875 0.11394843750000001 0.6229078125 0.1255859375 0.653815625 0.14965937499999998 0.6864125 0.15579375 0.6903875 0.17748906250000002 0.6959546875
2 0.2654703125 0.447121875 0.2842125 0.4465265625 0.29057499999999997 0.4421546875 0.3389234375 0.3864078125 0.3406 0.382184375 0.341115625 0.3634015625 0.3385078125 0.34471875 0.3325453125 0.3344828125 0.30483125 0.3207671875 0.3001453125 0.320915625 0.29557500000000003 0.316890625 0.286259375 0.3151 0.28168906250000003 0.311075 0.277003125 0.311225 0.27243125 0.30720000000000003 0.2708703125 0.3072484375 0.26161249999999997 0.30337187499999996 0.252184375 0.30575625 0.2344859375 0.325084375 0.2278953125 0.3378046875 0.2227515625 0.35464843749999997 0.22194843749999998 0.3838640625 0.224671875 0.3983734375 0.23051875000000002 0.41278437500000004 0.24863125 0.4351453125 0.2654703125 0.447121875
3 0.647265625 0.8082359374999999 0.6855546875 0.7778296874999999 0.688678125 0.7777296875 0.703021875 0.76685 0.698565625 0.75865 0.697003125 0.7586999999999999 0.6939375 0.7567125 0.69231875 0.7588484375 0.63765 0.760584375 0.6218578124999999 0.767340625 0.601209375 0.78050625 0.58709375 0.7830390625 0.5854171874999999 0.7872625 0.603875 0.797103125 0.6266734375 0.8193140624999999 0.647265625 0.8082359374999999
3 0.38190625 0.810403125 0.3620171875 0.8527359375 0.35757500000000003 0.900834375 0.352259375 0.9239390625 0.3389609375 0.9535515625000001 0.3369984375 0.968209375 0.338503125 0.970246875 0.4041046875 0.9681656249999999 0.40578125 0.9639421875 0.398315625 0.95166875 0.3854046875 0.9103765625 0.3849296875 0.8707734374999999 0.38655 0.8686375 0.38695 0.8540296875 0.3938859375 0.8287875 0.4086875 0.8012124999999999 0.4232609375 0.7819843750000001 0.4455296875 0.76668125 0.4613203125 0.759925 0.489378125 0.76111875 0.5048265625 0.766884375 0.53080625 0.7869109375 0.540178125 0.7866140625 0.55753125 0.7798078125 0.5809609375 0.7790640625 0.5825796875 0.7769265625 0.609190625 0.773996875 0.6377640625 0.7564093749999999 0.65963125 0.755715625 0.6643749999999999 0.7534796874999999 0.6751359375 0.75939375 0.6767562500000001 0.7572578125 0.6954984375000001 0.7566625 0.69711875 0.7545265624999999 0.7023765625 0.7335078125 0.702778125 0.7189 0.6982640625000001 0.7127875 0.6936359375000001 0.71085 0.6639015625 0.713878125 0.662396875 0.711840625 0.63428125 0.7127343749999999 0.596378125 0.672234375 0.58093125 0.6664703125 0.5668734375 0.666915625 0.56536875 0.664878125 0.5637484374999999 0.667015625 0.5513109375 0.6653249999999999 0.5496921875 0.6674609375 0.5309484375 0.66805625 0.51671875 0.6747625 0.504165625 0.677246875 0.4930609375 0.6838546875 0.472353125 0.69910625 0.4515328125 0.7185343750000001 0.406365625 0.77209375 0.38190625 0.810403125
3 0.4006421875 0.3552578125 0.392659375 0.361765625 0.372125 0.3707578125 0.36570625 0.3772171875 0.3562765625 0.3796015625 0.33718906249999997 0.3927171875 0.31625468749999996 0.41631875 0.30989218749999997 0.42069062500000004 0.2823640625 0.45701093750000005 0.275715625 0.4718171875 0.26762031249999996 0.48250000000000004 0.2592375 0.5036171875 0.25889375000000003 0.5161374999999999 0.2649125 0.5242875 0.275371875 0.4843390625 0.28704999999999997 0.4568625 0.3015671875 0.4397203125 0.304690625 0.439621875 0.31585312499999996 0.4309265625 0.3532828125 0.4318234375 0.3549015625 0.4296875 0.3627125 0.4294390625 0.3689015625 0.431328125 0.3811109375 0.441365625 0.396215625 0.459653125 0.4009015625 0.45950468750000006 0.4104453125 0.4529453125 0.41697968750000003 0.4423125 0.43941875 0.42074999999999996 0.456771875 0.41394374999999994 0.475515625 0.4133484375 0.49397343749999995 0.4231890625 0.5014968750000001 0.433375 0.51370625 0.4434125 0.52770625 0.4450546875 0.5462203125 0.45280624999999997 0.557325 0.4461984375 0.568259375 0.4458515625 0.5712109375 0.4520140625 0.5695921875 0.45415 0.5786203125 0.4663734375 0.5848671875 0.4661765625 0.5912875 0.4597171875 0.5943546875 0.4617046875 0.602221875 0.45937031250000004 0.6037265625 0.46140781249999996 0.6193453124999999 0.4609109375 0.6272703125 0.45648906250000004 0.6306796875 0.44595624999999994 0.6294046875 0.4355703125 0.6235 0.4232484375 0.6097859375 0.41117187499999996 0.582015625 0.39954375 0.575996875 0.39139375 0.570378125 0.3686359375 0.55845625 0.3481640625 0.5493140624999999 0.3401140625 0.5261703125 0.330421875 0.524609375 0.330471875 0.5199796875 0.328534375 0.47780781250000004 0.329871875 0.4761875 0.332009375 0.4652546875 0.33235625 0.4494625 0.33911250000000004 0.4337859375 0.3416953125 0.42268125 0.348303125 0.4148703125 0.34855 0.40532812500000004 0.355109375 0.4006421875 0.3552578125
4 0.554 0.3399640625 0.570665625 0.3582015625 0.5815984375000001 0.3578546875 0.6006859375 0.3447390625 0.6139265625 0.3172125 0.617565625 0.29833125 0.619815625 0.2732375 0.6183109375 0.2712 0.61755 0.24203281250000003 0.6161609375 0.235821875 0.611646875 0.2297109375 0.6024468749999999 0.223746875 0.6008843749999999 0.22379687499999998 0.5869984374999999 0.21798281249999998 0.5698171875 0.21852812500000002 0.5554734375 0.2294078125 0.54564375 0.2464015625 0.5404421875 0.26533125 0.5364015625 0.298821875 0.5347828125 0.3009578125 0.534209375 0.32182656249999997 0.5371046875000001 0.330075 0.554 0.3399640625
5 0.6219875 0.8194640625 0.6144640625 0.8092765625 0.6023125 0.7971515625000001 0.5714750000000001 0.783534375 0.5699125 0.783584375 0.5479875 0.786365625 0.5368828125 0.7929734374999999 0.5367109375 0.7992343749999999 0.5469578125 0.8239296875000001 0.5497375 0.8363515625 0.5518296874999999 0.8738171875 0.5565156250000001 0.87366875 0.607471875 0.8366046875 0.6218734375 0.8236375 0.6219875 0.8194640625
5 0.24594375 0.7605046875 0.2519046875 0.7707421875 0.2924015625 0.7736265625 0.3062859375 0.779440625 0.3276953125 0.7954421875000001 0.3457515625 0.819890625 0.35900781249999997 0.8486609375 0.3804578125 0.8062781250000001 0.38225 0.79788125 0.3833953125 0.7561421875 0.3792828125 0.735421875 0.3734921875 0.718925 0.36457968749999997 0.702528125 0.3495328125 0.6821546875 0.3357046875 0.674253125 0.3341421875 0.6743015625 0.33263750000000003 0.672265625 0.3123328125 0.6729093749999999 0.3107125 0.6750453125 0.30134062500000003 0.67534375 0.2824265625 0.6821984375000001 0.2681390625 0.6909921875 0.2486515625 0.7187171875 0.24350624999999998 0.7355609375000001 0.2431625 0.7480828125000001 0.24594375 0.7605046875
5 0.0736671875 0.5553781250000001 0.0875515625 0.5611937499999999 0.1062390625 0.562684375 0.115725 0.5582140625 0.1352125 0.5304890624999999 0.1464328125 0.5197078125 0.1591 0.51305 0.162396875 0.506690625 0.1676546875 0.485671875 0.16891562499999999 0.4397609375 0.163240625 0.4190890625 0.1573359375 0.40676562499999996 0.14078437500000002 0.38435625 0.1176984375 0.372578125 0.108328125 0.37287499999999996 0.1068234375 0.37083750000000004 0.10526093750000001 0.3708875 0.0801546875 0.3758546875 0.0626875 0.386834375 0.048171874999999996 0.403975 0.0382265625 0.4251421875 0.034759374999999995 0.4377625 0.030489062500000004 0.4796 0.0330984375 0.4982828125 0.044792187500000004 0.527103125 0.058390624999999995 0.543353125 0.0736671875 0.5553781250000001
5 0.4212328125 0.344178125 0.4229671875 0.33786875 0.42157656250000003 0.33165625 0.41717812500000007 0.321371875 0.41590156250000004 0.31098593750000003 0.4113875 0.3048734375 0.4098265625 0.3049234375 0.4036921875 0.3009484375 0.3770828125 0.303878125 0.3498421875 0.3297640625 0.34163125 0.34462031249999997 0.341115625 0.3634015625 0.34262031249999997 0.3654390625 0.34216250000000004 0.382134375 0.348353125 0.3840234375 0.365878125 0.37095625 0.4212328125 0.344178125
1 0.586590625 0.63084375 0.58925625 0.6474390624999999 0.5950453125 0.6639359375 0.6131593750000001 0.6862984375 0.62704375 0.6921125 0.6411015625 0.691665625 0.6688156249999999 0.7053828125 0.687559375 0.7047875 0.698721875 0.6960921875 0.7132953125 0.6768640625 0.7282703125000001 0.6430281250000001 0.7305765625 0.6158484375 0.729071875 0.6138109375 0.7295296875 0.597115625 0.7311484375 0.5949796875 0.7333406250000001 0.5719734375 0.7292859375 0.549165625 0.7204296875 0.53068125 0.70243125 0.504146875 0.6917265625 0.49614531250000005 0.6901640625 0.4961953125 0.6855359375 0.4942578125 0.6652296875 0.49490156250000006 0.6636109375 0.49703749999999997 0.6354953125 0.49793125 0.611665625 0.5132828125 0.5986546875000001 0.5324609375 0.5935109375 0.5493046875 0.591203125 0.5764843749999999 0.5877359375 0.5891046875 0.586590625 0.63084375
1 0.44061093749999997 0.547903125 0.4409546875 0.53538125 0.45269062499999996 0.5058171875 0.45459531249999996 0.493246875 0.4612453125 0.4784390625 0.4725796875 0.463484375 0.48374218750000003 0.4547890625 0.50578125 0.44783437499999995 0.505953125 0.44157343750000005 0.49692499999999995 0.42935 0.48471562500000004 0.41931250000000003 0.4707734375 0.415584375 0.46921093750000004 0.41563437499999994 0.45827656250000004 0.41598125 0.4441046875 0.4206015625 0.43137968750000005 0.4293453125 0.4007296875 0.4657640625 0.40055781250000005 0.47202500000000003 0.40767968750000005 0.49682031249999997 0.412725 0.540446875 0.42609531250000005 0.56504375 0.4353515625 0.5689203125 0.44061093749999997 0.547903125
1 0.26549999999999996 0.559715625 0.275575 0.590671875 0.278584375 0.594746875 0.28616406250000004 0.602846875 0.3107546875 0.6166625 0.3341265625 0.6180046875 0.3546609375 0.6090125 0.3769296875 0.5937109375 0.3817875 0.5873015625 0.3849109375 0.5872015625 0.397865625 0.5701109375 0.404628125 0.5511296875 0.4058890625 0.5052171875 0.40438437499999996 0.5031796875000001 0.40467031249999996 0.49274531250000003 0.39760625 0.4658640625 0.38406406249999997 0.447528125 0.3687875 0.4355015625 0.367225 0.4355515625 0.36572031250000003 0.4335140625 0.3189203125 0.4329140625 0.303071875 0.4417578125 0.29341249999999997 0.452490625 0.2916796875 0.4588 0.2852015625 0.46734687499999994 0.2850875 0.47152031250000004 0.2802296875 0.4779296875 0.266359375 0.5284125000000001 0.26549999999999996 0.559715625
1 0.47468281250000005 0.32997187499999997 0.476303125 0.327834375 0.5231609374999999 0.3263484375 0.52958125 0.31988906250000004 0.5313718749999999 0.31149218749999996 0.533965625 0.27387812500000003 0.5324609375 0.271840625 0.5327468750000001 0.26140625 0.5300812500000001 0.244809375 0.5212828125 0.2242375 0.5092453124999999 0.2079390625 0.5031125000000001 0.20396406250000002 0.473721875 0.1944703125 0.47215937500000005 0.1945203125 0.456425 0.199190625 0.438728125 0.2185171875 0.4239265625 0.24609375 0.41699062500000006 0.271334375 0.41462656249999996 0.3006015625 0.421634375 0.3295703125 0.42609062499999995 0.33776875 0.4479578125 0.337075 0.45588281249999996 0.332653125 0.47468281250000005 0.32997187499999997
0 0.75801875 0.6962953125 0.7717906250000001 0.706284375 0.7796000000000001 0.7060359375 0.8893796875 0.6295734375 0.9038390625 0.61451875 0.9032500000000001 0.5790921875 0.8886046875 0.544109375 0.8720531250000001 0.5216984375 0.8614062499999999 0.5116109375 0.8460734375 0.5016734375 0.8275015625 0.49600625000000004 0.8259390625 0.49605625 0.8118812500000001 0.496503125 0.8102625 0.4986390625 0.7930234375 0.501271875 0.7627734375 0.5230828125 0.7480859375 0.546484375 0.7378546874999999 0.5780859375 0.7360640625 0.5864828125 0.734746875 0.63448125 0.744534375 0.6758734375000001 0.75801875 0.6962953125
0 0.193234375 0.5203078125 0.19942500000000002 0.5221953125 0.202434375 0.5262703125 0.2223953125 0.538146875 0.23911875 0.554296875 0.248490625 0.554 0.259653125 0.5453046875 0.2629484375 0.5389453125 0.263178125 0.5305984375 0.25866406249999996 0.5244859374999999 0.2558265625 0.51415 0.2561140625 0.503715625 0.26281875 0.48682187499999996 0.27426875 0.46769375 0.2744984375 0.4593453125 0.27305 0.455221875 0.25765937499999997 0.44736875 0.2485171875 0.43931875 0.22299531250000001 0.40259687499999997 0.21680468749999998 0.40070937500000003 0.2152421875 0.40075781250000003 0.2042515625 0.4031921875 0.191584375 0.40984999999999994 0.1707640625 0.4292765625 0.1710078125 0.47722499999999995 0.1674828125 0.4919328125 0.167025 0.508628125 0.1840921875 0.51225625 0.1871015625 0.51633125 0.190225 0.5162328125 0.193234375 0.5203078125
0 0.6900609375 0.329390625 0.6352203125 0.3373875 0.5918453125 0.38255 0.5883203124999999 0.39725781250000003 0.6205484375 0.4170859375 0.6320703125 0.4521671875 0.6003734374999999 0.46985312500000004 0.599971875 0.48446249999999996 0.6151328125 0.5006625 0.6902781250000001 0.492021875 0.714453125 0.4641484375 0.7278640625 0.4303609375 0.7247828125 0.3720765625 0.7068984375 0.3413671875 0.6900609375 0.329390625
0 0.475703125 0.46338437499999996 0.457834375 0.4889734375 0.4424015625 0.5395046875 0.43796093750000004 0.587603125 0.4479203125 0.6227343750000001 0.4675953125 0.6450453125 0.5030625 0.6606 0.5311765625 0.6597078125 0.5548359375 0.6506171875 0.5757140625 0.629103125 0.588121875 0.5182 0.5704671875 0.47914375 0.5444296875 0.4612046875 0.5244093750000001 0.45141406249999994 0.475703125 0.46338437499999996
0 0.3865765625 0.75395625 0.4002328125 0.76811875 0.40966250000000004 0.765734375 0.4628671875 0.703578125 0.5042796875 0.673071875 0.453825 0.6350578125 0.43483593750000005 0.587703125 0.3969484375 0.6035015625 0.3672875 0.6607390625 0.3647515625 0.6962671874999999 0.3865765625 0.75395625
1 0.386434375 0.8728109375 0.38835625 0.9165374999999999 0.410353125 0.9679671875 0.427534375 0.967421875 0.5503250000000001 0.8717796874999999 0.5453375 0.8260671875 0.532196875 0.793121875 0.5032078125 0.7690203125 0.48463593749999995 0.7633546875 0.451778125 0.7664828124999999 0.42152812500000003 0.78829375 0.3970671875 0.8266015624999999 0.386434375 0.8728109375
1 0.16950625 0.7024640625 0.120284375 0.7332171875 0.0955375 0.781959375 0.0943921875 0.8236984375 0.1041234375 0.8671765625000001 0.1251875 0.8956984374999999 0.138959375 0.9056875 0.156140625 0.9051421875000001 0.18433125 0.8257078124999999 0.202625 0.80358125 0.24554218749999998 0.7751140624999999 0.245828125 0.7646796874999999 0.217584375 0.7134484375000001 0.19137500000000002 0.70176875 0.16950625 0.7024640625
