2 0.1593828125 0.9087796875 0.1533 0.876853125 0.1465296875 0.8573625 0.13363125 0.835134375 0.106690625 0.8114046874999999 0.0807390625 0.79820625 0.079178125 0.7980390625 0.0540984375 0.79744375 0.0319109375 0.8013281250000001 0.01204375 0.8129578125 0.014284374999999998 0.96416875 0.1352046875 0.977090625 0.1542015625 0.9457578124999999 0.158009375 0.9336546875 0.1593828125 0.9087796875
2 0.2299421875 0.6827859375 0.23606875 0.6855265625 0.25410625 0.6999640625 0.2657859375 0.7158078125 0.27347343749999997 0.7187140624999999 0.28161875 0.7133296875 0.294259375 0.683403125 0.3214 0.6466859375 0.3185078125 0.64220625 0.3122671875 0.641540625 0.299440625 0.646425 0.2604328125 0.64225625 0.2451734375 0.6343703125 0.23025781250000002 0.6202671875 0.2158 0.5978703125 0.21169218750000002 0.5870062500000001 0.20937343749999998 0.5721625 0.206253125 0.571828125 0.2061375 0.5739015625 0.2044640625 0.5758078125 0.20389062500000002 0.586171875 0.20499218749999998 0.5946312500000001 0.2008421875 0.612953125 0.18519531250000001 0.6404734375000001 0.186940625 0.66568125 0.189603125 0.67430625 0.1955015625 0.6811906249999999 0.20185781249999998 0.6797859374999999 0.2299421875 0.6827859375
2 0.0848765625 0.63809375 0.1074796875 0.6551046875 0.14013124999999998 0.6606796875 0.14180625 0.6587734375000001 0.1496078125 0.6596062500000001 0.1608734375 0.6545546875 0.1771640625 0.643784375 0.18888906249999998 0.6304421875 0.201528125 0.600515625 0.2014578125 0.5734015625 0.20503593750000002 0.56544375 0.20537968750000002 0.559225 0.203934375 0.5569859375 0.2037484375 0.53194375 0.1984234375 0.51469375 0.177953125 0.48748593749999997 0.15066875 0.469975 0.14910937500000002 0.46980781250000003 0.111546875 0.4678796875 0.098721875 0.4727640625 0.08722656250000001 0.48196093749999996 0.073828125 0.49721093749999995 0.06522343750000001 0.5108875 0.059168750000000006 0.5352609375 0.05745 0.5663546875 0.060757812499999994 0.5917296875 0.0660828125 0.6089796875 0.0848765625 0.63809375
2 0.24491875 0.3549390625 0.25458125 0.3789078125 0.26325625 0.3923453125 0.27961718750000003 0.4086890625 0.297996875 0.41690781250000003 0.3124984375 0.41011718750000004 0.32566875 0.3990140625 0.3449640625 0.39065 0.34831406249999997 0.3868375 0.3691703125 0.378640625 0.374425 0.3687765625 0.3762578125 0.3356109375 0.369715625 0.311975 0.356475 0.2959640625 0.3384375 0.28152656249999997 0.320171875 0.271234375 0.3186125 0.27106718750000003 0.306359375 0.2655875 0.2891953125 0.2637546875 0.2682234375 0.2740234375 0.2582890625 0.2833875 0.2513609375 0.2951578125 0.245878125 0.30916875 0.245190625 0.32160625 0.24351562499999999 0.3235125 0.2424859375 0.34216718749999997 0.24491875 0.3549390625
3 0.5854890625 1.0 0.583171875 0.9936796875 0.5836296875 0.9853890625 0.595696875 0.9658265625 0.5961546875 0.957534375 0.5932640625000001 0.95305625 0.5793359375 0.9494828125 0.5713046875 0.9527953124999999 0.5557015625 0.951128125 0.5404421875 0.9432421874999999 0.5172671875 0.9365953125 0.48032031249999996 0.8951156250000001 0.4716453125 0.881678125 0.4596640625 0.842865625 0.45532812500000003 0.8361468750000001 0.43862187500000005 0.8260203125000001 0.409434375 0.8145609374999999 0.4078734375 0.8143953125 0.3595046875 0.8092265624999999 0.3212546875 0.8197359375 0.31311093749999996 0.8251203125 0.3084296875 0.8246203124999999 0.2728421875 0.8437531249999999 0.2370265625 0.8670328125 0.1975171875 0.90034375 0.1922640625 0.9102078125 0.2019703125 0.9049890625 0.22427187499999998 0.8990328125 0.252471875 0.8999609375000001 0.25391718750000003 0.9022 0.26171875 0.9030328125 0.281315625 0.9176375 0.30056875 0.9384609375 0.31358125000000003 0.9586171875 0.31982187500000003 0.959284375 0.3423546875 0.94918125 0.3566265625 0.9465359375 0.377025 0.94663125 0.3784703125 0.9488703125000001 0.3925125 0.9503718750000001 0.424821875 0.9621640625 0.4369609375 0.9697156250000001 0.46549687500000003 1.0 0.5854890625 1.0
3 0.3169078125 0.44394999999999996 0.3337265625 0.45200312499999995 0.34974531249999996 0.474565625 0.356515625 0.4940546875 0.36431718750000003 0.4948890625 0.3802640625 0.4903375 0.40469999999999995 0.47418125 0.41585 0.471203125 0.43624843750000003 0.47129843749999994 0.4376953125 0.47353750000000006 0.45474375 0.47744375000000006 0.4727796875 0.4918828125 0.5162671875 0.5569968750000001 0.5255156249999999 0.5600703125 0.54506875 0.6038625 0.55709375 0.6134875 0.5757015625 0.6175609375 0.582171875 0.6140828125 0.582975 0.599571875 0.577878125 0.5781765625 0.5612171874999999 0.5388640625 0.56335 0.528665625 0.5684890625000001 0.520875 0.5695187500000001 0.50221875 0.5655249999999999 0.48928125 0.565984375 0.480990625 0.5537734375000001 0.4463234375 0.554003125 0.44217812500000003 0.545671875 0.422521875 0.5296531250000001 0.399959375 0.5069359375 0.3850203125 0.5053765625 0.38485468749999996 0.4900015625 0.379040625 0.4260296875 0.3722046875 0.4243546875 0.3741109375 0.383328125 0.37806875 0.349759375 0.3890765625 0.3271140625 0.40125312500000004 0.29441875 0.42486562499999997 0.2892796875 0.4326578125 0.2998578125 0.44004374999999996 0.3169078125 0.44394999999999996
4 0.6116203125 0.45042031250000003 0.6306875 0.44620156250000004 0.6400484375 0.4472015625 0.6480796875 0.4438890625 0.6632671875 0.4246609375 0.6721 0.4068390625 0.675034375 0.38213125 0.6808609375 0.361903125 0.6822359375 0.337028125 0.684025 0.33304999999999996 0.6825796875 0.33080937499999996 0.6831515625 0.3204453125 0.678928125 0.311653125 0.65834375 0.28651875000000004 0.656784375 0.2863515625 0.6553390625 0.2841109375 0.6350546875 0.28194375 0.6286984375 0.28335 0.602703125 0.2993390625 0.5856109375 0.32461875 0.5741875000000001 0.3609296875 0.572240625 0.39616875 0.5746734375 0.4089390625 0.5991375 0.44908593750000003 0.6116203125 0.45042031250000003
5 0.456746875 1.0 0.4544234375 0.9945187499999999 0.44129687500000003 0.976434375 0.4215859375 0.9639031250000001 0.40297656249999997 0.9598296875000001 0.384596875 0.9516109374999999 0.38303750000000003 0.9514437499999999 0.362753125 0.9492765625 0.3469203125 0.9517546875 0.31624375 0.9672421874999999 0.3177609375 0.996596875 0.3496125 1.0 0.456746875 1.0
5 0.15630625 0.879259375 0.1620890625 0.8882171874999999 0.177234375 0.8981765625 0.1912765625 0.8996765625 0.24049062499999999 0.8611484375 0.2615765625 0.8488046875 0.2698359375 0.8413468749999999 0.27531875 0.8273375 0.27738125 0.790025 0.275934375 0.7877859375 0.27673749999999997 0.7732765625 0.2737734375 0.7416828125 0.2655578125 0.719953125 0.2554375 0.7042765625 0.24040625000000002 0.6922453125 0.238846875 0.692078125 0.225146875 0.684359375 0.2048625 0.6821921875 0.179440625 0.687815625 0.15812500000000002 0.704303125 0.1479609375 0.7178140625 0.1334171875 0.7537921875 0.1287640625 0.8095921875000001 0.13096875 0.826509375 0.146871875 0.8511453124999999 0.15630625 0.879259375
5 0.09594375000000001 0.4662125 0.10530625 0.46721250000000003 0.121253125 0.46266093750000004 0.13997656249999998 0.4646609375 0.1512421875 0.459609375 0.1645265625 0.44643437500000005 0.1731296875 0.43275781249999995 0.182878125 0.3983515625 0.18604218749999998 0.3694984375 0.18383750000000001 0.35258124999999996 0.17718125 0.33101875000000003 0.161278125 0.30638437500000004 0.14925312500000001 0.2967578125 0.13399375 0.2888734375 0.132434375 0.28870625 0.10111406249999999 0.28744375 0.0735578125 0.303265625 0.0632796875 0.31884843749999997 0.049721875 0.3653578125 0.0496796875 0.39454531249999997 0.0533296875 0.41369999999999996 0.0616609375 0.43335625 0.0688890625 0.4445546875 0.08681093749999999 0.461065625 0.09594375000000001 0.4662125
5 0.46291874999999993 0.3010828125 0.3802234375 0.292246875 0.37541250000000004 0.3793078125 0.45810781250000004 0.38814375 0.46291874999999993 0.3010828125
1 0.23181875000000002 0.6204328125 0.24829531249999998 0.6347046875 0.2545359375 0.6353718749999999 0.2621078125 0.64035 0.28707343750000003 0.64301875 0.31573125 0.6356546875 0.32399062500000003 0.628196875 0.332021875 0.6248843749999999 0.3565 0.5795421875 0.3570015625 0.5420640624999999 0.3586765625 0.5401578125000001 0.359478125 0.5256484375 0.3560578125 0.502346875 0.3480703125 0.476471875 0.34095624999999996 0.46319999999999995 0.325925 0.45116875 0.2981828125 0.44195 0.2906109375 0.4369703125 0.28905 0.43680312499999996 0.278128125 0.4356359375 0.25415156250000004 0.44349999999999995 0.23081718750000002 0.4681125 0.21124843750000002 0.509809375 0.2069828125 0.5302046875 0.20842968750000002 0.53244375 0.20827187500000002 0.5637046875 0.21602968749999998 0.593725 0.22302968750000002 0.6090687499999999 0.23181875000000002 0.6204328125
1 0.4541578125 0.34601875 0.45381406249999995 0.3522375 0.4607 0.3696546875 0.46370625 0.3720609375 0.48398906249999996 0.374228125 0.48543593749999997 0.37646875 0.5056046875 0.38070781249999996 0.525315625 0.393240625 0.5417921875 0.4075109375 0.5480343750000001 0.40817812499999995 0.5676734375 0.3935953125 0.5719390625 0.37320000000000003 0.57285625 0.35661718750000004 0.5783390625 0.3426078125 0.5786828125000001 0.3363890625 0.591321875 0.30646249999999997 0.58645625 0.280921875 0.5748890624999999 0.2630046875 0.57078125 0.252140625 0.563553125 0.24094218750000002 0.54095 0.22393125 0.5393890625 0.2237640625 0.53193125 0.2167125 0.5084125 0.216284375 0.4888875 0.22879375 0.4738125 0.2459484375 0.4634203125 0.2636046875 0.45412968749999993 0.28971874999999997 0.450965625 0.318571875 0.4524125 0.3208109375 0.45149531249999997 0.3373953125 0.4541578125 0.34601875
0 0.8151109375000001 1.0 0.8177625000000001 0.9520234375 0.816315625 0.9497828125 0.8161296874999999 0.9247421875 0.8120218749999999 0.9138781249999999 0.812365625 0.907659375 0.8072703125 0.8862625 0.799053125 0.8645343750000001 0.7935 0.8514296874999999 0.7804875 0.8312734374999999 0.7641265625 0.8149296874999999 0.7306015625 0.7967515625 0.729040625 0.796584375 0.6993953125 0.7934171875 0.6691765625 0.8006140625 0.6562359375 0.807571875 0.6295531249999999 0.835996875 0.615809375 0.8574640625000001 0.6064046875 0.8856515625 0.6057171875 0.8980890625000001 0.6017953125 0.9122656250000001 0.60030625 0.9392125 0.5986312500000001 0.94111875 0.5993906250000001 0.9557953124999999 0.6020531250000001 0.9644203125 0.602759375 1.0 0.8151109375000001 1.0
0 0.1961046875 0.49985 0.20991718750000002 0.505496875 0.229371875 0.4658734375 0.2461203125 0.44681249999999995 0.25917500000000004 0.43778125 0.2845984375 0.4321578125 0.2930875 0.42055312499999997 0.2779421875 0.41059531250000003 0.26759374999999996 0.39906406250000004 0.2660328125 0.39889687500000004 0.24868281250000002 0.372021875 0.24069687499999998 0.34614687499999997 0.2297734375 0.3449796875 0.20735625 0.35300937499999996 0.18893437500000002 0.373978125 0.18207656249999998 0.4128625 0.17088281249999998 0.445028125 0.175978125 0.46642343750000004 0.188646875 0.4927984375 0.1961046875 0.49985
0 0.7187796875 0.4994015625 0.699296875 0.482725 0.636884375 0.47605624999999996 0.6129078125 0.48391875000000006 0.583446875 0.5057921875 0.5680296874999999 0.5291671874999999 0.56566875 0.543509375 0.5858656250000001 0.6040515625 0.5787078125 0.6199671875 0.5807984375 0.63895625 0.6054906250000001 0.6749578125 0.6347937499999999 0.68434375 0.6711390625 0.6798859375 0.710075 0.6569406250000001 0.73398125 0.6219625 0.7350546875 0.5741203125000001 0.7271109375 0.5190578125 0.7187796875 0.4994015625
0 0.36620625 0.574325 0.331334375 0.637321875 0.32535 0.6888109375 0.34166875 0.7343421875 0.36624687499999997 0.772415625 0.41347187500000004 0.7983125 0.46252812499999996 0.7910437499999999 0.47429531249999995 0.7485125 0.51263125 0.67963125 0.5044578125 0.6287140625000001 0.4695296875 0.579109375 0.43311406249999995 0.556453125 0.3954375 0.556596875 0.36620625 0.574325
1 0.5002203125 0.7054109375000001 0.484803125 0.728784375 0.46633593749999996 0.7789390625 0.4616828125 0.834740625 0.4733203125 0.879771875 0.5159359375 0.9322828124999999 0.5543703125 0.9468156249999999 0.5922765625 0.9425250000000001 0.6161531250000001 0.8512453125 0.6547890625 0.80533125 0.6434953125 0.7540828125 0.6305984375 0.731853125 0.561115625 0.6827265625 0.5200890625000001 0.6866828125 0.5002203125 0.7054109375000001
1 0.60689375 0.7063843750000001 0.64505625 0.7542484375 0.6532296875 0.8051656250000001 0.6963890625 0.7910109375000001 0.74464375 0.7982515625 0.7481078125 0.7923671875 0.7437421875 0.729346875 0.719278125 0.6892015625 0.68385 0.677075 0.6219671875 0.689228125 0.610471875 0.6984250000000001 0.60689375 0.7063843750000001
1 0.12545781250000002 0.7842171875 0.1308703125 0.74309375 0.1218953125 0.7066874999999999 0.10888281250000001 0.68653125 0.0785921875 0.6666140625 0.058309375 0.664446875 0.010096875 0.6815765625 0.0120375 0.8125703124999999 0.0416171875 0.7961109375000001 0.0839734375 0.796465625 0.114721875 0.8080921875 0.12545781250000002 0.7842171875
