2 0.6126421875 0.6905703125 0.616890625 0.7033203125 0.6261875 0.7059359374999999 0.6783734375 0.69015625 0.6849828125 0.6801109375000001 0.6953703124999999 0.6515203125 0.6978765625000001 0.6245640625 0.6953359375 0.6077421875 0.6896703125 0.590740625 0.6807375 0.5777234375 0.6715875 0.570946875 0.65604375 0.5679734375 0.6545546875 0.5658046875 0.65299375 0.5657156249999999 0.640428125 0.56708125 0.6276453125 0.5746890625 0.6211078125 0.5826546875 0.6128640625 0.5946906249999999 0.6009156250000001 0.6231921875 0.600625 0.6315140625 0.5971375 0.6417375 0.5964109375 0.6625421874999999 0.5992437500000001 0.6710421875 0.6126421875 0.6905703125
2 0.41236249999999997 0.7354093749999999 0.4108015625 0.7353203125000001 0.4047015625 0.730803125 0.39228125 0.7280078125 0.3685671875 0.7349921875 0.3652984375 0.7389734375 0.36464375000000004 0.7576984375 0.37713593749999996 0.7584125 0.385090625 0.7546968749999999 0.419734375 0.7483390625 0.4214421875 0.7442671875 0.41236249999999997 0.7354093749999999
2 0.43400625000000004 0.7429 0.435640625 0.740909375 0.4434484375 0.7413546875 0.44515625 0.7372828124999999 0.43480625 0.720015625 0.427871875 0.694603125 0.42725468749999995 0.66746875 0.4288890625 0.665478125 0.42968906249999994 0.6425921875 0.4250765625 0.64024375 0.423515625 0.6401546875 0.4063390625 0.6391734375 0.39831249999999996 0.64496875 0.3916296875 0.6570953125 0.386290625 0.6755515625 0.385490625 0.6984359375 0.39249999999999996 0.7217671875 0.39547656249999996 0.7261062500000001 0.4093859375 0.7310703125 0.42307656250000003 0.742275 0.43400625000000004 0.7429
2 0.46069843749999995 0.7402562500000001 0.5127390625 0.7286374999999999 0.5242515625 0.7126187500000001 0.5300265625 0.6816796875 0.5234546875 0.645865625 0.5191328125 0.6351953124999999 0.5072234375 0.6178390625 0.49963281249999997 0.6111515625 0.49807187500000005 0.6110625 0.4842359375 0.6040171875 0.47330468750000004 0.6033921875 0.4606671875 0.606840625 0.4478109375 0.616528125 0.4313234375 0.6406015625 0.42808906249999995 0.6883625 0.4335359375 0.7116046875 0.43636875 0.7201046875 0.4497671875 0.73963125 0.46069843749999995 0.7402562500000001
3 0.3169 0.4672953125 0.313559375 0.47335781250000003 0.3131234375 0.48584062499999997 0.309490625 0.500225 0.3087640625 0.5210296875 0.31010781249999997 0.527359375 0.3262671875 0.5574671875 0.327609375 0.5637984375 0.3263015625 0.601246875 0.3321109375 0.6140859375 0.3425328125 0.6292734375 0.3545890625 0.6424703125 0.36374062500000004 0.649246875 0.3715484375 0.64969375 0.3764515625 0.6437203125 0.3768875 0.6312375 0.3742734375 0.6164953125 0.3746359375 0.60609375 0.3693359375 0.578690625 0.367884375 0.5306609375 0.3663953125 0.5284921875 0.3680296875 0.5265 0.3704640625 0.501625 0.380996875 0.4688734375 0.391165625 0.44652343749999995 0.40097187500000003 0.43457656250000004 0.42014687500000003 0.4231640625 0.4394671875 0.407590625 0.4445875 0.3953765625 0.449490625 0.38940312499999996 0.46071249999999997 0.3817046875 0.4721515625 0.36776718750000004 0.4853703125 0.3476765625 0.482465625 0.34125625 0.4809046875 0.3411671875 0.4619484375 0.3463375 0.4411390625 0.35974062500000004 0.43176875 0.3592046875 0.41949531249999994 0.35225 0.39912187499999996 0.35317031249999997 0.3671640625 0.372190625 0.3541625 0.3860390625 0.337675 0.4101125 0.3188984375 0.4549015625 0.3169 0.4672953125
3 0.4615078125 0.44845781249999994 0.46401562500000004 0.42150156250000004 0.46757499999999996 0.409196875 0.48725781250000005 0.383221875 0.50494375 0.369640625 0.5066515625 0.36556875 0.5070875 0.3530859375 0.501059375 0.3464875 0.49949843749999995 0.3463984375 0.4885671875 0.3457734375 0.4573703125 0.38776875 0.45424687500000005 0.38758906249999997 0.4477828125 0.3934734375 0.44429687500000004 0.4036984375 0.436125 0.41365468749999995 0.42483125 0.42343125 0.4447671875 0.43499375 0.45682343750000004 0.44819062499999995 0.4615078125 0.44845781249999994
3 0.21430625 0.5823390625 0.21528593749999997 0.599071875 0.21655625 0.6074828125 0.225271875 0.6267421875 0.23881718749999997 0.6421078125 0.25897187499999996 0.6474296875000001 0.296884375 0.6370890625000001 0.31649531249999996 0.61319375 0.323178125 0.6010671875 0.325975 0.5657890625 0.3246328125 0.559459375 0.3218 0.5509593749999999 0.30996250000000003 0.5315203125 0.299321875 0.522575 0.2977609375 0.5224859375 0.2915875 0.5200484375000001 0.2709234375 0.529290625 0.2676546875 0.533271875 0.26453125 0.53309375 0.2612625 0.5370765625 0.258140625 0.5368984375 0.2309390625 0.5541046875 0.2212796875 0.5618921875 0.21793749999999998 0.5679546875 0.21430625 0.5823390625
3 0.299934375 0.639346875 0.31845625 0.646659375 0.342421875 0.6772140624999999 0.353353125 0.6778375 0.35974531249999997 0.674034375 0.36755312500000004 0.6744796875 0.3850203125 0.667140625 0.393409375 0.6509421875 0.40648437499999995 0.6350125 0.3973328125 0.6282359375000001 0.38244375 0.6065390625 0.37663437499999997 0.5937 0.3735109375 0.593521875 0.37343906250000003 0.5956015625 0.3762703125 0.6041015625 0.37808593749999997 0.641728125 0.36991406250000003 0.651684375 0.36366718750000004 0.651328125 0.3545171875 0.64455 0.3424609375 0.6313546875 0.323178125 0.6010671875 0.3164234375 0.6152734375 0.30008124999999997 0.6351859375 0.299934375 0.639346875
3 0.57135625 0.5735578125 0.5802906250000001 0.5865750000000001 0.583121875 0.5950765625 0.5979375 0.618853125 0.6010609375 0.61903125 0.6130093750000001 0.5905296875 0.62771875 0.5726093750000001 0.637378125 0.564821875 0.6256125 0.5433046874999999 0.6215828125 0.5243125 0.6171156250000001 0.517803125 0.60713125 0.4901328125 0.6050984374999999 0.4587484375 0.5963109375 0.44156874999999995 0.5947484375000001 0.44147968750000005 0.585525 0.4367828125 0.57459375 0.436159375 0.5681296875 0.44204375 0.5647890624999999 0.44810625000000004 0.5575249999999999 0.476875 0.5491343750000001 0.4930734375 0.5481171875 0.5221984375 0.5566859375 0.54561875 0.5671078125 0.5608078125 0.57135625 0.5735578125
3 0.556540625 0.5497796875 0.5566484375 0.591478125 0.5763671875 0.6092828124999999 0.5838109375 0.62013125 0.5939421874999999 0.643640625 0.5972109375 0.6396578125 0.5993546875 0.623103125 0.5979375 0.618853125 0.57865625 0.5885671875 0.5581750000000001 0.5477890624999999 0.556540625 0.5497796875
4 0.5431515625000001 0.261340625 0.538903125 0.2485890625 0.5329484375 0.2399109375 0.5146453125 0.2263578125 0.513084375 0.22626875000000002 0.502153125 0.22564375 0.486028125 0.2393140625 0.4826140625 0.24745781249999999 0.482721875 0.28915625 0.4941234375 0.3210765625 0.5124984375 0.33255 0.524990625 0.33326406249999996 0.5362859375 0.3234859375 0.5428953125 0.31344062500000003 0.5431515625000001 0.261340625
5 0.30472343749999997 0.7709515625 0.33461093750000004 0.7664046875 0.34256406250000004 0.7626906250000001 0.35669062500000004 0.7614124999999999 0.36308281249999996 0.757609375 0.3638828125 0.7347234375 0.35248124999999997 0.702803125 0.3390078125 0.68535625 0.319071875 0.67379375 0.3175109375 0.6737046875 0.2972109375 0.6725453124999999 0.2830109375 0.6759031249999999 0.2638359375 0.687315625 0.250834375 0.7011640625 0.235471875 0.737809375 0.23401718749999997 0.7794187499999999 0.2353609375 0.7857484375 0.2416078125 0.78610625 0.29677031249999997 0.774665625 0.30472343749999997 0.7709515625
5 0.6358921875 0.47301562500000005 0.6218390625 0.47221250000000003 0.6123234375 0.4758375 0.60905625 0.47982031249999996 0.6114515625 0.500803125 0.618678125 0.5178921875 0.6232171875 0.522321875 0.6272859375000001 0.4954546875 0.637309375 0.47726562499999997 0.6374546875 0.47310468749999995 0.6358921875 0.47301562500000005
5 0.562203125 0.65641875 0.5793796875 0.6574 0.5870421875 0.6620078125 0.5932875 0.6623640625 0.593796875 0.6478015625 0.5822499999999999 0.620040625 0.5672890625 0.600425 0.5581375000000001 0.5936484375 0.54720625 0.5930234375000001 0.5457171875 0.590853125 0.54415625 0.5907640625 0.5332250000000001 0.590140625 0.5237109375 0.593765625 0.51731875 0.59756875 0.5058796875 0.6115078125 0.5206953125 0.6352859375000001 0.5291921875 0.6607859375 0.5303171875 0.6733578125 0.5333671875 0.6756171875 0.544734375 0.6637593749999999 0.562203125 0.65641875
5 0.285340625 0.519690625 0.29634375 0.518234375 0.3054953125 0.5250125 0.30607656250000004 0.50836875 0.3032453125 0.49986718750000003 0.2928234375 0.4846796875 0.2852328125 0.47799218750000005 0.2667125 0.47068125 0.2651515625 0.470590625 0.2494625 0.47177968750000004 0.243071875 0.4755828125 0.22694687500000002 0.4892546875 0.22360625 0.4953171875 0.2167046875 0.513684375 0.21626875 0.5261671875 0.21463437500000002 0.5281578125 0.21837499999999999 0.5554718750000001 0.2229859375 0.5578203125 0.285340625 0.519690625
0 0.433403125 0.3572140625 0.4380890625 0.35748125000000003 0.47473124999999994 0.3387296875 0.48410000000000003 0.339265625 0.4886390625 0.34369375 0.4918359375 0.3417921875 0.49234375 0.327228125 0.48965781249999996 0.3145671875 0.4809421875 0.29530781250000004 0.4704484375 0.2822 0.4535625 0.272896875 0.45199999999999996 0.2728078125 0.43475 0.27390625 0.4251625 0.2796125 0.41208906250000005 0.2955421875 0.403409375 0.3200625 0.401265625 0.336615625 0.40268125 0.340865625 0.401046875 0.3428578125 0.40395312499999997 0.349278125 0.422690625 0.3503484375 0.433403125 0.3572140625
0 0.5251296875 0.508378125 0.5379140625 0.5007703125 0.5476468750000001 0.490903125 0.5577421874999999 0.47063437500000005 0.5615921875 0.4500078125 0.5620296875 0.43752500000000005 0.5581437499999999 0.4143734375 0.5373 0.383996875 0.5219750000000001 0.3747828125 0.507921875 0.3739796875 0.5064328125 0.3718109375 0.5047984375000001 0.3738015625 0.4984796875 0.375525 0.48718593749999994 0.38530312499999997 0.4724765625 0.4032234375 0.46742968749999997 0.4133578125 0.463578125 0.433984375 0.46285156250000004 0.4547890625 0.471203125 0.48445 0.48474843749999996 0.4998171875 0.49546093750000003 0.5066828125 0.5251296875 0.508378125
0 0.603321875 0.3752625 0.6210078125 0.36168125 0.6360796875 0.33335781249999996 0.6390953125000001 0.2918375 0.6139296875 0.2507921875 0.5826265625 0.2510875 0.5548437500000001 0.2849390625 0.5538265625000001 0.314065625 0.5752515625 0.327796875 0.603321875 0.3752625
1 0.627246875 0.5413125 0.6375234375 0.5606609375 0.6686093750000001 0.5666078125 0.6868390625 0.5822406250000001 0.6964984375000001 0.5744546875000001 0.7140046875 0.5212546875 0.7089953125 0.48553125 0.684809375 0.46121875 0.6629484375 0.45996875 0.6438453125 0.46929999999999994 0.6252140625 0.509928125 0.627246875 0.5413125
1 0.511190625 0.369996875 0.5373734375 0.3819171875 0.5553125 0.405871875 0.563590625 0.43761406249999996 0.5826203125 0.4303640625 0.600815625 0.40221875 0.6015421875 0.3814140625 0.590140625 0.34949375 0.5598546875 0.32066249999999996 0.544165625 0.3218515625 0.5312375 0.3336203125 0.511190625 0.369996875
1 0.3854953125 0.6087984375 0.40045624999999996 0.6284140625 0.429834375 0.63843125 0.45434843750000004 0.6085640625 0.47813437499999994 0.5995 0.4830765625 0.5476671875 0.462740625 0.502728125 0.42569999999999997 0.4881046875 0.38259375 0.512740625 0.3770703125 0.5812171875 0.3854953125 0.6087984375
1 0.2553875 0.3470421875 0.2291671875 0.38098125 0.22978281250000002 0.4081171875 0.23976875 0.4357875 0.25160625 0.455225 0.2761546875 0.46913593750000004 0.30448125 0.46449999999999997 0.3191171875 0.44865937499999997 0.3361140625 0.41002343750000003 0.3366953125 0.3933796875 0.328053125 0.372040625 0.308553125 0.34799531250000004 0.288615625 0.3364328125 0.2553875 0.3470421875
1 0.37925156250000003 0.518803125 0.378596875 0.5375281249999999 0.392253125 0.5049546874999999 0.42733437500000004 0.48611250000000006 0.4659375 0.5008265625 0.459728125 0.45461093750000003 0.4324203125 0.43011875 0.4008265625 0.4387359375 0.385609375 0.4712203125 0.38734999999999997 0.5109281250000001 0.37925156250000003 0.518803125
0 0.4846375 0.5477562500000001 0.4850359375 0.5811328125 0.47969687499999997 0.5995890625 0.504390625 0.6093390624999999 0.5301015625 0.5899609375 0.5552328125 0.587228125 0.5536359375 0.5433609374999999 0.5374765625 0.5132531250000001 0.4796265625 0.5120312499999999 0.4760671875 0.5243359375 0.4846375 0.5477562500000001
1 0.531515625 0.68385 0.5284265625 0.7274499999999999 0.615184375 0.7073921875 0.5991703125 0.6731234374999999 0.5777453125 0.659390625 0.5510531249999999 0.6620359375 0.531515625 0.68385
