2 0.35395625000000003 0.257240625 0.3254265625 0.2427625 0.3062375 0.237796875 0.2670046875 0.23879999999999998 0.254909375 0.241753125 0.2372890625 0.25088125 0.22606406250000002 0.2616640625 0.2172625 0.2756078125 0.217784375 0.28030468750000004 0.2096796875 0.3005125 0.211421875 0.3161703125 0.2204328125 0.3413125 0.2446578125 0.372925 0.26264375 0.3856890625 0.28010625 0.39375625 0.2947984375 0.3955296875 0.31658437500000003 0.4052203125 0.32488125 0.40533906249999996 0.3504484375 0.3931984375 0.372565625 0.3872609375 0.383965625 0.3780453125 0.383790625 0.376478125 0.385690625 0.37494218749999997 0.38377343750000004 0.35771875 0.3754609375 0.338840625 0.37371875 0.32318125000000003 0.3712953125 0.32002031249999996 0.3731953125 0.31848437500000004 0.37215 0.3090890625 0.3634890625 0.2870796875 0.358975 0.265128125 0.35395625000000003 0.257240625
2 0.5064609375 0.13904531250000002 0.48244375 0.14651875 0.46879687499999995 0.154140625 0.45757343749999996 0.1649234375 0.45119375 0.182028125 0.4522390625 0.1914234375 0.44931093750000006 0.202325 0.4520984375 0.227378125 0.473378125 0.25113125 0.4868671875 0.2607046875 0.500009375 0.2671453125 0.5128015625 0.2704546875 0.5440859375 0.272465625 0.5522078125000001 0.27101875 0.568103125 0.2649921875 0.589175 0.24966093749999999 0.589 0.2480953125 0.5924515625 0.24189218750000002 0.5884437499999999 0.205878125 0.5861953125 0.20428281250000002 0.584453125 0.1886234375 0.5822046875 0.187028125 0.5750953125 0.16035 0.5680015625 0.15243281250000001 0.5548609375 0.14599062499999998 0.5251265625 0.1393125 0.5064609375 0.13904531250000002
2 0.229403125 0.51496875 0.20019218749999998 0.5129875 0.19224531250000002 0.5160015625 0.17946875 0.5314515625 0.178615625 0.5423828125 0.1663625 0.5625296875 0.167075 0.587553125 0.1752140625 0.6048671875 0.1849046875 0.6175125 0.20116562500000001 0.633378125 0.21690312500000003 0.6445453125 0.23021875 0.6525531250000001 0.2518296875 0.660678125 0.2794890625 0.6673281249999999 0.314746875 0.66783125 0.33271562499999996 0.6618359375 0.363809375 0.6435203125 0.376934375 0.6312015625 0.38211093749999997 0.6218953125 0.3819359375 0.6203296875000001 0.3834875 0.6156625 0.38087343749999997 0.592175 0.3708359375 0.5763984375 0.367715625 0.5669734375 0.3490328125 0.5479468749999999 0.315309375 0.5240140625 0.2978453125 0.5159484375 0.2722609375 0.5093296875 0.24944687499999998 0.509003125 0.229403125 0.51496875
2 0.179215625 0.25005 0.1742140625 0.260921875 0.1749109375 0.26718593749999997 0.16835781249999998 0.282725 0.17112812500000002 0.2890171875 0.1882421875 0.293953125 0.206909375 0.29422031249999997 0.212434375 0.2880453125 0.21501406250000002 0.2740125 0.220190625 0.26470625000000003 0.2409140625 0.24624375 0.2626828125 0.237175 0.2956921875 0.2360828125 0.29741875 0.23298125 0.2951703125 0.23138593749999997 0.28910468749999996 0.214103125 0.279240625 0.19989218749999998 0.27249687499999997 0.1951046875 0.24448906250000002 0.18532500000000002 0.2112875 0.166090625 0.20299218749999998 0.165971875 0.191784375 0.1955140625 0.18645 0.2220140625 0.181446875 0.2328859375 0.179215625 0.25005
3 0.45780312500000003 0.6135984375 0.4389625 0.611765625 0.42167343749999997 0.605265625 0.401265625 0.589340625 0.383628125 0.5797078124999999 0.379828125 0.5827796875 0.3826 0.5890734375 0.3857359375 0.6172578125 0.3843578125 0.623490625 0.3828078125 0.628159375 0.3733078125 0.6358390625 0.36623125 0.64668125 0.32511718749999996 0.6679796875 0.3088734375 0.670875 0.273440625 0.6688046875 0.264796875 0.6655546875 0.2437078125 0.662125 0.234209375 0.6698062499999999 0.2321515625 0.6885375 0.22525 0.7009453125 0.18500624999999998 0.7300718749999999 0.1853546875 0.733203125 0.187603125 0.7347984375000001 0.2021203125 0.73500625 0.21404218749999998 0.7304875 0.23650781250000003 0.7276828125 0.30648437500000003 0.7052328125 0.340175 0.6916453125 0.3627984375 0.6716453125 0.3861171875 0.657909375 0.4020125 0.6518828125 0.42033125 0.64901875 0.4412453125 0.6508812500000001 0.460434375 0.6558453125 0.4958828125 0.6766765625 0.5129984375000001 0.6816109375 0.5289109375 0.6943453125 0.5351328125 0.6944343749999999 0.5462 0.7008453125 0.5569171875000001 0.704125 0.5878546874999999 0.7030046875 0.591653125 0.6999328125 0.599775 0.6984843749999999 0.6070265625 0.689209375 0.6068515624999999 0.68764375 0.6061375 0.6626203125 0.60111875 0.65473125 0.5666984375 0.6245359374999999 0.5333218750000001 0.6037359375 0.5117109375 0.595609375 0.4980640625 0.60323125 0.4963390625 0.6063328125 0.48234374999999996 0.6108234375 0.459703125 0.6120625000000001 0.45780312500000003 0.6135984375
3 0.556878125 0.275775 0.48826093750000005 0.27323125 0.4863625 0.2747671875 0.451278125 0.275828125 0.42708593749999996 0.28173593750000003 0.411190625 0.2877609375 0.4054921875 0.2923703125 0.40671093750000004 0.30333125 0.41363125 0.3096828125 0.43074531250000003 0.3146171875 0.4352421875 0.317809375 0.45545937500000006 0.3134078125 0.49054374999999995 0.31234687499999997 0.5264984375 0.3191140625 0.53514375 0.3223640625 0.576134375 0.3557796875 0.5887703125 0.376284375 0.6109046874999999 0.3891078125 0.632515625 0.39723281250000003 0.6705609375 0.42279062500000003 0.678178125 0.43540625000000005 0.680965625 0.460459375 0.6958484375 0.48255781249999996 0.7019140625 0.49984062500000004 0.70918125 0.509325 0.720421875 0.517303125 0.7252671875 0.523625 0.7309828125 0.5377765625 0.7579625 0.556921875 0.765578125 0.5695375 0.7667984375 0.5804984375 0.7648984375000001 0.582034375 0.7754421875 0.5837484374999999 0.7828671875000001 0.5760390625 0.7802546875 0.5525515624999999 0.7717671875 0.53210625 0.767253125 0.51015625 0.7688046875000001 0.5054875 0.7800296875 0.49470468749999996 0.7864093750000001 0.47759999999999997 0.786234375 0.47603437499999995 0.785171875 0.44787968749999996 0.7763359375000001 0.42430312499999995 0.7714921875 0.41798124999999997 0.77096875 0.4132828125 0.739825 0.37531875000000003 0.70108125 0.343496875 0.665109375 0.3179703125 0.6168671875 0.2938296875 0.590934375 0.2840796875 0.556878125 0.275775
3 0.6775140625 0.4666625 0.6737140625 0.469734375 0.6740625 0.4728671875 0.6647390625 0.48211250000000005 0.653165625 0.48976406250000004 0.6536890625 0.4944609375 0.677896875 0.5073140625 0.6964046875000001 0.524775 0.7088656249999999 0.5437140625 0.7151046875 0.5625625000000001 0.71995 0.5688859374999999 0.740184375 0.5832437500000001 0.7488296875 0.5864953125000001 0.7591984375 0.58664375 0.7629984375000001 0.5835703125 0.7628250000000001 0.5820046875 0.7635046875 0.5695078125 0.7607328125 0.563215625 0.7558890625 0.5568921875 0.7266609374999999 0.5361515625 0.7207703125 0.520434375 0.70710625 0.5092953125 0.697590625 0.498215625 0.6846078125 0.47458125000000007 0.6840843750000001 0.4698828125 0.6775140625 0.4666625
4 0.39032187500000004 0.5282140625 0.3906703125 0.5313453124999999 0.37841718750000003 0.55149375 0.3772140625 0.5592937499999999 0.38275625 0.571878125 0.42132500000000006 0.6021328125000001 0.44501093750000004 0.6102890624999999 0.4636765625 0.6105562499999999 0.4655765625 0.6090203125 0.48614218749999993 0.60775 0.5056625 0.5970859374999999 0.5317375 0.5708828125000001 0.541915625 0.55070625 0.5417421874999999 0.5491390625 0.5413765625 0.5272484375000001 0.5361828125 0.5177937499999999 0.5221703125 0.5035234375 0.504359375 0.492325 0.480325 0.4810390625 0.4530140625 0.477521875 0.44091874999999997 0.48047500000000004 0.43124531250000003 0.486590625 0.4046484375 0.5080953125 0.39032187500000004 0.5282140625
5 0.5239578125000001 0.761496875 0.5341375 0.74131875 0.5384421875000001 0.724184375 0.5382687500000001 0.72261875 0.5346265625 0.708496875 0.5247625 0.6942859375 0.5110984375000001 0.683146875 0.49830625 0.6798375 0.5131890625 0.7019359374999999 0.5206484375 0.731746875 0.5147906250000001 0.7535484375 0.5004640625000001 0.7736671875 0.512559375 0.7707140625 0.5239578125000001 0.761496875
5 0.2130125 0.1629875 0.2309984375 0.17575156249999999 0.272321875 0.1935390625 0.27871875 0.19519375 0.324346875 0.195846875 0.33229375 0.192834375 0.338515625 0.19292343750000002 0.3523375 0.1868671875 0.378934375 0.1653609375 0.388084375 0.1545484375 0.3911875 0.1452140625 0.3937671875 0.13118125 0.39254687499999996 0.12022031250000001 0.394446875 0.118684375 0.3942734375 0.11711875000000001 0.39235625 0.09989375 0.381446875 0.0762875 0.369334375 0.06048125 0.3444296875 0.041365625 0.3203953125 0.030078125 0.239509375 0.028921875000000003 0.23140312500000002 0.049129687500000005 0.219184375 0.10679687499999999 0.21418281249999999 0.11766875000000002 0.207296875 0.1488359375 0.20816875 0.156665625 0.2130125 0.1629875
5 0.5934796875 0.2325265625 0.5948734375 0.245053125 0.5914234375 0.25125625 0.5703515625 0.2665890625 0.5565296875 0.27264374999999996 0.592834375 0.28254375 0.6187671875 0.29229375 0.638653125 0.303521875 0.658190625 0.3116171875 0.6640640624999999 0.308575 0.6873671875 0.276078125 0.6871937499999999 0.2745125 0.684928125 0.2541578125 0.6769640625 0.2384109375 0.667446875 0.22733124999999998 0.6541328125 0.2193234375 0.62405 0.2095140625 0.5991625 0.20915781249999998 0.5931140625 0.210634375 0.5915640625 0.21530156250000002 0.5953796875 0.230990625 0.5934796875 0.2325265625
5 0.272940625 0.4968328125 0.265340625 0.5029765625 0.2677640625 0.5061375 0.2911015625 0.5111625 0.317209375 0.522478125 0.348684375 0.544815625 0.3604484375 0.557490625 0.36667031250000004 0.557578125 0.3796203125 0.54369375 0.37927187500000004 0.5405625 0.3930765625 0.5157468749999999 0.4003265625 0.5064703125000001 0.400153125 0.5049046875000001 0.3997875 0.4830140625 0.3942453125 0.47042812500000003 0.3752140625 0.44826875 0.3574015625 0.43707031250000006 0.3337171875 0.42891562499999997 0.298284375 0.42684531249999996 0.2841140625 0.42976875000000003 0.28759843749999997 0.46108593750000004 0.28501875 0.47511875000000003 0.272940625 0.4968328125
1 0.1377296875 0.43549218749999996 0.12809062499999999 0.4791265625 0.1263828125 0.5009890625 0.14004531250000002 0.512128125 0.17220156250000002 0.5219671875 0.1784234375 0.52205625 0.19984375000000001 0.50985625 0.2290546875 0.5118375000000001 0.251171875 0.5059 0.26309375 0.50138125 0.2762171875 0.4890625 0.2812203125 0.478190625 0.28500312499999997 0.4563578125 0.284828125 0.4547921875 0.283259375 0.4407 0.27754375 0.4265484375 0.26318281250000003 0.40914687499999997 0.24312343749999998 0.396353125 0.2171890625 0.386603125 0.1853828125 0.37989375000000003 0.150646875 0.3840875 0.14287343749999998 0.388665625 0.14149687500000002 0.3949 0.1377296875 0.43549218749999996
1 0.3217 0.7117046874999999 0.3165234375 0.7210093750000001 0.31791718750000003 0.7335359375 0.3257078125 0.7477171874999999 0.336775 0.7541296875 0.351815625 0.7590343749999999 0.3717015625 0.7702625000000001 0.378096875 0.7719171874999999 0.39833124999999997 0.7862765625 0.4258171875 0.7913593750000001 0.45899999999999996 0.791834375 0.4869921875 0.7828546875 0.509265625 0.7597234375 0.5158203125 0.744184375 0.5156453125 0.7426171874999999 0.517196875 0.73795 0.514234375 0.71133125 0.498828125 0.6845343749999999 0.484990625 0.6718296875 0.4694265625 0.6622281250000001 0.44141874999999997 0.652446875 0.4021875 0.6534500000000001 0.3726453125 0.667096875 0.342771875 0.696371875 0.3217 0.7117046874999999
1 0.40052343749999997 0.34076249999999997 0.391721875 0.35470625 0.38914218749999996 0.3687390625 0.390709375 0.38283125 0.3929578125 0.38442656249999996 0.397296875 0.40481249999999996 0.4049125 0.41742656250000004 0.4142546875 0.426940625 0.44538124999999995 0.4461453125 0.4540265625 0.449396875 0.4835859375 0.45450937500000005 0.51866875 0.453446875 0.55668125 0.44148437500000004 0.581378125 0.4215140625 0.5848296875 0.4153109375 0.583784375 0.405915625 0.585684375 0.4043796875 0.585509375 0.40281406249999996 0.5818515625 0.36993125 0.5766578124999999 0.360478125 0.567315625 0.3509640625 0.5420625 0.3287171875 0.53324375 0.32389999999999997 0.4991875 0.315596875 0.45165937500000003 0.3164796875 0.42764375 0.323953125 0.4158953125 0.3300390625 0.40052343749999997 0.34076249999999997
1 0.5411343750000001 0.4506421875 0.526965625 0.453565625 0.5257625 0.461365625 0.533553125 0.47554687500000004 0.558109375 0.49153125 0.56450625 0.4931859375 0.5949187499999999 0.4873671875 0.6198078125 0.48772343749999997 0.6220546875 0.48931874999999997 0.6471171874999999 0.491240625 0.6681890625 0.47590937499999997 0.673540625 0.46816874999999997 0.673365625 0.46660312499999995 0.67836875 0.45573125000000003 0.6764515624999999 0.4385078125 0.6662390625 0.421165625 0.6349375 0.40039375 0.591715625 0.3841421875 0.5856671875 0.3856203125 0.5884546875 0.41067187499999996 0.5817265625 0.424646875 0.5589296874999999 0.44307968750000004 0.5411343750000001 0.4506421875
1 0.716909375 0.26243125 0.6992890625 0.271559375 0.684090625 0.2838484375 0.6735625 0.30089375 0.67340625 0.3180890625 0.6827468750000001 0.3276015625 0.73480625 0.3674296875 0.7602328125 0.39124375 0.7849468749999999 0.3900328125 0.8127640625 0.37948750000000003 0.8260624999999999 0.368734375 0.8422890625000001 0.34708125 0.847290625 0.33620937500000003 0.8471171875 0.33464375 0.847796875 0.322146875 0.8360156249999999 0.2907109375 0.8311718750000001 0.28438906249999996 0.80401875 0.2636765625 0.797446875 0.26045625 0.7741109374999999 0.2554328125 0.75544375 0.255165625 0.7535453125 0.2567015625 0.732978125 0.257971875 0.716909375 0.26243125
1 0.6488046875 0.636653125 0.629109375 0.6457515625 0.6249609375 0.6456921875 0.6211625 0.6487640625 0.6170140625 0.6487046875 0.6094140625 0.6548499999999999 0.612725 0.6846 0.6322796875 0.71145625 0.6547625 0.7274109375 0.6739515625 0.732375 0.7029875 0.732790625 0.7294265625 0.7284796874999999 0.75896875 0.71483125 0.7760671875 0.70100625 0.78469375 0.685496875 0.7845203125 0.68393125 0.7848515625 0.668303125 0.779309375 0.6557171875 0.7587265624999999 0.6382265625 0.7351984375 0.6128765625 0.7218843749999999 0.60486875 0.7094390625 0.604690625 0.692515625 0.6200828125 0.6804203125 0.6230359375 0.6569265625 0.63520625 0.6488046875 0.636653125
1 0.081603125 0.675440625 0.07799375 0.6988390625 0.069540625 0.7159140625 0.0685125 0.7252796874999999 0.08165312500000001 0.7317203125 0.1006671875 0.73511875 0.146296875 0.735771875 0.1685875 0.7314 0.19035625 0.7223328125 0.2211015625 0.7008859375000001 0.228003125 0.6884781249999999 0.22781250000000003 0.6681515625000001 0.2297125 0.666615625 0.2295375 0.66505 0.22624375 0.654059375 0.19476875 0.6317234375 0.1665703125 0.601615625 0.1532546875 0.593609375 0.131975 0.5698546875 0.11433750000000001 0.5602234375 0.1103640625 0.5617296875 0.1088125 0.566396875 0.0922875 0.6412 0.081603125 0.675440625
0 0.880009375 0.7790953125 0.870825 0.7523875 0.8474718749999999 0.7286046875000001 0.8040749999999999 0.7107875 0.768815625 0.7102828125 0.7076578125 0.7375484375 0.6973046875 0.756159375 0.7002671874999999 0.782778125 0.7129015625 0.8032828125 0.7357328125 0.8223687500000001 0.7618406249999999 0.8336859375 0.8123140624999999 0.8406609375 0.8368546875 0.837884375 0.860696875 0.8288453125 0.8769234375 0.8071921874999999 0.880009375 0.7790953125
0 0.8875968750000001 0.56815625 0.8808359375 0.5446093750000001 0.8599046875 0.5239874999999999 0.8030171875000001 0.496596875 0.7841765625 0.4947640625 0.771053125 0.5070828125 0.7850984375000001 0.5588734375 0.777690625 0.58534375 0.7574734375000001 0.5897453125000001 0.7211703125 0.5798453125 0.739853125 0.5988734375 0.7936203125 0.6168390625 0.8328515624999999 0.6158359375 0.8629171875000001 0.6068859375 0.876215625 0.5961328124999999 0.8875968750000001 0.56815625
0 0.630525 0.49100312500000004 0.584896875 0.4903515625 0.54585625 0.5116796875 0.5438156249999999 0.54916875 0.5301859375 0.5755515625000001 0.5542374999999999 0.6055984375000001 0.606975 0.6329281250000001 0.6505296875 0.6335515625 0.6921671875000001 0.61695 0.7147734375 0.578190625 0.6967531250000001 0.5279078125 0.66475625 0.5008734375 0.630525 0.49100312500000004
0 0.4364671875 0.142734375 0.4094875 0.12358906249999999 0.39704375000000003 0.12341093750000001 0.390159375 0.154578125 0.3564859375 0.1869265625 0.32866875 0.19747187500000002 0.283215625 0.1983859375 0.3038140625 0.2346359375 0.362253125 0.257359375 0.40373281250000004 0.2579515625 0.43137499999999995 0.24584062499999998 0.44587656249999996 0.2272890625 0.45135 0.164834375 0.4364671875 0.142734375
