2 0.713746875 0.486459375 0.7073265625 0.480765625 0.6884109375 0.4761578125 0.6862421875 0.47322031249999996 0.6778265625000001 0.4708265625 0.6674140625 0.4717296875 0.6530078125000001 0.479228125 0.6405546875 0.48187187500000006 0.62823125 0.489190625 0.6221546874999999 0.49596718749999996 0.618246875 0.5056812500000001 0.618290625 0.5072390625 0.6126015625 0.5280453125 0.6132453124999999 0.5514265625 0.617840625 0.5666515624999999 0.626471875 0.576840625 0.645515625 0.586125 0.658096875 0.5881578125 0.6705921874999999 0.587075 0.6763671875 0.5693859375 0.696334375 0.53640625 0.713746875 0.486459375
2 0.7708109375000001 0.284640625 0.7580578124999999 0.276371875 0.7391859375000001 0.273321875 0.7204843750000001 0.27650625 0.703953125 0.282628125 0.6895890625 0.2916859375 0.673271875 0.30560156250000003 0.67131875 0.31045781250000004 0.6713609375 0.3120171875 0.6655859375000001 0.3297046875 0.6659734375 0.3437328125 0.6749906250000001 0.36795 0.6814109375 0.37364375 0.717415625 0.39239375 0.73420625 0.395625 0.748784375 0.39435937499999996 0.75078125 0.3910625 0.7859906249999999 0.3051984375 0.7708109375000001 0.284640625
2 0.59349375 0.5922 0.593321875 0.5859656249999999 0.584646875 0.57421875 0.5740203125 0.567328125 0.5487703125000001 0.56014375 0.5154921875 0.56459375 0.4990453125 0.5738328125 0.4909734375 0.5839078125 0.491015625 0.585465625 0.4889765625 0.5872046875 0.4897921875 0.6168203125 0.49434531249999997 0.6304875 0.5008078125 0.6377390625 0.5092671875 0.6416937500000001 0.5344296875000001 0.645759375 0.5531734375 0.6441343749999999 0.5758234375 0.63279375 0.5834671874999999 0.6071328125 0.59349375 0.5922
3 0.70595 0.2793296875 0.7287296875 0.2726671875 0.741225 0.2715828125 0.7558890625 0.2734359375 0.7686 0.2801453125 0.7727640625000001 0.27978281250000003 0.7746328124999999 0.271809375 0.7866125 0.2520203125 0.8009328124999999 0.241403125 0.8153390625 0.2339046875 0.819375 0.22886718749999999 0.8130421875 0.226290625 0.7964234375 0.2292953125 0.767525 0.24117656250000002 0.75095 0.2457390625 0.724134375 0.257440625 0.7016125 0.27345625 0.6727562500000001 0.286896875 0.66234375 0.2878 0.6603046875 0.2895390625 0.639434375 0.2897875 0.6204765625 0.28362031249999997 0.6098484375 0.2767296875 0.5990921874999999 0.2651625 0.5946687500000001 0.256171875 0.5944109375 0.2468203125 0.590075 0.24094687499999998 0.5859093750000001 0.24130781250000002 0.57775 0.248265625 0.5677671875 0.26475624999999997 0.5678109375 0.2663140625 0.5682828125 0.2834609375 0.574875 0.2953875 0.5855875 0.3053953125 0.6110953125 0.3219328125 0.6237625 0.3270828125 0.6405953125 0.3318734375 0.6635890625 0.333003125 0.66919375 0.30907968750000003 0.6833843749999999 0.2937875 0.70595 0.2793296875
3 0.606396875 0.5301453125 0.566740625 0.5304609375 0.5499515625 0.5272296875 0.52878125 0.5165671875 0.5155125 0.48959374999999994 0.514953125 0.46933125000000003 0.4936984375 0.45555 0.48715 0.44518125 0.48459375 0.428215625 0.48850156250000004 0.41850156250000003 0.49258125 0.41502343750000004 0.49440625000000005 0.405490625 0.49002656250000004 0.3980578125 0.477271875 0.3897890625 0.46421875 0.3706109375 0.4613625 0.342734375 0.4634015625 0.3409953125 0.46123281250000003 0.3380578125 0.45485625 0.33392343750000003 0.44444375 0.3348265625 0.44044999999999995 0.3414234375 0.4388828125 0.36030937500000004 0.44339218750000003 0.3724171875 0.443821875 0.3880046875 0.43366718750000005 0.39825937499999997 0.42780625 0.41282968750000004 0.42784843749999996 0.4143890625 0.42832187499999996 0.431534375 0.441890625 0.46941875 0.47008124999999995 0.5075968750000001 0.4979296875 0.5333046875 0.52976875 0.5524171875 0.548728125 0.5585859375 0.573890625 0.5626515624999999 0.611378125 0.5594 0.6107328125 0.53601875 0.606396875 0.5301453125
4 0.42598125 0.42236406249999997 0.4196046875 0.41822968749999995 0.392615625 0.42369531250000003 0.3761265625 0.43137499999999995 0.3659296875 0.440071875 0.365971875 0.44163125000000003 0.361978125 0.448228125 0.3624515625 0.4653734375 0.375290625 0.476759375 0.3901265625 0.484846875 0.42310468749999997 0.4694859375 0.4335171875 0.46858281249999995 0.43555781250000003 0.46684374999999995 0.43525625 0.45593281250000006 0.42628125 0.43327499999999997 0.42598125 0.42236406249999997
5 0.6254625 0.6159890625 0.60893125 0.6221109375 0.5843265625 0.6383062500000001 0.5723890625 0.6596546875 0.5724328125 0.6612125 0.5711234375 0.68945 0.5734203124999999 0.6970640625 0.5842203125000001 0.7101890625 0.594890625 0.7186375 0.609640625 0.7236078125 0.6156734375 0.715271875 0.6547484375 0.6181359375000001 0.6525796875000001 0.6151984374999999 0.64420625 0.6143625 0.6254625 0.6159890625
5 0.711125 0.39137656249999997 0.7089562500000001 0.388440625 0.679328125 0.3738234375 0.6751625 0.3741859375 0.6650078125000001 0.384440625 0.659146875 0.3990109375 0.6591890625 0.4005703125 0.6597484375 0.42083281250000004 0.661959375 0.4253296875 0.6727593749999999 0.4384546875 0.6897640625 0.449478125 0.693928125 0.4491171875 0.7016578124999999 0.42657187499999993 0.7096875 0.41493906249999996 0.7281296875 0.4024015625 0.732165625 0.3973640625 0.711125 0.39137656249999997
5 0.536146875 0.5565515624999999 0.5298546875000001 0.5555343749999999 0.5150187500000001 0.547446875 0.4915953125 0.5307296874999999 0.48339375 0.5361281250000001 0.4753640625 0.5477624999999999 0.47540625 0.549321875 0.47336718749999995 0.5510609375 0.4739265625 0.5713234375 0.47834843749999995 0.580315625 0.48476875 0.5860078125 0.48893437500000003 0.585646875 0.4969640625 0.5740125 0.5072046875 0.566875 0.521653125 0.560934375 0.5320671875 0.56003125 0.536146875 0.5565515624999999
1 0.599353125 0.42607343750000004 0.5991375 0.4182796875 0.5861265625 0.4006578125 0.5776671875 0.3967046875 0.565171875 0.3977890625 0.54655625 0.404090625 0.53614375 0.40499375000000004 0.5235624999999999 0.40296093749999995 0.5069015625 0.40440624999999997 0.49058437499999996 0.418321875 0.490628125 0.41987968750000004 0.4867203125 0.42959375 0.489275 0.446559375 0.49578125 0.45536875 0.510659375 0.46501562500000004 0.5169078125000001 0.4644734375 0.5249375 0.452840625 0.5433375 0.43874375 0.56815625 0.4303421875 0.5973124999999999 0.42781250000000004 0.599353125 0.42607343750000004
1 0.616078125 0.5027437499999999 0.6220687500000001 0.49284999999999995 0.6343062500000001 0.4824140625 0.646715625 0.4782125 0.6507953125 0.4747328125 0.6503234375 0.4575875 0.6438171875 0.4487765625 0.6267703124999999 0.43619375 0.5994375 0.42919062500000005 0.5723640624999999 0.4315390625 0.5620375 0.43555937499999997 0.551625 0.43646250000000003 0.53721875 0.44396250000000004 0.5230265625 0.45925625 0.5190328125 0.4658515625 0.51950625 0.48299843750000004 0.517465625 0.48473750000000004 0.5195921875 0.48611562499999994 0.5197640625 0.49234999999999995 0.5263125 0.50271875 0.5286953125 0.51345 0.5393656250000001 0.5218984375 0.56040625 0.5278859375 0.5812765625 0.5276375 0.5834015625 0.529015625 0.6083921875 0.526846875 0.6124296874999999 0.521809375 0.616078125 0.5027437499999999
1 0.7588515625000001 0.2294296875 0.7605906250000001 0.2167796875 0.7541703125 0.2110859375 0.7500046874999999 0.2114484375 0.7457546875000001 0.2086921875 0.7415890625 0.209053125 0.72263125 0.2028859375 0.718465625 0.203246875 0.7142140625 0.20049062499999998 0.7037578124999999 0.1998359375 0.6448875000000001 0.18463125 0.6345171875 0.1870921875 0.6201109375 0.1945921875 0.6078734375 0.20502812499999998 0.5978890625 0.22151875 0.5979328125000001 0.22307812500000002 0.594325 0.243703125 0.60113125 0.2634234375 0.620434375 0.2820609375 0.641475 0.2880484375 0.67063125 0.28551875 0.7015687500000001 0.2718984375 0.7240484375 0.25432343749999997 0.7384984375 0.2483828125 0.7486953125 0.2396859375 0.7588515625000001 0.2294296875
1 0.564075 0.28226249999999997 0.5655984375 0.26181875 0.575496875 0.24221093749999997 0.5710296875 0.2316609375 0.564653125 0.22752656249999997 0.5372796875 0.2189640625 0.5226578125 0.21867031250000002 0.52061875 0.22040937500000002 0.5039578125 0.22185468749999998 0.47918125 0.2318171875 0.4586984375 0.24609375 0.452665625 0.2544296875 0.45270937499999997 0.2559875 0.448715625 0.262584375 0.4514 0.284225 0.4665796875 0.3047828125 0.47933281250000004 0.3130515625 0.4855796875 0.312509375 0.512353125 0.29925 0.53309375 0.294325 0.5454609375 0.288565625 0.562034375 0.284003125 0.564075 0.28226249999999997
1 0.4813546875 0.53786875 0.485346875 0.5312718750000001 0.48521875000000003 0.5265953125 0.4658734375 0.5064 0.46361875 0.5003453125 0.4550734375 0.493275 0.4398515625 0.4711578125 0.423190625 0.472603125 0.4025359375 0.4806453125 0.382096875 0.49648125 0.3760640625 0.504815625 0.37610625 0.506375 0.374153125 0.51123125 0.3747109375 0.5314953124999999 0.377009375 0.5391078125 0.383471875 0.546359375 0.40043281249999996 0.555825 0.41305781250000007 0.5594171875 0.4485046875 0.5579046875 0.454709375 0.5558046875 0.469115625 0.5483046875 0.4813546875 0.53786875
1 0.6960109375 0.44893593750000005 0.6960546875 0.4504953125 0.6985234375 0.46434375 0.705071875 0.4747125 0.7114921875 0.4804046875 0.717696875 0.4783046875 0.74683125 0.3992171875 0.7447046875 0.3978390625 0.7342921875 0.3987421875 0.7138093750000001 0.41301875 0.70174375 0.429690625 0.6960109375 0.44893593750000005
0 0.6589750000000001 0.39277656250000004 0.6649640625 0.3828828125 0.6751203125 0.3726265625 0.675034375 0.369509375 0.6662734375 0.35464375000000004 0.6616359375 0.33785937499999996 0.6531765625 0.33390624999999996 0.644846875 0.3346296875 0.630096875 0.329659375 0.6176437499999999 0.3323015625 0.6074453125 0.34099843750000003 0.6014125 0.34933437500000003 0.5976343749999999 0.36372343749999997 0.593596875 0.3687609375 0.593640625 0.37032031249999997 0.58769375 0.38177343750000003 0.5880796875 0.3958015625 0.599009375 0.413603125 0.6096796875 0.4220515625 0.64121875 0.430253125 0.655796875 0.4289890625 0.6598765625 0.425509375 0.657665625 0.4210140625 0.65710625 0.40075000000000005 0.6589750000000001 0.39277656250000004
0 0.5975734375 0.588721875 0.5875468749999999 0.603653125 0.5797749999999999 0.6246390625 0.5799890624999999 0.6324328125 0.5842828124999999 0.6367484375 0.5863234375 0.6350078124999999 0.6088875 0.6205515625 0.619215625 0.61653125 0.6399984375 0.6131656249999999 0.6546624999999999 0.6150187500000001 0.6567015625 0.613278125 0.6665140625 0.590553125 0.6434765625 0.5878640625 0.6265140625 0.5783984375 0.6161015625 0.5793015625 0.5975734375 0.588721875
0 0.542409375 0.17789531249999999 0.537815625 0.1626703125 0.5229796875 0.1545828125 0.45998593750000005 0.14129843749999998 0.4474890625 0.14238125 0.42891874999999996 0.1502421875 0.41872031249999997 0.1589390625 0.4127734375 0.17039218750000001 0.4070828125 0.1911984375 0.40712656249999996 0.19275625000000002 0.4096390625 0.20816249999999997 0.42048125000000003 0.22284687500000003 0.43956875 0.233690625 0.458484375 0.2383 0.4668140625 0.2375765625 0.489421875 0.224678125 0.5267375000000001 0.21519218750000002 0.5306875 0.20703749999999999 0.5388453125 0.2000796875 0.542409375 0.17789531249999999
0 0.5440625 0.162128125 0.5421953125 0.170103125 0.5443203125 0.1714796875 0.5448359375 0.19018437500000002 0.540971875 0.2014578125 0.5349390625 0.20979375 0.53498125 0.21135156249999998 0.5371937499999999 0.215846875 0.5435265625000001 0.21842343749999998 0.572940625 0.22524531250000002 0.58721875 0.21307031250000003 0.5997140625 0.2119859375 0.6118234375 0.1968734375 0.6177265625 0.18386249999999998 0.6175546875 0.1776265625 0.5691828125 0.1646359375 0.5440625 0.162128125
0 0.595465625 0.3607875 0.5953359375 0.3561109375 0.5993296875 0.3495140625 0.59894375 0.3354859375 0.5858453124999999 0.3147484375 0.5772999999999999 0.30767656250000003 0.5687984375 0.302165625 0.541509375 0.2967203125 0.5123968750000001 0.3008078125 0.4856234375 0.31406718749999996 0.46552812499999996 0.3423734375 0.46557031249999997 0.34393125 0.46383125 0.35658124999999996 0.4659578125 0.35795937499999997 0.4662578125 0.3688703125 0.48148125 0.3909875 0.49844218749999997 0.400453125 0.53401875 0.4036171875 0.5465140625 0.40253281249999995 0.5610062499999999 0.39815 0.5794484375 0.3856140625 0.595465625 0.3607875
0 0.438325 0.3400453125 0.446440625 0.3315296875 0.45060625 0.3311671875 0.46535624999999997 0.3361375 0.4775078125 0.32258437500000003 0.47941874999999995 0.31616875 0.45820625000000004 0.303946875 0.4373359375 0.3041953125 0.43529687499999997 0.305934375 0.4145140625 0.3093 0.402146875 0.31505937500000003 0.392034375 0.32687343750000003 0.392078125 0.3284328125 0.38613125 0.33988593749999996 0.3865171875 0.3539140625 0.3909828125 0.3644640625 0.40603437500000006 0.3803453125 0.42716093749999995 0.38944999999999996 0.43765937499999996 0.39166406249999997 0.44173906250000006 0.38818437499999997 0.441353125 0.37415625 0.43684375 0.36204843750000004 0.438325 0.3400453125
