2 0.684375 0.5458328125 0.6703125 0.55625 0.6671875 0.55625 0.646875 0.5770828125 0.634375 0.59375 0.6296875 0.6041671875 0.6234375 0.6333328125000001 0.6234375 0.6520828125 0.628125 0.66875 0.6359375 0.675 0.6515625 0.6770828125 0.6890625 0.6916671875 0.7375 0.7 0.7515625 0.6854171874999999 0.7625 0.6583328125000001 0.7671875 0.6416671875 0.76875 0.6145828125 0.7625 0.5916671874999999 0.74375 0.5625 0.728125 0.5520828125 0.7125 0.5458328125 0.7109375 0.5458328125 0.6921875 0.54375 0.684375 0.5458328125
2 0.4453125 0.5270828125 0.44375 0.5291671874999999 0.425 0.53125 0.4140625 0.5375 0.396875 0.5604171874999999 0.39375 0.5708328125000001 0.3921875 0.5958328125000001 0.4 0.6020828125000001 0.40625 0.6020828125000001 0.4125 0.60625 0.434375 0.6125 0.46875 0.6291671875 0.50625 0.6395828125 0.5140625 0.6395828125 0.53125 0.5958328125000001 0.53125 0.5875 0.5265625 0.575 0.5203125 0.5666671875 0.5125 0.54375 0.5046875 0.5354171875 0.49375 0.5291671874999999 0.4921875 0.5291671874999999 0.4875 0.5270828125 0.4453125 0.5270828125
2 0.334375 0.3958328125 0.3265625 0.40208281250000005 0.315625 0.425 0.3125 0.4375 0.3109375 0.46041718749999994 0.3171875 0.48333281250000004 0.325 0.49375 0.3359375 0.49375 0.3515625 0.49791718749999997 0.3625 0.5041671875 0.3671875 0.5041671875 0.378125 0.5125 0.384375 0.5125 0.39375 0.50625 0.4109375 0.48125 0.415625 0.46041718749999994 0.415625 0.43333281250000005 0.4078125 0.4125 0.396875 0.3979171875 0.36875 0.3895828125 0.3671875 0.3895828125 0.346875 0.3916671875 0.334375 0.3958328125
3 0.5609375 0.2916671875 0.5203125 0.3083328125 0.4921875 0.3291671875 0.459375 0.3625 0.44375 0.3833328125 0.4234375 0.425 0.415625 0.47083281250000003 0.415625 0.50625 0.4171875 0.5145828125 0.421875 0.5291671874999999 0.4296875 0.5291671874999999 0.45 0.5229171874999999 0.4515625 0.51875 0.4515625 0.4791671875 0.4546875 0.46041718749999994 0.4609375 0.43958281250000003 0.471875 0.42291718749999996 0.4984375 0.40625 0.5171875 0.40416718749999997 0.5359375 0.375 0.5453125 0.36875 0.5546875 0.3645828125 0.565625 0.3645828125 0.5796875 0.3708328125 0.5890625 0.3708328125 0.6015625 0.3666671875 0.6125 0.3583328125 0.6203125 0.3479171875 0.634375 0.3375 0.653125 0.3291671875 0.66875 0.3270828125 0.678125 0.3166671875 0.678125 0.3083328125 0.675 0.3041671875 0.665625 0.3 0.653125 0.3 0.6234375 0.3083328125 0.6140625 0.3083328125 0.60625 0.3041671875 0.596875 0.29375 0.5953125 0.29375 0.590625 0.2916671875 0.5609375 0.2916671875
4 0.6359375 0.44166718749999995 0.6171875 0.45208281250000004 0.6046875 0.46875 0.5984375 0.48125 0.5921875 0.5020828125000001 0.5921875 0.5166671875 0.5953125 0.5270828125 0.6125 0.55625 0.61875 0.5645828125000001 0.6359375 0.5770828125 0.64375 0.5770828125 0.66875 0.5520828125 0.6875 0.5416671875 0.703125 0.5395828125000001 0.70625 0.53125 0.70625 0.5104171875 0.6984375 0.4791671875 0.6875 0.46458281250000005 0.6671875 0.44583281250000006 0.665625 0.44583281250000006 0.653125 0.44166718749999995 0.6359375 0.44166718749999995
5 0.284375 0.49166718749999994 0.26875 0.49166718749999994 0.25 0.5 0.2359375 0.5145828125 0.2265625 0.53125 0.2234375 0.5416671875 0.234375 0.55 0.2546875 0.5541671874999999 0.2859375 0.5666671875 0.3078125 0.5708328125000001 0.3296875 0.5791671875 0.3375 0.5791671875 0.3453125 0.5833328125 0.3546875 0.5833328125 0.35625 0.58125 0.35625 0.5645828125000001 0.346875 0.53125 0.334375 0.5125 0.3234375 0.5020828125000001 0.303125 0.49166718749999994 0.3015625 0.49166718749999994 0.2859375 0.4895828125 0.284375 0.49166718749999994
5 0.5890625 0.5666671875 0.5796875 0.5708328125000001 0.5703125 0.5770828125 0.5546875 0.5958328125000001 0.5484375 0.6125 0.5484375 0.6166671874999999 0.575 0.6166671874999999 0.59375 0.6229171874999999 0.609375 0.6354171875 0.61875 0.65 0.621875 0.64375 0.6234375 0.61875 0.6265625 0.6083328125 0.6375 0.5875 0.6359375 0.5791671875 0.6234375 0.5708328125000001 0.621875 0.5708328125000001 0.615625 0.5666671875 0.5890625 0.5666671875
5 0.38125 0.3708328125 0.371875 0.3833328125 0.371875 0.3875 0.384375 0.3895828125 0.4015625 0.4 0.4125 0.41875 0.4171875 0.43541718749999997 0.41875 0.43541718749999997 0.425 0.41458281250000006 0.4390625 0.3895828125 0.4390625 0.3833328125 0.4296875 0.3708328125 0.4109375 0.3625 0.409375 0.3625 0.3984375 0.3625 0.38125 0.3708328125
1 0.55625 0.36875 0.5484375 0.36875 0.5390625 0.375 0.528125 0.3875 0.521875 0.40416718749999997 0.5359375 0.40833281250000003 0.55625 0.425 0.5671875 0.45 0.5703125 0.4625 0.5703125 0.4895828125 0.571875 0.49583281250000005 0.5765625 0.49791718749999997 0.59375 0.48541718749999996 0.6046875 0.4625 0.6046875 0.45625 0.596875 0.43333281250000005 0.596875 0.3979171875 0.5953125 0.3916671875 0.5828125 0.375 0.571875 0.36875 0.5703125 0.36875 0.5578125 0.3666671875 0.55625 0.36875
1 0.43125 0.25 0.4171875 0.26875 0.409375 0.2875 0.4078125 0.3208328125 0.4109375 0.3375 0.415625 0.35 0.425 0.3645828125 0.440625 0.3770828125 0.44375 0.3770828125 0.490625 0.3270828125 0.509375 0.3125 0.5078125 0.2916671875 0.503125 0.2791671875 0.484375 0.2520828125 0.471875 0.24375 0.4703125 0.24375 0.440625 0.24375 0.43125 0.25
1 0.4828125 0.42083281250000004 0.475 0.42291718749999996 0.4640625 0.4375 0.459375 0.4479171875 0.4546875 0.47083281250000003 0.453125 0.5041671875 0.4546875 0.50625 0.4546875 0.5166671875 0.459375 0.5229171874999999 0.490625 0.525 0.5 0.5291671874999999 0.5078125 0.5354171875 0.5171875 0.5479171875 0.5234375 0.5625 0.534375 0.5625 0.5453125 0.5541671874999999 0.55625 0.5416671875 0.565625 0.5208328125 0.56875 0.50625 0.56875 0.46666718749999997 0.565625 0.45208281250000004 0.5578125 0.43125 0.55 0.42083281250000004 0.534375 0.41041718749999995 0.521875 0.40625 0.5203125 0.40833281250000003 0.496875 0.41041718749999995 0.4828125 0.42083281250000004
1 0.55 0.61875 0.5359375 0.6291671875 0.5265625 0.6416671875 0.5265625 0.6458328125 0.5515625 0.65 0.58125 0.6604171875 0.60625 0.6645828125000001 0.6171875 0.6708328125 0.625 0.6708328125 0.625 0.6625 0.615625 0.6458328125 0.6078125 0.6354171875 0.590625 0.6229171874999999 0.5890625 0.6229171874999999 0.5765625 0.61875 0.55 0.61875
0 0.8109375 0.2583328125 0.7921875 0.2791671875 0.78125 0.3104171875 0.78125 0.3166671875 0.7921875 0.33125 0.8015625 0.35 0.8078125 0.375 0.809375 0.3979171875 0.828125 0.40625 0.834375 0.40416718749999997 0.8375 0.40625 0.8578125 0.4 0.8671875 0.3916671875 0.8859375 0.3666671875 0.890625 0.3458328125 0.8921875 0.3041671875 0.890625 0.3020828125 0.890625 0.2895828125 0.8859375 0.2770828125 0.8765625 0.2625 0.8609375 0.2541671875 0.859375 0.2541671875 0.825 0.2520828125 0.8109375 0.2583328125
0 0.790625 0.4479171875 0.809375 0.46875 0.821875 0.46875 0.8359375 0.47291718749999995 0.8546875 0.48541718749999996 0.8578125 0.48541718749999996 0.8609375 0.48125 0.8703125 0.4479171875 0.86875 0.41875 0.8625 0.40416718749999997 0.85 0.40416718749999997 0.840625 0.40833281250000003 0.821875 0.40833281250000003 0.8140625 0.40416718749999997 0.8125 0.40625 0.80625 0.40833281250000003 0.790625 0.4479171875
0 0.5765625 0.5041671875 0.5625 0.5333328125000001 0.5484375 0.5729171875 0.55 0.58125 0.5578125 0.5875 0.565625 0.5791671875 0.584375 0.5666671875 0.615625 0.5645828125000001 0.5921875 0.5229171874999999 0.590625 0.5 0.5921875 0.49375 0.590625 0.49166718749999994 0.5890625 0.49375 0.5859375 0.49375 0.5765625 0.5041671875
0 0.3265625 0.49791718749999997 0.325 0.5020828125000001 0.3359375 0.5125 0.346875 0.5291671874999999 0.3578125 0.5625 0.35625 0.5833328125 0.371875 0.5916671874999999 0.3890625 0.5958328125000001 0.3953125 0.5541671874999999 0.3859375 0.525 0.378125 0.5145828125 0.36875 0.5083328125000001 0.3671875 0.5083328125000001 0.34375 0.49791718749999997 0.3265625 0.49791718749999997
0 0.6515625 0.3333328125 0.6453125 0.3375 0.640625 0.3375 0.6171875 0.3541671875 0.6046875 0.3729171875 0.6015625 0.3875 0.6015625 0.3979171875 0.5984375 0.40833281250000003 0.5984375 0.4270828125 0.6015625 0.44166718749999995 0.6078125 0.45625 0.6109375 0.45625 0.628125 0.44166718749999995 0.6453125 0.4375 0.671875 0.44583281250000006 0.690625 0.46666718749999997 0.6984375 0.47083281250000003 0.7140625 0.45208281250000004 0.7203125 0.43541718749999997 0.7234375 0.41875 0.7234375 0.40416718749999997 0.71875 0.3833328125 0.70625 0.35625 0.696875 0.3458328125 0.6796875 0.3354171875 0.678125 0.3354171875 0.671875 0.33125 0.6515625 0.3333328125
0 0.6453125 0.2416671875 0.621875 0.2583328125 0.609375 0.275 0.6046875 0.2875 0.6046875 0.2979171875 0.615625 0.30625 0.6390625 0.3 0.6484375 0.3 0.65 0.2979171875 0.6734375 0.3 0.6796875 0.30625 0.68125 0.3125 0.6734375 0.3291671875 0.6890625 0.3395828125 0.696875 0.3395828125 0.7 0.3333328125 0.7 0.2895828125 0.6984375 0.2791671875 0.6890625 0.2583328125 0.678125 0.2479171875 0.6671875 0.2416671875 0.665625 0.2416671875 0.653125 0.2395828125 0.6453125 0.2416671875
1 0.8359375 0.6604171875 0.8734375 0.5541671874999999 0.8734375 0.5333328125000001 0.8625 0.5 0.8421875 0.4791671875 0.8046875 0.47083281250000003 0.7703125 0.4875 0.7484375 0.5208328125 0.746875 0.5604171874999999 0.7921875 0.6479171874999999 0.8171875 0.6645828125000001 0.8359375 0.6604171875
3 0.7515625 0.5104171875 0.784375 0.47291718749999995 0.7765625 0.45625 0.740625 0.44375 0.7046875 0.4791671875 0.709375 0.5416671875 0.7453125 0.5604171874999999 0.74375 0.5354171875 0.7515625 0.5104171875
1 0.775 0.45 0.7875 0.44375 0.80625 0.39375 0.8 0.3520828125 0.790625 0.3333328125 0.775 0.3125 0.7546875 0.3041671875 0.7140625 0.325 0.7 0.3458328125 0.7203125 0.3833328125 0.7296875 0.44166718749999995 0.775 0.45
