2 0.2904171875 0.64055625 0.2776390625 0.6444093750000001 0.275 0.6536453125 0.29069375000000003 0.7064578125 0.300740625 0.7134031249999999 0.3293515625 0.724721875 0.3563421875 0.728090625 0.37319375 0.7260765625000001 0.39023125 0.7209375 0.40328749999999997 0.7123953125 0.4100921875 0.7034374999999999 0.41310156249999996 0.6879515625 0.41527812500000005 0.6865281249999999 0.4153703125 0.684965625 0.414028125 0.6723265625 0.40643593750000007 0.6592703125 0.398471875 0.6524656249999999 0.3864359375 0.64381875 0.3579171875 0.6309375 0.3495828125 0.63038125 0.3393515625 0.6265625 0.31851875 0.6251734375 0.31 0.6277437499999999 0.2904171875 0.64055625
2 0.2459265625 0.43836875 0.24601875 0.43680624999999995 0.25055625 0.4308328125 0.2533796875 0.418471875 0.24643593749999998 0.3944796875 0.242453125 0.3910765625 0.22370312499999997 0.38982656250000003 0.2229625 0.4023265625 0.2266671875 0.41041718749999995 0.23296250000000002 0.445346875 0.2370375 0.44718749999999996 0.2459265625 0.43836875
2 0.2383796875 0.4598265625 0.2403703125 0.46152812499999996 0.23990781249999998 0.46934062499999996 0.24398124999999998 0.47118125 0.261296875 0.46135468749999997 0.28675937500000004 0.45520781250000003 0.31393593750000004 0.45545156249999996 0.3159265625 0.45715312499999994 0.3388421875 0.45868125 0.341203125 0.45413125 0.341296875 0.45256875 0.34231406249999996 0.43538125 0.33652812499999996 0.42715312499999997 0.3243984375 0.42006875 0.3059265625 0.41413124999999995 0.283009375 0.4126046875 0.25962968750000004 0.4188890625 0.25527812499999997 0.4217359375 0.250278125 0.4355203125 0.239028125 0.4488890625 0.2383796875 0.4598265625
2 0.240971875 0.4866671875 0.2525 0.5392015625 0.26851875000000003 0.55125 0.299490625 0.5580203125 0.3353703125 0.55256875 0.3460640625 0.5485765625 0.363471875 0.5371875 0.3701859375 0.5297921875 0.370278125 0.5282296875 0.3773609375 0.5145828125 0.378009375 0.5036453125 0.37458281250000003 0.49086875 0.3649078125 0.4776734375 0.3408328125 0.46038125 0.293009375 0.45562500000000006 0.269721875 0.46034687500000004 0.261203125 0.4629171875 0.2416203125 0.4757296875 0.240971875 0.4866671875
3 0.5146296875 0.35118125 0.5085640625 0.3476390625 0.4960640625 0.34680625 0.4816671875 0.3427078125 0.46083281249999997 0.34131875 0.45449062500000004 0.342465625 0.42430625 0.3577078125 0.41796249999999996 0.3588546875 0.38046250000000004 0.3563546875 0.3675921875 0.36177031249999997 0.35236093749999997 0.3717359375 0.3391203125 0.38340312499999996 0.3323140625 0.3923609375 0.3318515625 0.4001734375 0.3378234375 0.405278125 0.3503234375 0.4061109375 0.3650921875 0.4039578125 0.375509375 0.404653125 0.4029625 0.4002078125 0.4510640625 0.400278125 0.453240625 0.39885468749999997 0.45523125000000003 0.40055625 0.4801390625 0.40378437500000003 0.5129171875 0.41538125 0.5352781249999999 0.426284375 0.547221875 0.43649375 0.5586109375 0.4560765625 0.5741671875 0.4759375 0.5863890625 0.48145781249999997 0.5923609375 0.48656249999999995 0.600046875 0.49805625 0.6139812499999999 0.509965625 0.6340734375 0.5238546875 0.6405093749999999 0.5211453125000001 0.6406015625 0.5195828125 0.6354625 0.5004171875 0.6220828125 0.47913125 0.6226390625 0.46975625 0.6296296875 0.4576734375 0.6287499999999999 0.437221875 0.60976875 0.4045828125 0.5959265625 0.39111093750000003 0.5718515625 0.37381875 0.5270374999999999 0.35357656249999997 0.5146296875 0.35118125
3 0.53319375 0.4967359375 0.5601859375 0.5001046875 0.5725 0.5040625000000001 0.598471875 0.5246187499999999 0.6120375 0.542778125 0.6161109375 0.5446187499999999 0.6286109375 0.5454515625 0.63523125 0.53961875 0.6353234375000001 0.53805625 0.635971875 0.52711875 0.59398125 0.49451406249999996 0.5941671875 0.4913890625 0.5882875000000001 0.48472187499999997 0.57805625 0.48090312500000004 0.5681015625 0.47239531250000005 0.5583328125 0.4607640625 0.5467125 0.48038125000000004 0.533471875 0.4920484375 0.53319375 0.4967359375
3 0.3996296875 0.2446875 0.38287031250000003 0.2451390625 0.37444375 0.2461453125 0.3551390625 0.2542703125 0.339721875 0.2673609375 0.33435156250000003 0.2873953125 0.3446296875 0.32572968750000003 0.36851875 0.34614531249999997 0.3806484375 0.3532296875 0.415971875 0.357153125 0.42231406250000003 0.35600624999999997 0.4308328125 0.35343749999999996 0.4503234375 0.3421875 0.45930625 0.33180624999999997 0.4593984375 0.33024375 0.4618515625 0.32413125 0.4526390625 0.303125 0.44865781250000003 0.299721875 0.44884218750000004 0.296596875 0.4448609375 0.29319375000000003 0.44504687499999995 0.29006875 0.42787031249999996 0.26225624999999997 0.4200921875 0.2523265625 0.414028125 0.248784375 0.3996296875 0.2446875
3 0.34236093749999996 0.32871562499999996 0.335 0.3470484375 0.3043515625 0.3701046875 0.303703125 0.38104218749999996 0.3075 0.38756875 0.30703749999999996 0.39538125 0.3143515625 0.41312499999999996 0.33055625 0.4220484375 0.34648124999999996 0.435659375 0.35328750000000003 0.4267015625 0.375046875 0.412465625 0.3879171875 0.4070484375 0.3881015625 0.40392343750000004 0.38601874999999997 0.40378437500000003 0.3775 0.40635468750000003 0.3398140625 0.40697968749999996 0.3298609375 0.398471875 0.33023125000000003 0.392221875 0.3370375 0.3832640625 0.350278125 0.371596875 0.3806484375 0.3532296875 0.36643593750000003 0.34600624999999996 0.34652812499999996 0.32899375000000003 0.34236093749999996 0.32871562499999996
3 0.4076859375 0.60288125 0.3946296875 0.6114234374999999 0.3861109375 0.61399375 0.36226875000000003 0.628090625 0.3620828125 0.6312156250000001 0.3906015625 0.644096875 0.40851875 0.659409375 0.416296875 0.669340625 0.4378703125 0.6582296875 0.45689843750000003 0.6547921875 0.4634265625 0.6505203125000001 0.4911578125 0.6413890624999999 0.5225921875 0.640346875 0.5398140625 0.6320828125 0.5399078125 0.6305203125000001 0.5446296875 0.6214234375000001 0.5452781250000001 0.6104859375 0.5393984374999999 0.6038187500000001 0.5333328125000001 0.600278125 0.5045375 0.5920828124999999 0.48833281250000005 0.5831593749999999 0.4591671875 0.581215625 0.43569375 0.5890625 0.4204625 0.599028125 0.4076859375 0.60288125
3 0.431528125 0.588784375 0.38976875 0.58756875 0.37189843749999996 0.6067703125 0.36101875 0.6138890625 0.337453125 0.6232984375 0.3414359375 0.6267015625 0.358009375 0.629375 0.36226875000000003 0.628090625 0.39263906249999997 0.609721875 0.43351875 0.5904859375 0.431528125 0.588784375
4 0.7204171875000001 0.5845140625 0.7331937500000001 0.580659375 0.7418984375 0.574965625 0.755509375 0.5570484375 0.7556015625 0.5554859375000001 0.75625 0.5445484375 0.7425921875 0.5279515625 0.73444375 0.5242703125 0.6926859375000001 0.52305625 0.66069375 0.533471875 0.6491671875 0.551528125 0.6484265625 0.564028125 0.65819375 0.5756593750000001 0.6682406249999999 0.5826046875 0.7204171875000001 0.5845140625
5 0.21055625 0.329340625 0.215046875 0.35944375 0.21875 0.367534375 0.22000000000000003 0.3817359375 0.22379687499999998 0.3882640625 0.24671249999999997 0.3897921875 0.278703125 0.379375 0.296203125 0.3664234375 0.3078234375 0.34680625 0.3079171875 0.34524374999999996 0.3091203125 0.32493125 0.3057875 0.310590625 0.2943984375 0.29100625 0.28055625 0.277534375 0.2438890625 0.26097187499999996 0.202221875 0.25819375 0.1958796875 0.259340625 0.195509375 0.265590625 0.20685156249999997 0.32125 0.21055625 0.329340625
5 0.508240625 0.6707640625 0.5090734375 0.6567015625 0.5054624999999999 0.6470484375 0.50148125 0.6436453125 0.48046249999999996 0.64538125 0.4633328125 0.6520828125 0.45888906250000006 0.65649375 0.4857875 0.6614234375 0.50398125 0.6720484375 0.5081484374999999 0.6723265625 0.508240625 0.6707640625
5 0.324721875 0.5910765625 0.323703125 0.6082640625 0.3190734375 0.6157984375 0.318703125 0.6220484374999999 0.3332875 0.6230203125 0.3611109375 0.6123265625000001 0.3807875 0.5979515625 0.3875921875 0.58899375 0.388240625 0.57805625 0.3904171875 0.5766312499999999 0.390509375 0.57506875 0.39115781250000003 0.56413125 0.387546875 0.5544796875 0.38375 0.5479515625 0.36981406250000004 0.5360421875 0.345971875 0.5501390625 0.32041718750000003 0.557846875 0.3078234375 0.5585765625 0.30555625000000003 0.5615625 0.3174078125 0.5733328125 0.324721875 0.5910765625
5 0.462221875 0.31788125 0.4636578125 0.3289578125 0.4568515625 0.3379171875 0.47351875000000004 0.339028125 0.4820375 0.3364578125 0.49726875000000004 0.32649374999999997 0.50398125 0.319096875 0.5113421875 0.3007640625 0.5114359375 0.2992015625 0.5102781249999999 0.2834375 0.50648125 0.276909375 0.49282343749999996 0.2603125 0.486759375 0.2567703125 0.4683796875 0.24927031249999998 0.45587968749999996 0.2484375 0.45388906249999994 0.2467359375 0.42652812500000004 0.24961875 0.4241671875 0.2541671875 0.462221875 0.31788125
0 0.6246296874999999 0.4714578125 0.6243515625 0.47614531250000003 0.64305625 0.513471875 0.6425 0.522846875 0.63805625 0.52725625 0.639953125 0.5305203125 0.6545375 0.53149375 0.667221875 0.5292015625000001 0.6865281249999999 0.5210765625 0.6996765625 0.510971875 0.709028125 0.494340625 0.7091203125 0.49277812499999996 0.70805625 0.4754515625 0.7023609375000001 0.465659375 0.6864359375 0.45204843749999996 0.6618984375 0.44256875000000007 0.6453234375 0.4398953125 0.6410640625 0.44118124999999997 0.6390734375 0.4394796875 0.6326390625 0.4421875 0.631528125 0.4609375 0.6246296874999999 0.4714578125
0 0.47305624999999996 0.5586109375 0.4806484375 0.5716671875 0.49050937499999997 0.5817359375 0.5107875 0.5925 0.5314359375000001 0.5970140625 0.5439359375 0.597846875 0.5671296875 0.5946875 0.5975921875 0.57475625 0.6068515624999999 0.5596875 0.6076859375 0.545625 0.6098609374999999 0.5442015625 0.6078703125 0.5425 0.6061578125 0.5361109374999999 0.5963890625 0.5244796875 0.578471875 0.5091671875 0.5683328125 0.5037843750000001 0.5476859375 0.49927031250000004 0.5268515625 0.49788125 0.49712968750000003 0.5053124999999999 0.4817125 0.5184031250000001 0.47481406249999997 0.5289234375 0.47305624999999996 0.5586109375
0 0.6062031250000001 0.641215625 0.61976875 0.659375 0.6481015625000001 0.67538125 0.6896765625 0.679721875 0.7308328125 0.6557984375 0.7306015625 0.624409375 0.696759375 0.5954859375 0.6675921875 0.5935421875 0.653796875 0.6145828125 0.6062031250000001 0.641215625
1 0.43986093750000005 0.65993125 0.4204625 0.6696187499999999 0.41444375000000006 0.700590625 0.39875 0.71836875 0.406528125 0.7282984375 0.45976875 0.7475343750000001 0.49555625000000003 0.7436453125 0.519953125 0.7201734375 0.52125 0.6982984375 0.51194375 0.6788546875 0.471296875 0.6588890625 0.43986093750000005 0.65993125
1 0.6116671874999999 0.549028125 0.5996765625 0.5748953125 0.5756484375 0.59211875 0.5438421875 0.599409375 0.5510640625 0.618715625 0.5792125 0.6378468749999999 0.600046875 0.6392359375 0.6320375 0.62881875 0.660971875 0.599375 0.6598140625 0.5836109375 0.64805625 0.570278125 0.6116671874999999 0.549028125
1 0.372778125 0.41545156250000004 0.3531015625 0.4298265625 0.343009375 0.4589578125 0.3728703125 0.48447968750000003 0.38189843749999997 0.5086109375000001 0.43379687499999997 0.5152078125 0.4788421875 0.49625 0.49356406249999996 0.4595828125 0.46898125 0.415590625 0.4004171875 0.40788125 0.372778125 0.41545156250000004
1 0.6351859375 0.2933328125 0.6012500000000001 0.265971875 0.5740734375 0.26572968750000003 0.5463421875 0.2748609375 0.5268515625 0.2861109375 0.5128703125 0.310278125 0.5174531250000001 0.33881875 0.5332874999999999 0.35399375 0.57194375 0.37225625 0.5886109375 0.37336874999999997 0.61 0.36538125 0.6341203125 0.346596875 0.645740625 0.3269796875 0.6351859375 0.2933328125
1 0.4629171875 0.41204843750000003 0.4441671875 0.4107984375 0.476759375 0.42552031250000005 0.49555625000000003 0.46128437499999997 0.480740625 0.4995140625 0.5270374999999999 0.49475625 0.5516203125 0.46815937500000004 0.54305625 0.436215625 0.5105562499999999 0.41993125 0.47078749999999997 0.4204171875 0.4629171875 0.41204843750000003
0 0.43370312499999997 0.5167703125 0.400278125 0.5161109374999999 0.38180625 0.5101734375 0.371990625 0.53461875 0.3913421875 0.5610062499999999 0.394028125 0.586284375 0.4379625 0.5860765625 0.4681484375 0.5708328125000001 0.469490625 0.5128812500000001 0.45717656250000005 0.5089234375 0.43370312499999997 0.5167703125
1 0.29731406250000003 0.55944375 0.2536578125 0.554965625 0.2735640625 0.64256875 0.3079171875 0.6276046875 0.32171249999999996 0.6065625 0.3191203125 0.5797218749999999 0.29731406250000003 0.55944375
