3 0.301590625 0.524340625 0.32170624999999997 0.5672125 0.322790625 0.577615625 0.3203296875 0.5840203125000001 0.318953125 0.6008265625 0.326403125 0.6422734375 0.3367859375 0.6668296875 0.35893125000000003 0.6991359375 0.3611375 0.7052968749999999 0.370003125 0.7152890625 0.372209375 0.72145 0.37532187499999997 0.7212859375 0.40105 0.74294375 0.42102500000000004 0.7544453125 0.4698765625 0.7727968749999999 0.49698125 0.7776484375 0.5083453125 0.7665921875 0.5248125 0.7594515625 0.5419296874999999 0.7585515625 0.54326875 0.7563890625 0.5450421875 0.7583875 0.5608203125 0.7596515625 0.5674781249999999 0.763484375 0.575259375 0.7630765625 0.6017515625 0.747040625 0.617821875 0.72109375 0.627846875 0.7121984375 0.6410218750000001 0.688496875 0.6484062500000001 0.6692812499999999 0.6455484375 0.6568796875 0.6402296875 0.650884375 0.63534375 0.6490484375000001 0.6164546875 0.64795 0.6146812500000001 0.6459515625 0.59220625 0.6555 0.5659703125 0.6589703124999999 0.546390625 0.666275 0.5354984375 0.666846875 0.5312640625 0.671253125 0.5203703125 0.6718265625 0.49127656249999996 0.6628953125 0.4834953125 0.6633046874999999 0.447525 0.6484593750000001 0.4439796875 0.6444625 0.4408671875 0.644625 0.425778125 0.634959375 0.40095468749999996 0.606978125 0.37483125 0.5665125 0.36108125 0.554684375 0.3564125 0.5549296874999999 0.34798125 0.549096875 0.346425 0.549178125 0.3333640625 0.528946875 0.32363125 0.51063125 0.323196875 0.5064703125000001 0.31965 0.502471875 0.3192171875 0.4983109375 0.3138984375 0.492315625 0.29388437500000003 0.495459375 0.29120625 0.4997828125 0.29428125 0.514265625 0.301590625 0.524340625
3 0.754109375 0.70765625 0.7436875 0.69774375 0.730371875 0.6900765625 0.727259375 0.690240625 0.7154984375 0.682490625 0.7077171875 0.6829 0.7059453125 0.6809000000000001 0.70460625 0.6830625 0.69526875 0.683553125 0.6834703125 0.69045 0.670984375 0.7057484374999999 0.6887515625 0.711090625 0.7164703125 0.736828125 0.729965625 0.761221875 0.7344171875 0.7588953125 0.7429234375 0.7354375 0.74828125 0.7267890625 0.754109375 0.70765625
3 0.48289218749999996 0.8976265625 0.5017437499999999 0.9133703125 0.5132875 0.9190390624999999 0.5288109375000001 0.9328671875 0.5350359375 0.9325390625000001 0.548390625 0.9255625000000001 0.5789 0.903040625 0.5864625 0.9005515624999999 0.6067296875 0.8848421875 0.61364375 0.8761125 0.6181328125000001 0.859140625 0.6166140625 0.844578125 0.6025046875 0.7992984375 0.5761265625 0.7713984375 0.5548124999999999 0.7620578124999999 0.55325625 0.762140625 0.5343656250000001 0.7610406249999999 0.5330265625 0.763203125 0.5176828125 0.7661015625 0.5029890625 0.775240625 0.4730921875 0.8186500000000001 0.46813281250000005 0.8461046874999999 0.4703015625 0.866909375 0.46780156249999993 0.887959375 0.47312031250000003 0.8939562499999999 0.48289218749999996 0.8976265625
3 0.6443218749999999 0.9602671875000001 0.650075 0.9704234375 0.6556484375 0.9638546874999999 0.66169375 0.946803125 0.6586578125 0.9176765625 0.6482734375 0.89311875 0.6427375 0.8850421875000001 0.6292796875 0.8460046875 0.6133609375 0.8133703125 0.608040625 0.8073750000000001 0.6082578125 0.8094546875 0.614190625 0.8363375 0.6183875 0.8465765624999999 0.61744375 0.8675453125000001 0.6125203124999999 0.8803546875 0.59424375 0.9001421875 0.6013359375 0.9081374999999999 0.6213109375 0.9196390624999999 0.630175 0.9296312500000001 0.643671875 0.954025 0.6443218749999999 0.9602671875000001
3 0.35131875 0.806221875 0.3593546875 0.7932484375 0.36004375 0.7848453125 0.36272187499999997 0.7805203125 0.3692390625 0.752984375 0.367540625 0.7216953125 0.36334374999999997 0.71145625 0.3487265625 0.6913046875 0.3372203125 0.6709906250000001 0.3287890625 0.6651578125000001 0.31435 0.6617328125 0.31279375 0.661815625 0.3005625 0.66455 0.2820671875 0.68225625 0.25485 0.7213406250000001 0.249059375 0.7258296875 0.24681406250000001 0.7343140625 0.2488046875 0.73839375 0.28517031249999997 0.7720453125 0.3304390625 0.80104375 0.3450953125 0.80655 0.35131875 0.806221875
3 0.2734671875 0.569746875 0.29040468750000004 0.552121875 0.309078125 0.551140625 0.30643750000000003 0.5408203125 0.286971875 0.5041890625 0.2865390625 0.5000281249999999 0.2934515625 0.49129843749999996 0.3119078125 0.4882359375 0.3152375 0.49015312499999997 0.32431875 0.5022265625 0.334703125 0.526784375 0.3420109375 0.5368593749999999 0.3464625 0.5345328125 0.35428125 0.5194796875 0.3549703125 0.5110750000000001 0.342125 0.4929234375 0.3219328125 0.4793421875 0.3057203125 0.47391875 0.304165625 0.47400000000000003 0.28704843750000003 0.4749 0.27213750000000003 0.48195781249999997 0.2634515625 0.488690625 0.2567546875 0.4995015625 0.25338906250000004 0.5122296875 0.25201093750000003 0.5290375 0.25439687499999997 0.5519234375 0.2603671875 0.5641609375 0.26568593749999997 0.5701562499999999 0.2734671875 0.569746875
3 0.53678125 0.5140734375 0.5387328124999999 0.5327968750000001 0.5524453125 0.5592703125 0.5534921875000001 0.58431875 0.565215625 0.6067125 0.5682140625 0.650484375 0.5702046875 0.6545640625 0.584209375 0.653828125 0.5931124999999999 0.6491765625 0.589896875 0.6033234375000001 0.6044109375 0.577459375 0.6079953125 0.5668109375 0.609371875 0.550003125 0.6061171875 0.5187968749999999 0.5959890624999999 0.48167499999999996 0.5822765624999999 0.4552015625 0.552134375 0.4212234375 0.5281796875 0.4015640625 0.511534375 0.391978125 0.48732499999999995 0.3848828125 0.48576874999999997 0.384965625 0.47176406249999997 0.3857015625 0.455296875 0.3928421875 0.43636875 0.4063875 0.43213437499999996 0.41079375 0.4312296875 0.4171171875 0.44787499999999997 0.4267015625 0.4691515625 0.4506859375 0.5033484374999999 0.4635328125 0.526396875 0.489515625 0.53678125 0.5140734375
3 0.638521875 0.709546875 0.6398625 0.707384375 0.6707671875 0.7036687500000001 0.683253125 0.68836875 0.6890453125 0.68388125 0.704171875 0.6789015625 0.7139796875 0.6679265625 0.7133296875 0.6616859374999999 0.7055859375 0.64745 0.6987109375 0.6415359375 0.673125 0.651246875 0.66093125 0.6393375 0.652715625 0.635584375 0.6511609375 0.6356671875 0.6493875 0.6336671875000001 0.6291578125 0.63473125 0.617359375 0.6416265625 0.6175765625 0.6437062499999999 0.6224609375 0.6455421875 0.6382390625000001 0.6468046875 0.650434375 0.6587156249999999 0.6515187499999999 0.6691171875 0.6322984375 0.7098734375 0.638521875 0.709546875
4 0.5218234374999999 0.625728125 0.5398453125 0.61850625 0.54788125 0.6055312500000001 0.5512484375 0.592803125 0.552625 0.575996875 0.5488999999999999 0.5552734375 0.5447031250000001 0.545034375 0.5356203125000001 0.5329609375000001 0.512534375 0.521621875 0.48897500000000005 0.52076875 0.4872015625 0.5187703124999999 0.4856453125 0.5188515625 0.468528125 0.5197515625 0.45694687500000003 0.528728125 0.4529296875 0.5352140624999999 0.4471015625 0.554346875 0.448403125 0.5668296875000001 0.4781109375 0.596646875 0.49160624999999997 0.621040625 0.4998203125 0.6247921875 0.52005 0.6237296875 0.5218234374999999 0.625728125
5 0.7018234375 0.641371875 0.708915625 0.6493671875 0.7148859375 0.6616046875 0.7155359375 0.6678453125 0.708840625 0.67865625 0.73836875 0.6917484375 0.753675 0.7034953125000001 0.7565703125 0.7012515625 0.7715562499999999 0.6649015625 0.78096875 0.6351203125 0.778978125 0.6310421875000001 0.7658796875 0.6254546875 0.7467718750000001 0.6222749999999999 0.7396796875 0.6142796875000001 0.7381234375 0.6143609375 0.7254953125 0.598290625 0.719525 0.5860531250000001 0.7159796875 0.5820546875 0.7113109375 0.5823 0.70418125 0.5889515624999999 0.6923453125 0.6104921875 0.6891953125 0.6253 0.69093125 0.64194375 0.69849375 0.6394546875 0.7018234375 0.641371875
5 0.1811375 0.689653125 0.202884375 0.7031531249999999 0.2082046875 0.7091484375 0.22485 0.718734375 0.2310734375 0.7184062499999999 0.23867500000000003 0.701271875 0.243853125 0.6758968750000001 0.24150468749999998 0.6383671875 0.2346671875 0.6178078124999999 0.22316093750000002 0.59749375 0.207421875 0.5815859375 0.1925484375 0.5740000000000001 0.1909921875 0.57408125 0.178109375 0.570575 0.15476875 0.5718015624999999 0.14275312499999998 0.5766171875 0.1184671875 0.5988109374999999 0.11311093750000001 0.6074609375 0.10818749999999999 0.6202703125 0.10815 0.634915625 0.12190000000000001 0.64674375 0.15540937500000002 0.66799375 0.1811375 0.689653125
5 0.3449171875 0.44466406249999996 0.3271109375 0.4539671875 0.31751874999999996 0.46702187500000003 0.3177359375 0.469103125 0.3150578125 0.47342812500000003 0.31683125 0.47542656250000004 0.3419078125 0.49084374999999997 0.3582984375 0.5129921875 0.3614109375 0.5128296875 0.3698796875 0.5040171875 0.3655046875 0.47705156249999997 0.3735765625 0.4494328125 0.36514531250000004 0.44360156249999994 0.3449171875 0.44466406249999996
1 0.374765625 0.5058515625 0.3854421875 0.5031984375 0.3872140625 0.505196875 0.3949953125 0.5047890625 0.4065390625 0.5104578125 0.4240515625 0.5283640625 0.4335671875 0.5445984375 0.43400156250000005 0.548759375 0.4375484375 0.5527578125 0.44221562499999995 0.5525125 0.447790625 0.54594375 0.45115625000000004 0.533215625 0.455175 0.526728125 0.4712078125 0.5154265625 0.4745734375 0.5026984375 0.473271875 0.490215625 0.4746125 0.488053125 0.47045312499999997 0.46316875 0.4660390625 0.45085 0.4516375 0.43277968749999995 0.4381046875 0.42303125 0.43654843750000005 0.4231140625 0.4250046875 0.41744531250000005 0.4078875 0.41834375 0.3871859375 0.42989062499999997 0.3751328125 0.44935156249999997 0.3755671875 0.4535125 0.3704265625 0.4642421875 0.36727656249999996 0.4790515625 0.36879531249999997 0.4936140625 0.37121875000000004 0.5018546875000001 0.374765625 0.5058515625
0 0.7109156249999999 0.56349375 0.7308140625 0.6042859375 0.7481109375 0.6201125000000001 0.7738765625 0.6271265625 0.7899093749999999 0.6158234375 0.8201359374999999 0.5305609375 0.8144203125 0.5057578125 0.801359375 0.48552656250000004 0.7665109375 0.4664390625 0.7271375 0.4789671875 0.70835 0.5238828125 0.7109156249999999 0.56349375
0 0.492615625 0.6607328125 0.4862875 0.61504375 0.46237031249999994 0.5807390625 0.4228546875 0.561896875 0.392815625 0.573934375 0.3887984375 0.5804218750000001 0.3932125 0.592740625 0.42556093749999996 0.632878125 0.492615625 0.6607328125
0 0.6260265625 0.4696375 0.59878125 0.433415625 0.5670078125 0.428809375 0.5643296875 0.433134375 0.5913578125 0.467275 0.611615625 0.54151875 0.6270359375 0.5093296875 0.6260265625 0.4696375
1 0.6041562500000001 0.5900234375 0.6261203125 0.6056046875 0.642728125 0.629834375 0.67005 0.636765625 0.6860828125 0.6254640625000001 0.6905718750000001 0.6084921875 0.6920625 0.54775 0.6685796875000001 0.5176062499999999 0.6370234375 0.5150812499999999 0.6118328125 0.5435984375 0.6048453125 0.5816203125 0.6041562500000001 0.5900234375
1 0.6708890625 0.9149406250000001 0.72569375 0.7802734375 0.7206671874999999 0.7470671875 0.6874125 0.713253125 0.646303125 0.7091375 0.6169156250000001 0.7274171875000001 0.60573125 0.7551984375 0.60695625 0.796971875 0.6520374999999999 0.899196875 0.6708890625 0.9149406250000001
1 0.466934375 0.8796375 0.469546875 0.8146531250000001 0.444290625 0.782509375 0.42431562500000003 0.7710078125 0.40386875 0.7699906249999999 0.3845078125 0.779375 0.36242968750000004 0.8077296875 0.365503125 0.8222125 0.46114375 0.8841265625 0.466934375 0.8796375
1 0.2404203125 0.6279640625 0.2704859375 0.6912328125 0.31413281249999997 0.659653125 0.33146718750000004 0.6608343750000001 0.320215625 0.6279546875 0.31859375 0.5673765625 0.31106875 0.5552203125 0.292178125 0.554121875 0.273684375 0.571828125 0.2583390625 0.5747265625 0.2398078125 0.6070781249999999 0.2404203125 0.6279640625
1 0.646925 0.9852328124999999 0.6361453125 0.9418703125000001 0.6113234375000001 0.9138875000000001 0.57799375 0.9093640625000001 0.5472671874999999 0.9298046875000001 0.5423453125 0.942615625 0.6104453125 0.9955171875 0.64156875 0.9938812499999999 0.646925 0.9852328124999999
