3 0.296875 0.5 0.296875 0.49583281250000005 0.29375 0.49166718749999994 0.29375 0.4875 0.2890625 0.48125 0.26875 0.48333281250000004 0.265625 0.4875 0.2671875 0.5020828125000001 0.2734375 0.5125 0.2890625 0.55625 0.2890625 0.5666671875 0.2859375 0.5729171875 0.2828125 0.5895828125 0.2859375 0.63125 0.29375 0.65625 0.3125 0.6895828125000001 0.3140625 0.6958328125000001 0.321875 0.70625 0.3234375 0.7125 0.3265625 0.7125 0.35 0.7354171875 0.36875 0.7479171874999999 0.415625 0.76875 0.4421875 0.775 0.4546875 0.7645828125 0.471875 0.7583328125000001 0.4890625 0.7583328125000001 0.490625 0.75625 0.4921875 0.7583328125000001 0.5078125 0.7604171875 0.5140625 0.7645828125 0.521875 0.7645828125 0.55 0.75 0.56875 0.725 0.5796875 0.7166671874999999 0.5953125 0.69375 0.6046875 0.675 0.603125 0.6625 0.5984375 0.65625 0.59375 0.6541671874999999 0.575 0.6520828125 0.5734375 0.65 0.55 0.6583328125000001 0.5234375 0.6604171875 0.503125 0.6666671875 0.4921875 0.6666671875 0.4875 0.6708328125 0.4765625 0.6708328125 0.4484375 0.6604171875 0.440625 0.6604171875 0.40625 0.64375 0.403125 0.6395828125 0.4 0.6395828125 0.3859375 0.6291671875 0.3640625 0.6 0.3421875 0.5583328125 0.3296875 0.5458328125 0.325 0.5458328125 0.3171875 0.5395828125000001 0.315625 0.5395828125000001 0.3046875 0.51875 0.296875 0.5
3 0.6375 0.6979171875 0.6234375 0.7125 0.640625 0.71875 0.665625 0.7458328125 0.6765625 0.7708328125 0.68125 0.76875 0.6921875 0.7458328125 0.6984375 0.7375 0.70625 0.71875 0.696875 0.7083328125 0.684375 0.7 0.68125 0.7 0.6703125 0.6916671875 0.6625 0.6916671875 0.6609375 0.6895828125000001 0.659375 0.6916671875 0.65 0.6916671875 0.6375 0.6979171875
3 0.4796875 0.7625 0.4640625 0.7645828125 0.4484375 0.7729171874999999 0.4140625 0.8145828125 0.40625 0.8416671875 0.40625 0.8625 0.4015625 0.8833328125 0.40625 0.8895828124999999 0.415625 0.89375 0.4328125 0.9104171875 0.44375 0.9166671875000001 0.4578125 0.93125 0.4640625 0.93125 0.478125 0.925 0.5109375 0.9041671875 0.51875 0.9020828125 0.540625 0.8875 0.5484375 0.8791671875 0.5546875 0.8625 0.5546875 0.8479171875 0.5453125 0.8020828124999999 0.521875 0.7729171874999999 0.5015625 0.7625 0.5 0.7625 0.48125 0.7604171875 0.4796875 0.7625
3 0.55625 0.85 0.553125 0.8708328125 0.546875 0.8833328125 0.5265625 0.9020828125 0.5328125 0.9104171875 0.5515625 0.9229171875000001 0.559375 0.9333328125 0.5703125 0.9583328124999999 0.5703125 0.9645828125 0.575 0.975 0.58125 0.96875 0.5890625 0.9520828124999999 0.5890625 0.9229171875000001 0.58125 0.8979171875 0.5765625 0.8895828124999999 0.5671875 0.85 0.5546875 0.8166671875 0.55 0.8104171875 0.55 0.8125 0.553125 0.8395828125 0.55625 0.85
3 0.2375 0.66875 0.20625 0.70625 0.2 0.7104171874999999 0.196875 0.71875 0.1984375 0.7229171875 0.23125 0.7583328125000001 0.2734375 0.7895828125000001 0.2875 0.7958328125 0.29375 0.7958328125 0.303125 0.7833328125000001 0.3046875 0.775 0.3078125 0.7708328125 0.3171875 0.74375 0.31875 0.7125 0.315625 0.7020828125 0.303125 0.68125 0.29375 0.6604171875 0.2859375 0.6541671874999999 0.271875 0.65 0.2703125 0.65 0.2578125 0.6520828125 0.2375 0.66875
3 0.2484375 0.46875 0.2390625 0.475 0.23125 0.48541718749999996 0.2265625 0.49791718749999997 0.2234375 0.5145828125 0.2234375 0.5375 0.228125 0.55 0.2328125 0.55625 0.240625 0.55625 0.259375 0.5395828125000001 0.278125 0.5395828125000001 0.2765625 0.5291671874999999 0.2609375 0.49166718749999994 0.2609375 0.4875 0.26875 0.4791671875 0.2875 0.47708281250000006 0.290625 0.4791671875 0.2984375 0.49166718749999994 0.30625 0.5166671875 0.3125 0.5270828125 0.3171875 0.525 0.3265625 0.5104171875 0.328125 0.5020828125000001 0.3171875 0.48333281250000004 0.2984375 0.46875 0.2828125 0.4625 0.28125 0.4625 0.2640625 0.4625 0.2484375 0.46875
3 0.440625 0.3895828125 0.4203125 0.40208281250000005 0.415625 0.40625 0.4140625 0.4125 0.4296875 0.42291718749999996 0.4484375 0.4479171875 0.48125 0.4625 0.5015625 0.4895828125 0.509375 0.5145828125 0.509375 0.5333328125000001 0.5203125 0.5604171874999999 0.51875 0.5854171874999999 0.528125 0.6083328125 0.5265625 0.6520828125 0.528125 0.65625 0.5421875 0.65625 0.5515625 0.6520828125 0.553125 0.60625 0.5703125 0.58125 0.575 0.5708328125000001 0.578125 0.5541671874999999 0.578125 0.5229171874999999 0.571875 0.48541718749999996 0.5609375 0.4583328125 0.534375 0.42291718749999996 0.5125 0.40208281250000005 0.496875 0.3916671875 0.4734375 0.3833328125 0.471875 0.3833328125 0.4578125 0.3833328125 0.440625 0.3895828125
3 0.5890625 0.6395828125 0.5765625 0.6458328125 0.5765625 0.6479171874999999 0.58125 0.65 0.596875 0.6520828125 0.6078125 0.6645828125000001 0.6078125 0.675 0.584375 0.7145828125 0.590625 0.7145828125 0.5921875 0.7125 0.6234375 0.7104171874999999 0.6375 0.6958328125000001 0.64375 0.6916671875 0.659375 0.6875 0.6703125 0.6770828125 0.6703125 0.6708328125 0.6640625 0.65625 0.6578125 0.65 0.63125 0.6583328125000001 0.6203125 0.6458328125 0.6125 0.6416671875 0.6109375 0.6416671875 0.609375 0.6395828125 0.5890625 0.6395828125
4 0.428125 0.525 0.4234375 0.53125 0.415625 0.55 0.415625 0.5625 0.4421875 0.59375 0.453125 0.61875 0.4609375 0.6229171874999999 0.48125 0.6229171874999999 0.4828125 0.625 0.5015625 0.61875 0.5109375 0.60625 0.515625 0.59375 0.51875 0.5770828125 0.5171875 0.55625 0.5140625 0.5458328125 0.50625 0.5333328125000001 0.484375 0.5208328125 0.4609375 0.51875 0.459375 0.5166671875 0.4578125 0.5166671875 0.440625 0.5166671875 0.428125 0.525
5 0.684375 0.5958328125000001 0.68125 0.5916671874999999 0.6765625 0.5916671874999999 0.66875 0.5979171875 0.6546875 0.61875 0.65 0.6333328125000001 0.65 0.65 0.6578125 0.6479171874999999 0.6609375 0.65 0.6671875 0.6583328125000001 0.671875 0.6708328125 0.671875 0.6770828125 0.6640625 0.6875 0.6921875 0.7020828125 0.70625 0.7145828125 0.709375 0.7125 0.728125 0.6770828125 0.740625 0.6479171874999999 0.7390625 0.64375 0.7265625 0.6375 0.7078125 0.6333328125000001 0.7015625 0.625 0.7 0.625 0.6890625 0.6083328125 0.684375 0.5958328125000001
5 0.121875 0.5520828125 0.109375 0.55625 0.0828125 0.5770828125 0.0765625 0.5854171874999999 0.0703125 0.5979171875 0.06875 0.6125 0.08125 0.625 0.1125 0.6479171874999999 0.1359375 0.6708328125 0.15625 0.6854171874999999 0.1609375 0.6916671875 0.1765625 0.7020828125 0.1828125 0.7020828125 0.1921875 0.6854171874999999 0.2 0.6604171875 0.2015625 0.6229171874999999 0.196875 0.6020828125000001 0.1875 0.58125 0.1734375 0.5645828125000001 0.159375 0.55625 0.1578125 0.55625 0.1453125 0.5520828125 0.121875 0.5520828125
5 0.29375 0.46458281250000005 0.3171875 0.48125 0.33125 0.5041671875 0.334375 0.5041671875 0.34375 0.49583281250000005 0.3421875 0.46875 0.353125 0.44166718749999995 0.3453125 0.43541718749999997 0.325 0.43541718749999997 0.30625 0.44375 0.2953125 0.45625 0.2953125 0.4583328125 0.2921875 0.4625 0.29375 0.46458281250000005
1 0.390625 0.4125 0.36875 0.42291718749999996 0.3546875 0.44166718749999995 0.3546875 0.44583281250000006 0.3484375 0.45625 0.34375 0.47083281250000003 0.34375 0.48541718749999996 0.3453125 0.49375 0.3484375 0.49791718749999997 0.359375 0.49583281250000005 0.3609375 0.49791718749999997 0.36875 0.49791718749999997 0.3796875 0.5041671875 0.3953125 0.5229171874999999 0.403125 0.5395828125000001 0.403125 0.54375 0.40625 0.5479171875 0.4109375 0.5479171875 0.4171875 0.5416671875 0.421875 0.5291671874999999 0.4265625 0.5229171874999999 0.44375 0.5125 0.4484375 0.5 0.4484375 0.4875 0.45 0.48541718749999996 0.4484375 0.46041718749999994 0.4453125 0.4479171875 0.4328125 0.42916718749999994 0.4203125 0.41875 0.41875 0.41875 0.4078125 0.4125 0.390625 0.4125
0 0.734375 0.6395828125 0.7515625 0.6291671875 0.790625 0.5458328125 0.7875 0.5208328125 0.7765625 0.5 0.74375 0.4791671875 0.703125 0.4895828125 0.6796875 0.5333328125000001 0.678125 0.5729171875 0.69375 0.6145828125 0.709375 0.63125 0.734375 0.6395828125
0 0.45 0.6583328125000001 0.4484375 0.6125 0.428125 0.5770828125 0.390625 0.55625 0.359375 0.5666671875 0.3546875 0.5729171875 0.3578125 0.5854171874999999 0.3859375 0.6270828125000001 0.45 0.6583328125000001
0 0.6 0.5145828125 0.603125 0.475 0.5796875 0.4375 0.5484375 0.43125 0.5453125 0.43541718749999997 0.56875 0.47083281250000003 0.58125 0.5458328125 0.6 0.5145828125
1 0.6296875 0.64375 0.646875 0.6333328125000001 0.653125 0.6166671874999999 0.6609375 0.55625 0.640625 0.525 0.609375 0.5208328125 0.58125 0.5479171875 0.5703125 0.5854171874999999 0.56875 0.59375 0.5890625 0.6104171875 0.603125 0.6354171875 0.6296875 0.64375
1 0.6703125 0.7895828125000001 0.66875 0.75625 0.6390625 0.7208328125000001 0.5984375 0.7145828125 0.5671875 0.73125 0.553125 0.7583328125000001 0.55 0.8 0.584375 0.9041671875 0.6015625 0.9208328124999999 0.6703125 0.7895828125000001
1 0.4109375 0.8104171875 0.3890625 0.7770828125 0.3703125 0.7645828125 0.35 0.7625 0.3296875 0.7708328125 0.3046875 0.7979171875 0.30625 0.8125 0.3953125 0.8791671875 0.4015625 0.875 0.4109375 0.8104171875
1 0.2890625 0.65 0.28125 0.6166671874999999 0.2859375 0.55625 0.2796875 0.54375 0.2609375 0.5416671875 0.240625 0.5583328125 0.225 0.5604171874999999 0.203125 0.5916671874999999 0.2015625 0.6125 0.225 0.6770828125 0.271875 0.6479171874999999 0.2890625 0.65
1 0.5703125 0.9895828124999999 0.5640625 0.9458328125 0.5421875 0.9166671875000001 0.509375 0.9104171875 0.4765625 0.9291671875 0.4703125 0.9416671875 0.5328125 0.9979171875 0.5640625 0.9979171875 0.5703125 0.9895828124999999
