2 0.6959125 0.9476890625 0.7059140625 0.9328031250000001 0.7116625 0.91450625 0.710734375 0.8801671875 0.706396875 0.873634375 0.7017640625 0.8561765625 0.680621875 0.8438078125 0.6593125 0.8251937500000001 0.6340015625000001 0.8125359375000001 0.619578125 0.8177687499999999 0.5946890625 0.8207187499999999 0.5721796875 0.8347390625 0.5581343750000001 0.8540203125 0.5523453125 0.87075625 0.5523875 0.8723171875 0.5511453125 0.9033890625 0.5601171875000001 0.9273796875 0.5666234375 0.937178125 0.5857640625 0.952525 0.606821875 0.9617734375 0.619371875 0.9642 0.6278359375 0.9694593749999999 0.638259375 0.9701812500000001 0.6713609375 0.9631265625 0.6959125 0.9476890625
2 1.0 0.43455625 0.9653812500000001 0.44756093750000003 0.9570859374999999 0.4485453125 0.9509578125000001 0.45279375 0.9349140625000001 0.4750515625 0.9310812500000001 0.48724999999999996 0.9311234374999999 0.4888109375 0.933840625 0.5123671875 0.951403125 0.5463 0.9705875 0.5632078125 1.0 0.5839671875 1.0 0.43455625
3 0.7856640625 0.495875 0.8022140625 0.49234687499999996 0.8103421875000001 0.4851203125 0.8207640625 0.4858421875 0.8398640625 0.499628125 0.8502875 0.50035 0.86666875 0.49057812500000003 0.8705437500000001 0.4799421875 0.86599375 0.46560468750000006 0.8510640625000001 0.4521078125 0.8405156249999999 0.446703125 0.8339234375 0.43378281249999995 0.81899375 0.4202859375 0.755821875 0.39254218750000003 0.730428125 0.3767625 0.664665625 0.33014375 0.5944812500000001 0.273871875 0.575425 0.261646875 0.543775 0.24543281249999999 0.5122109375 0.23234218750000002 0.499703125 0.2314765625 0.491575 0.23870312500000002 0.4916171875 0.24026406250000001 0.49841875 0.26098750000000004 0.5179828125 0.29194375 0.5523484375 0.3317140625 0.6184046875 0.3892578125 0.6395890625 0.40318750000000003 0.671490625 0.42876562500000004 0.7011390625 0.44795625 0.7054359375 0.452928125 0.7604375 0.4863375 0.7856640625 0.495875
3 0.8079015625 0.5488265625000001 0.8621437500000001 0.5541406249999999 0.8641859375 0.5527234375 0.868396875 0.5545734375 0.8787359374999999 0.5521734375 0.8872015624999999 0.5574343749999999 0.895371875 0.5517671875 0.9203453125 0.5519390625 0.9285984375 0.5493953125 0.9431499999999999 0.5488453125 0.9472765624999999 0.547571875 0.9471078125 0.5413296875 0.9318406250000001 0.5153453125 0.9295453124999999 0.507396875 0.9307437500000001 0.47476250000000003 0.899475 0.47259687499999997 0.8973484375 0.47089218749999995 0.874375 0.46774375 0.8723328125 0.469159375 0.872796875 0.48632968749999994 0.8687953125 0.492284375 0.8482859375 0.5033265625000001 0.837821875 0.50104375 0.822934375 0.4891078125 0.8166796875 0.488675 0.791959375 0.49786875 0.7815359374999999 0.497146875 0.7499296875 0.48249375 0.701265625 0.4526390625 0.6715328125 0.4303265625 0.6652796875 0.42989375 0.6591515625000001 0.43414374999999994 0.65919375 0.4357046875 0.6698703125 0.445790625 0.6846734375 0.45460625 0.6829265625 0.4669484375 0.6874328125 0.4797234375 0.7068265625000001 0.5044359375 0.7238828125000001 0.5196390625 0.7534484375 0.5357078125 0.7807171875 0.543828125 0.805775 0.5471203124999999 0.8079015625 0.5488265625000001
3 0.331940625 0.7994078124999999 0.3525765625 0.793046875 0.38342343749999996 0.7796031250000001 0.4385703125 0.7413578125 0.44057031249999995 0.73838125 0.4399796875 0.7165296875 0.44389687499999997 0.707453125 0.4559828125 0.6927109375 0.46823750000000003 0.6842125 0.4805765625 0.678834375 0.4888734375 0.6778515625 0.5010859375 0.6677921875 0.5087921875 0.64495625 0.508328125 0.6277874999999999 0.5037796875 0.61345 0.49514531249999993 0.601946875 0.47383593749999997 0.583334375 0.45690468749999996 0.5728140625 0.45252499999999996 0.564721875 0.45197656249999996 0.5444296875 0.44763906249999996 0.5378984375 0.43492031249999996 0.529228125 0.42658281249999996 0.5286500000000001 0.41832812500000005 0.53119375 0.41036875000000006 0.5446640625 0.41538125 0.5761703125000001 0.40316875 0.5862296875 0.399253125 0.5953062499999999 0.4023484375 0.6329109374999999 0.39451718750000003 0.6510640624999999 0.378303125 0.667078125 0.3763875 0.6731765625 0.3683015625 0.6819640625 0.3540890625 0.6950015625 0.2764328125 0.7472671875 0.23179375000000002 0.78935625 0.2318359375 0.7909171875000001 0.22979375000000002 0.7923328125 0.2300890625 0.803259375 0.23434218750000002 0.80666875 0.2468921875 0.809096875 0.248934375 0.8076796875 0.267696875 0.8089796874999999 0.29883906250000003 0.8064625 0.30500937499999997 0.8037734375 0.3112625 0.80420625 0.331940625 0.7994078124999999
4 0.3843046875 0.658146875 0.394390625 0.64638125 0.39830625 0.6373046875 0.3950828125 0.5950171875 0.397125 0.5936015625 0.3967890625 0.5811140625 0.388196875 0.571171875 0.362928125 0.560075 0.3566328125 0.5580796875 0.3253625 0.5559140625000001 0.31298125 0.55973125 0.2864296875 0.5781453125 0.2803859375 0.5855171875 0.280428125 0.5870765625 0.2725953125 0.6052296875 0.27322812500000004 0.6286421875 0.2798625 0.6431234375 0.29474999999999996 0.655059375 0.30951093749999997 0.6623140624999999 0.33039843750000003 0.66531875 0.332440625 0.6639015625 0.35328750000000003 0.6653453125000001 0.3698796875 0.6633796875 0.3843046875 0.658146875
5 1.0 0.9593890625 0.9851281249999999 0.9474656250000001 0.9492687500000001 0.929403125 0.922040625 0.92284375 0.8886875 0.9205343750000001 0.8637984375000001 0.9234843749999999 0.8514171875000001 0.9273 0.828865625 0.9397593750000001 0.8025656250000001 0.9675390625 0.7966078125 0.9780312500000001 0.7968609375 0.987396875 0.79481875 0.9888140625 0.7948609375 0.990375 0.7957015625 1.0 1.0 1.0 1.0 0.9593890625
5 0.5716390625 0.42964062500000005 0.5865265625 0.44157812500000004 0.611753125 0.4511140625 0.628515625 0.455390625 0.6410218750000001 0.45625625000000003 0.65553125 0.4541453125 0.6678703125000001 0.44876875 0.667828125 0.4472078125 0.6571515625 0.4371203125 0.657025 0.4324375 0.663153125 0.4281890625 0.6630265625 0.42350625 0.6269125 0.396078125 0.6163624999999999 0.3906734375 0.5898109375 0.40908749999999994 0.5670484375 0.41374374999999997 0.5651328125 0.4198421875 0.5716390625 0.42964062500000005
5 0.5501750000000001 0.867490625 0.564009375 0.8404046875000001 0.5720953125 0.8316171875 0.59051875 0.8204296875000001 0.611196875 0.81563125 0.61745 0.8160640625 0.625578125 0.8088374999999999 0.612775 0.7970453125 0.602309375 0.7947625 0.5797171875 0.8056609375000001 0.5672937499999999 0.807915625 0.5632078125 0.81075 0.5424875 0.8139875 0.5153453125 0.8105499999999999 0.4900765625 0.799453125 0.48195 0.8066796875 0.47207499999999997 0.8262484375 0.4721171875 0.827809375 0.475003125 0.8576109375 0.4837625 0.873796875 0.49443906249999997 0.8838828124999999 0.51136875 0.894403125 0.5345109375 0.9037953125 0.5470609375000001 0.906221875 0.549103125 0.90480625 0.5466390624999999 0.8906140625000001 0.54868125 0.889196875 0.5501750000000001 0.867490625
5 1.0 0.5855296875 0.9855171875 0.57670625 0.9599953125 0.5562437499999999 0.9494875 0.5524 0.9474453125 0.553815625 0.9224718749999999 0.55364375 0.8832859375 0.566509375 0.8689875 0.576425 0.8550281249999999 0.598828125 0.8550703125 0.6003890625 0.8577453125 0.622384375 0.87918125 0.6456796875 0.8901109375 0.6651328125 0.894659375 0.6794687500000001 0.9262656249999999 0.6941203125000001 0.9492390625 0.6972703124999999 0.951365625 0.698975 0.9701281249999999 0.7002734375 0.9825515625 0.69801875 0.9737484375 0.6802718750000001 0.9729484375 0.650615625 0.9749062500000001 0.6460781250000001 0.9909078125 0.622259375 1.0 0.6168953125 1.0 0.5855296875
1 0.7057218749999999 0.8486609375 0.7071328125 0.8238328125000001 0.720965625 0.7967484375 0.73109375 0.78654375 0.75151875 0.772378125 0.751434375 0.7692578125 0.7492234375 0.7644296875000001 0.6981796874999999 0.7235046875 0.6873765625 0.7087359375 0.6872499999999999 0.704053125 0.6808703125 0.6989375 0.6579390625 0.6973499999999999 0.6290078125 0.70469375 0.6064984375 0.7187140624999999 0.5964546875 0.7320390625 0.5964968749999999 0.7336 0.5945390625 0.7381390624999999 0.5952546875 0.7646734375 0.6017625 0.7744703125 0.60626875 0.787246875 0.631790625 0.807709375 0.659228125 0.8220734375 0.6805375 0.8406859375 0.6911296874999999 0.8476515625 0.7016375 0.85149375 0.7057218749999999 0.8486609375
1 0.6755625000000001 0.65650625 0.677140625 0.6379203125 0.67255 0.622021875 0.6551984375 0.59589375 0.631803125 0.5771375 0.610746875 0.5678890625 0.573265625 0.5668515625 0.5505875 0.574628125 0.5301625 0.5887921875 0.520371875 0.6114843750000001 0.5204140625 0.6130453124999999 0.5189203124999999 0.6347515625 0.521215625 0.6427015625 0.5278484375 0.65718125 0.5385671875 0.6688296874999999 0.5722578125 0.6836265625 0.6057390625 0.69061875 0.62033125 0.6916296875 0.6327546875000001 0.6893734375 0.66551875 0.66983125 0.6755625000000001 0.65650625
1 0.5817171875 0.8026828125 0.6021421874999999 0.7885187499999999 0.60193125 0.7807140625 0.5932125 0.7660890625000001 0.5905375 0.74409375 0.5943703124999999 0.7318953125000001 0.6003703125000001 0.7229625000000001 0.6001171875 0.7135984375 0.5936109375 0.7038 0.5723421875 0.6867484375 0.5512859375 0.6775 0.515846875 0.6750453125 0.482703125 0.680540625 0.46623749999999997 0.6871890625 0.4540671875 0.698809375 0.446065625 0.7107187500000001 0.44610781250000003 0.7122796874999999 0.4423609375 0.7276 0.4449921875 0.748034375 0.453753125 0.7642203125 0.466640625 0.779134375 0.48578124999999994 0.79448125 0.50266875 0.803440625 0.5194734375000001 0.809278125 0.5382765625 0.8121390625 0.56108125 0.8090437500000001 0.5817171875 0.8026828125
0 0.5117703125 0.2930703125 0.47479531250000007 0.3107625 0.4613828125 0.35345624999999997 0.48098906250000006 0.3859734375 0.5273984375 0.4094390625 0.5815140624999999 0.41007187500000003 0.60615 0.39775625 0.612109375 0.3872640625 0.5117703125 0.2930703125
0 0.8627343749999999 0.5759921875 0.80794375 0.5503875 0.7660812499999999 0.54125625 0.7515734375 0.5433671875 0.7208953124999999 0.5630531249999999 0.7068921875 0.5838953124999999 0.7080734375 0.6275984375 0.7760234374999999 0.6011453125 0.8514062499999999 0.6188296875 0.8627343749999999 0.5759921875
0 0.723659375 0.7424062499999999 0.7616468750000001 0.7621749999999999 0.8033390624999999 0.7650625 0.8343125 0.7563015625 0.86495 0.7350546875 0.8870796875 0.7069859375 0.8859421875000001 0.66484375 0.8514484375 0.620390625 0.7739796875 0.6025625 0.740921875 0.611178125 0.704071875 0.6335531249999999 0.6863234375 0.6697140625 0.6915890625000001 0.710584375 0.723659375 0.7424062499999999
1 0.6319484375 0.5054828125 0.6482046875 0.491028125 0.6224296875 0.4612015625 0.5845265625 0.4445546875 0.5367484375 0.44747812500000006 0.5122390625000001 0.464475 0.5043640625 0.4810671875 0.5135046875 0.5113015625 0.570590625 0.5448546875 0.614325 0.5463250000000001 0.6319484375 0.5054828125
0 0.530078125 0.585671875 0.5649265625 0.5662734375 0.5646734375 0.5569078125 0.5305187499999999 0.5249421875 0.47398125 0.5116796875 0.43900625 0.5263953124999999 0.45402031249999997 0.5430140625 0.4589484375 0.5713984375 0.5079484375 0.6137390625 0.5162875 0.6143171875 0.530078125 0.585671875
1 0.68764375 0.487528125 0.648246875 0.4925890625 0.6202 0.5327109375 0.6293390624999999 0.5629453125 0.6715796875 0.5861234375000001 0.7008078125 0.5897046875 0.716809375 0.5658859374999999 0.7535734374999999 0.540390625 0.68764375 0.487528125
1 0.7193265625 0.890109375 0.770284375 0.9279140625 0.7913 0.9356 0.8308234375 0.9352218750000001 0.8965203125000001 0.90238125 0.920734375 0.8744578125 0.9161859375000001 0.8601203125 0.8885375 0.837953125 0.8685109375 0.789828125 0.8180578125 0.7707546875 0.7722375 0.769140625 0.743390625 0.77960625 0.7230921875 0.798453125 0.7057640625 0.8502218750000001 0.7193265625 0.890109375
1 1.0 0.36953749999999996 0.9795718750000001 0.3566265625 0.9312453125 0.3392578125 0.8936796875 0.3350984375 0.8544515625000001 0.34640312500000003 0.824025 0.3754546875 0.8228265625000001 0.4080875 0.8446 0.4438703125 0.88475625 0.4669046875 0.9347875 0.47036875 0.9570015625 0.4454234375 1.0 0.4345078125 1.0 0.36953749999999996
1 1.0 0.620290625 0.9930359375 0.6239640625 0.9750328125 0.6507609375000001 0.9780453124999999 0.6852437499999999 1.0 0.7106515625000001 1.0 0.620290625
