2 0.2632609375 0.516909375 0.2978484375 0.4787796875 0.300028125 0.46616406250000003 0.29741249999999997 0.456025 0.297925 0.44562187499999995 0.29405312499999997 0.4293703125 0.28392343750000004 0.41364687499999997 0.27192343750000003 0.40429375 0.25669375 0.3972859375 0.239590625 0.3966515625 0.2381296875 0.3947015625 0.23656562499999997 0.39483437499999996 0.220821875 0.39822812500000004 0.2064375 0.405653125 0.19320781250000002 0.42126875 0.18082343750000002 0.45131718750000005 0.18085 0.48239375000000007 0.1964140625 0.5142375 0.21456875000000003 0.5251453125000001 0.23459375 0.529678125 0.25649062499999997 0.5278375 0.2632609375 0.516909375
2 0.41239687500000005 0.9042703124999999 0.41178125000000004 0.916753125 0.415859375 0.9288437500000001 0.43642343749999996 0.9540515624999999 0.44998750000000004 0.9632703125000001 0.484396875 0.9603796875 0.49878125000000006 0.9529546874999999 0.5214984375 0.9344703125 0.5432671874999999 0.903634375 0.5491890625 0.878271875 0.547728125 0.8763234375 0.548240625 0.8659203124999999 0.54990625 0.8637078125000001 0.5484453125 0.8617593749999999 0.5489578125000001 0.85135625 0.5428796874999999 0.8166437500000001 0.523571875 0.7975453124999999 0.5067765625 0.79066875 0.5052125000000001 0.7908000000000001 0.48800781249999997 0.792246875 0.46893124999999997 0.800065625 0.45111249999999997 0.8139937500000001 0.4411125 0.8272656250000001 0.43465156250000003 0.8319531250000001 0.42631874999999997 0.8430125 0.4210109375 0.855890625 0.4170625 0.8727984375 0.41593437499999997 0.8956843750000001 0.41239687500000005 0.9042703124999999
3 0.6237453125 0.6295859375 0.637821875 0.628403125 0.6568984375 0.620584375 0.6808734375000001 0.6082109375 0.685871875 0.601575 0.6863859375 0.591171875 0.6835640625 0.5851921875 0.6759484375 0.5816890625 0.6640515625 0.57025625 0.6457953125 0.5614296875 0.64423125 0.5615625 0.6380765625 0.56000625 0.6332828125 0.56248125 0.6153593749999999 0.5784921875 0.6127703125 0.5994296875 0.6092328124999999 0.6080140625 0.59413125 0.630003125 0.5953875 0.6361125000000001 0.6013359375 0.6418296875 0.6062328124999999 0.6372734375 0.6237453125 0.6295859375
3 0.1925265625 0.8460812499999999 0.195859375 0.8416578124999999 0.19344843750000001 0.82735625 0.19478125 0.8003078125 0.202575 0.7685734375 0.21662499999999998 0.7363140625 0.21713749999999998 0.7259109375 0.2021125 0.714740625 0.192728125 0.7155296875 0.192625 0.7176109375 0.183575 0.743234375 0.1750375 0.7584562499999999 0.1583703125 0.7805765625000001 0.142115625 0.7943734375 0.132525 0.7993234375 0.1306546875 0.805696875 0.17114218750000001 0.8375187499999999 0.1742703125 0.83725625 0.187834375 0.8464750000000001 0.1925265625 0.8460812499999999
3 0.2299875 0.8760859375000001 0.2404234375 0.88556875 0.246578125 0.8871234375 0.2561671875 0.8821734375 0.2719109375 0.878778125 0.2881671875 0.8649812499999999 0.2965 0.8539203125 0.30680625 0.8344078125 0.3201125 0.7856328125 0.3210359375 0.7669078125000001 0.3196765625 0.7628781250000001 0.3068296875 0.73909375 0.28793125 0.711675 0.286675 0.7055640624999999 0.2807265625 0.6998484375 0.2791625 0.6999796875000001 0.25090625 0.704425 0.23162500000000003 0.71640625 0.21818906249999998 0.7361828125 0.207678125 0.7598578125000001 0.2022671875 0.774815625 0.1962421875 0.8022578125000001 0.1950125 0.827225 0.1999359375 0.853746875 0.216321875 0.8689453125 0.2299875 0.8760859375000001
3 0.6347171875 0.533353125 0.63179375 0.5294546875 0.6271015625 0.5298499999999999 0.6024109375 0.5567875 0.5710265625 0.561496875 0.55018125 0.5736078124999999 0.5387203125 0.58493125 0.5152859375000001 0.6179796875 0.5047734375 0.6416546875 0.498953125 0.6649359375 0.49551718749999996 0.671440625 0.4952109375 0.6776828125 0.49823593749999995 0.6795 0.5126203125 0.672075 0.5207484375 0.6651765625 0.5286703125 0.6624390625000001 0.5320046875 0.6580140625 0.555875 0.6477203125 0.5640031249999999 0.640821875 0.5799515625 0.633265625 0.5924640625 0.632215625 0.5984125 0.6379312500000001 0.5969515624999999 0.63598125 0.5955921875 0.6319515625000001 0.602259375 0.6231046874999999 0.6042328125 0.6146499999999999 0.612565625 0.603590625 0.61369375 0.580703125 0.6220265625 0.56964375 0.631615625 0.56469375 0.639846875 0.5557140625 0.640359375 0.5453109375 0.6347171875 0.533353125
3 0.256184375 0.5340796875 0.2501328125 0.53044375 0.23762031249999999 0.5314953124999999 0.21446562500000002 0.5272249999999999 0.20392812500000002 0.5198234375 0.2008 0.5200859375 0.187440625 0.5067046875 0.1858765625 0.5068359375 0.181184375 0.5072296875 0.1778515625 0.511653125 0.178390625 0.532328125 0.1953140625 0.5682015625 0.20115937499999997 0.5759984375 0.2042875 0.5757359375 0.21721093749999998 0.5663625 0.2352359375 0.548271875 0.2541078125 0.5446140625 0.256184375 0.5340796875
3 0.502696875 0.6521890625 0.4956203125 0.669359375 0.4951078125 0.6797625 0.506159375 0.6767624999999999 0.5383625000000001 0.6554078125 0.5606703125 0.645246875 0.5687984375 0.638346875 0.5830796874999999 0.633003125 0.5907984374999999 0.6344265625000001 0.5924640625 0.632215625 0.6111046875 0.601640625 0.61223125 0.5787546875 0.60074375 0.5589999999999999 0.5961546875 0.5573140624999999 0.5789500000000001 0.558759375 0.5598734375000001 0.566578125 0.5403875 0.58271875 0.5170546875 0.6136874999999999 0.5047734375 0.6416546875 0.502696875 0.6521890625
3 0.2829046875 0.6872328125 0.28834218749999996 0.7033515625 0.2954453125 0.717259375 0.3071375 0.732853125 0.3141375 0.7488406249999999 0.3272921875 0.7663828125000001 0.363496875 0.7902765625 0.4035484375 0.7993421875 0.4549578125 0.7991671874999999 0.5024953125 0.782740625 0.5365703125 0.7550140625 0.563134375 0.721703125 0.5835421875 0.6868359374999999 0.59613125 0.6526265625 0.5950796875 0.6423546875 0.5906953125000001 0.6365078125 0.5733875 0.640034375 0.5476453125 0.6567000000000001 0.5381578124999999 0.6595703125 0.5187734374999999 0.6736296875 0.51408125 0.674025 0.4995953125 0.6835296875 0.49177499999999996 0.6841875 0.46457031249999997 0.6989046875 0.4488265625 0.7022999999999999 0.44736562500000004 0.70035 0.4332890625 0.7015328125 0.43182656250000007 0.6995843749999999 0.4193140625 0.700634375 0.40387812500000003 0.6977875 0.382596875 0.6871437499999999 0.36203124999999997 0.6619359375 0.34918593750000004 0.6381515624999999 0.3345703125 0.6186609375 0.3225703125 0.609309375 0.313390625 0.6059359375 0.28195312499999997 0.548490625 0.2803890625 0.548621875 0.278928125 0.546671875 0.255465625 0.54864375 0.250671875 0.55111875 0.248903125 0.5554109375 0.2543390625 0.5715296875 0.28003125 0.6190984375 0.28546875 0.63521875 0.28475 0.6497828125 0.280803125 0.666690625 0.2829046875 0.6872328125
3 0.44299687499999996 0.346409375 0.4665875 0.373434375 0.486434375 0.41320625 0.4925125 0.44791875000000003 0.491384375 0.47080625 0.5000515625 0.48458125 0.504128125 0.49667031250000004 0.5034109375 0.511234375 0.5087453125 0.529434375 0.5065921875 0.5731265624999999 0.5077453125 0.5813171875 0.5148484375 0.595225 0.524028125 0.5985968749999999 0.5323609375 0.5875375 0.5311046875 0.5814265625 0.534078125 0.521090625 0.537615625 0.5125046875 0.5510515625 0.492728125 0.5583328125 0.47139687500000005 0.5611265624999999 0.4462984375 0.5596656249999999 0.44434843749999997 0.5608953125 0.41938125 0.5594328125 0.4174328125 0.55889375 0.39675781250000003 0.5560734375 0.3907796875 0.555021875 0.3805078125 0.544046875 0.35035 0.5297390625 0.3246171875 0.5018671875 0.2896625 0.49143125000000004 0.2801796875 0.46566093750000004 0.26576875 0.4363546875 0.25994375000000003 0.43479062500000004 0.260075 0.40340625 0.26478437499999996 0.3746375 0.2796328125 0.3681765625 0.2843203125 0.35984375 0.2953796875 0.357765625 0.3059140625 0.3590234375 0.312025 0.39761250000000004 0.3191421875 0.42015156249999996 0.335896875 0.42786875 0.3373203125 0.44299687499999996 0.346409375
4 0.41710624999999996 0.5557828125000001 0.433490625 0.57098125 0.4584125 0.5709593749999999 0.47113125 0.565746875 0.49218124999999996 0.5494734375 0.5011296875 0.5259296875 0.5025640625000001 0.49680156249999996 0.497025 0.4827640625 0.4866921875 0.47119999999999995 0.4669734375 0.46042500000000003 0.465409375 0.46055624999999994 0.43882031250000003 0.46279062499999996 0.42923125000000006 0.46774062499999997 0.41630781250000004 0.4771140625 0.40630937500000003 0.4903859375 0.39933593749999996 0.5054765625 0.39851562500000004 0.5221203125 0.4012328125 0.5301796875 0.400925 0.536421875 0.4064640625 0.5504609375 0.41710624999999996 0.5557828125000001
5 0.0566796875 0.758040625 0.1169875 0.7985578125 0.1278328125 0.7997171875 0.1503453125 0.78539375 0.16180624999999998 0.774071875 0.18034375 0.745578125 0.1893953125 0.719953125 0.1899078125 0.7095515625 0.1915734375 0.7073390625 0.1913421875 0.6804218750000001 0.181828125 0.6522140624999999 0.1627265625 0.62895625 0.1506234375 0.621684375 0.138315625 0.618575 0.1367515625 0.61870625 0.12434218749999999 0.6176765625 0.122675 0.6198890625 0.1053671875 0.623415625 0.08441875 0.6376078125 0.0729578125 0.6489296875 0.062959375 0.6622015625000001 0.052446875000000004 0.6858765625000001 0.0488328125 0.7276203125 0.0522953125 0.75219375 0.0566796875 0.758040625
5 0.6429750000000001 0.5554515624999999 0.6458984375 0.55935 0.6611281250000001 0.5663578125 0.683025 0.56451875 0.702409375 0.5504578125 0.7107421875 0.539396875 0.7161515625 0.5244390625 0.7165625 0.5161171875 0.696434375 0.5136640625 0.6751515625 0.5030203125 0.6635625 0.485346875 0.6581265625 0.4692265625 0.6558171875000001 0.45284531250000004 0.6565359374999999 0.43828125 0.654971875 0.4384125 0.6421515624999999 0.44570625 0.6321515625 0.45897812499999996 0.6235109375000001 0.47627968750000005 0.618203125 0.48915781249999996 0.6182296875 0.520234375 0.6239734375 0.5301125 0.632 0.52529375 0.6378453125 0.533090625 0.6420250000000001 0.5431 0.6429750000000001 0.5554515624999999
5 0.258359375 0.395075 0.28402656249999997 0.411565625 0.2942578125 0.425209375 0.2984375 0.43521875000000004 0.3006421875 0.45368125 0.3068984375 0.4531546875 0.3167953125 0.44196406250000003 0.31720625 0.43364062499999995 0.31146250000000003 0.4237640625 0.306128125 0.4055640625 0.305896875 0.3786484375 0.309640625 0.3659015625 0.324946875 0.3397515625 0.326921875 0.3312984375 0.3195109375 0.3236328125 0.30887031249999997 0.3183109375 0.30730625 0.3184421875 0.3012546875 0.31480625 0.27779375 0.316778125 0.26330624999999996 0.3262828125 0.2567421875 0.3330515625 0.24310312500000003 0.3569890625 0.23541093750000003 0.3866421875 0.23823124999999998 0.392621875 0.24761562499999998 0.3918328125 0.2536671875 0.39546875 0.258359375 0.395075
5 0.6339265625 0.707465625 0.6486453125 0.7248765625 0.6517734374999999 0.7246140624999999 0.6529015625000001 0.701728125 0.650490625 0.6874265625 0.6463109375 0.6774171875 0.63461875 0.661825 0.6256437499999999 0.654290625 0.6134390625 0.6491 0.6118750000000001 0.6492312499999999 0.6009265625 0.6501515625 0.5975937499999999 0.654575 0.5884406249999999 0.6822812500000001 0.5765687500000001 0.701925 0.5762609375000001 0.7081671875 0.5938765625 0.6984 0.607953125 0.6972171875 0.6140046875 0.7008515625 0.62485 0.7020125 0.6339265625 0.707465625
0 0.66215 0.41916093749999994 0.6584328125 0.46298593749999994 0.6664859375 0.48924531250000003 0.6995625000000001 0.5134015625 0.7198953125 0.5116921875 0.7456390625 0.4950265625 0.7718671875 0.43687812499999995 0.7734046875 0.4056703125 0.76796875 0.38955 0.7304046875 0.3616265625 0.710071875 0.3633359375 0.6859953125 0.377790625 0.66215 0.41916093749999994
0 0.5757125000000001 0.30832187499999997 0.5505578125 0.28142812500000003 0.5112515625 0.288875 0.5093796875 0.295246875 0.5427906250000001 0.34423906249999997 0.562125 0.3944140625 0.581278125 0.35343749999999996 0.5757125000000001 0.30832187499999997
0 0.31974843750000004 0.6033296874999999 0.3812375 0.6831140625 0.407109375 0.6954453125 0.42118593750000005 0.6942625 0.4278515625 0.6854140625 0.4433375 0.6240249999999999 0.432978125 0.5813843750000001 0.41689999999999994 0.55994375 0.391028125 0.5476140625 0.361209375 0.5521906249999999 0.3216203125 0.5969562500000001 0.31974843750000004 0.6033296874999999
0 0.434746875 0.5770921875 0.44344062500000003 0.6219453125000001 0.442209375 0.6469125 0.42931406250000004 0.6873625 0.4568515625 0.6974812499999999 0.47269843749999996 0.69200625 0.489159375 0.6740468749999999 0.5120546874999999 0.6203234375 0.5015921875 0.5797625 0.4868734375 0.5623515625 0.47905312499999997 0.563009375 0.434746875 0.5770921875
0 0.180675 0.6440234375 0.182109375 0.6148953125000001 0.199390625 0.5802906250000001 0.16923749999999999 0.5600328125 0.1411859375 0.56031875 0.1151359375 0.5832265624999999 0.09993125 0.6072968750000001 0.09588125 0.626284375 0.13841874999999998 0.61649375 0.180675 0.6440234375
1 0.33005 0.3310359375 0.35412499999999997 0.3165796875 0.35838125 0.29343125 0.39715 0.265309375 0.3992265625 0.25477500000000003 0.3726109375 0.22593281250000002 0.3446625 0.2241359375 0.31215000000000004 0.2517328125 0.30184375 0.2712453125 0.29530625 0.309090625 0.33005 0.3310359375
1 0.31287031249999997 0.36355781249999997 0.30725625 0.382678125 0.31041093750000004 0.4134921875 0.3320265625 0.44897187499999996 0.37843593750000004 0.45543281249999995 0.40438437499999996 0.4346046875 0.418025 0.41066562500000003 0.41943281250000003 0.35046093749999996 0.410971875 0.3325234375 0.39438125 0.3214859375 0.357253125 0.31631718750000004 0.3315109375 0.332984375 0.31287031249999997 0.36355781249999997
1 0.4899234375 0.46885625 0.48612656249999997 0.4194484375 0.4675359375 0.3857859375 0.4361515625 0.3904953125 0.408871875 0.43837187499999997 0.40325625 0.457490625 0.40505312499999996 0.48427499999999996 0.4484109375 0.45784062499999995 0.4899234375 0.46885625
1 0.5942296875 0.50153125 0.6256906250000001 0.46366406250000003 0.6334578125 0.400853125 0.6175859375 0.37525 0.5993296875 0.366425 0.5868171875 0.3674765625 0.5632796875 0.40260625 0.5577171875 0.4838796875 0.5767171875 0.5092187499999999 0.5942296875 0.50153125
1 0.604721875 0.6995609375 0.5744921875 0.712459375 0.551159375 0.743428125 0.543878125 0.764759375 0.5413921875 0.7836171875 0.5492390625 0.8140375000000001 0.570034375 0.8661609374999999 0.5849578125 0.8794109375 0.5974703124999999 0.8783593749999999 0.6121624999999999 0.86469375 0.6426734374999999 0.8144734375 0.6554671875 0.776103125 0.6553390625 0.7471062500000001 0.6456203125 0.723059375 0.6323624999999999 0.707596875 0.604721875 0.6995609375
1 0.3192171875 0.8354359375 0.3081921875 0.8695140625000001 0.3052953125 0.8966937500000001 0.3118859375 0.921003125 0.360090625 0.9542484375000001 0.3904234375 0.9392687499999999 0.4071921875 0.9150671875 0.414678125 0.889575 0.4178828125 0.856153125 0.4104453125 0.8174109375 0.39865 0.8038984375 0.3694453125 0.7959921875 0.33942031250000004 0.80473125 0.3192171875 0.8354359375
1 0.262953125 0.5231515625000001 0.26046562500000003 0.5420078125 0.2865421875 0.5501765625 0.3095171875 0.5896859375 0.3204671875 0.588765625 0.3500546875 0.557271875 0.37715624999999997 0.544634375 0.38515625 0.5087390625 0.36707812500000003 0.464675 0.3489234375 0.45376874999999994 0.328590625 0.4554765625 0.30764375 0.46966875 0.262953125 0.5231515625000001
1 0.21785625 0.711346875 0.23495781249999997 0.71198125 0.281034375 0.69360625 0.2824421875 0.6334 0.2498515625 0.5677640625 0.2476453125 0.5493015625 0.2351328125 0.550353125 0.2041859375 0.5778171875 0.18534062499999998 0.6125515625 0.1835984375 0.647921875 0.21785625 0.711346875
