2 0.8542624999999999 0.25780156249999997 0.8601828125000001 0.2482140625 0.8587093749999999 0.20605156249999998 0.8563546875 0.1983171875 0.8475906249999999 0.186115625 0.8219515625 0.16825 0.7924203125 0.1583359375 0.7610265625 0.1547421875 0.738178125 0.157103125 0.713465625 0.165784375 0.6951640625 0.17893125000000001 0.687271875 0.1917140625 0.6791609375000001 0.1982515625 0.6753796875 0.20932656249999998 0.675434375 0.2108890625 0.6763609374999999 0.237434375 0.68074375 0.2435359375 0.716628125 0.256353125 0.7336125 0.2651421875 0.7613875 0.284496875 0.7739890625 0.2871828125 0.8030296874999999 0.2830421875 0.8153578125 0.277921875 0.82960625 0.26804375 0.8542624999999999 0.25780156249999997
2 0.7337515625 0.7466796875 0.7348515625 0.7184999999999999 0.7235140624999999 0.6923171875 0.7017671875 0.666496875 0.68045625 0.6531703125 0.6551984375 0.6462359375 0.615584375 0.6460546875000001 0.6093921875 0.647834375 0.5788703125 0.669225 0.5689515625 0.68364375 0.5690062499999999 0.6852046875 0.56516875 0.69471875 0.5660953125 0.721265625 0.5752421875 0.7443984375 0.5969890625 0.7702171875 0.61621875 0.7836171875 0.6246562499999999 0.7864484375 0.6807078125 0.7798015625 0.7179671875 0.772246875 0.7279421875 0.759390625 0.7337515625 0.7466796875
3 0.5439609375 0.385896875 0.5831937500000001 0.3751453125 0.5913578125 0.3701703125 0.6201796875000001 0.3597828125 0.6488375 0.34471093750000004 0.6528921875 0.3414421875 0.652784375 0.33831875 0.6378828125 0.329459375 0.6231984374999999 0.32684531250000004 0.6189250000000001 0.3238671875 0.6126796875 0.3240859375 0.59366875 0.31693125 0.570546875 0.3114859375 0.5536187499999999 0.304259375 0.541125 0.3046953125 0.5246328124999999 0.30996250000000003 0.47488125 0.317953125 0.4485234375 0.3391984375 0.4360859375 0.341196875 0.429784375 0.339853125 0.41548281249999997 0.3481703125 0.4155375 0.34973125 0.4095640625 0.35775625 0.4098359375 0.3655640625 0.41410937499999995 0.3685421875 0.44523124999999997 0.364328125 0.45361406249999997 0.36560000000000004 0.468625 0.3775828125 0.4876359375 0.3847359375 0.5002375 0.38742343749999997 0.535578125 0.384625 0.5439609375 0.385896875
3 0.40144843750000003 0.722325 0.40758593750000005 0.718984375 0.41158593750000005 0.7141531249999999 0.41136875 0.7079078125 0.40923125000000005 0.70641875 0.40638593749999996 0.6846296875 0.39329375 0.6678890625 0.38195625 0.64170625 0.380975 0.6135984375 0.3764296875 0.6028125 0.3734203125 0.5763390625 0.3806578125 0.5448171875 0.39025 0.52103125 0.40411562500000003 0.500221875 0.428446875 0.4806109375 0.44685781249999995 0.4705859375 0.450640625 0.4595109375 0.4499859375 0.440771875 0.45393125 0.4343796875 0.4701515625 0.42130625000000005 0.496946875 0.41255312499999997 0.5073562500000001 0.4121890625 0.5178765624999999 0.41495 0.5323953125 0.41287812500000004 0.5382609375 0.40172968750000004 0.537878125 0.3907984375 0.5315234375 0.38789375000000004 0.5190859375 0.3898921875 0.467796875 0.413571875 0.4532234375 0.4140796875 0.434375 0.4116109375 0.41990937500000003 0.41524374999999997 0.4095 0.41560625 0.3663765625 0.4343109375 0.3459921875 0.4475296875 0.3257703125 0.46543437499999996 0.3098234375 0.48631562500000003 0.3099328125 0.48943906249999997 0.296121875 0.511809375 0.28126406249999997 0.5639234375 0.28131875 0.565484375 0.2806546875 0.6061578125 0.28279062499999996 0.6076453125 0.2831734375 0.6185765625 0.29231875 0.641709375 0.31209375 0.670725 0.32935 0.6873203125 0.3571265625 0.7066749999999999 0.376246875 0.7169515625 0.3910390625 0.7226890625 0.40144843750000003 0.722325
3 0.667521875 0.3424953125 0.6933796875 0.36660781249999996 0.6938703125 0.38066093749999996 0.6841140625000001 0.39976406249999996 0.67863125 0.42184375 0.6796125 0.4499515625 0.6862953125 0.462225 0.6824578125 0.47174062499999997 0.658728125 0.508528125 0.659 0.5163359375 0.665628125 0.5270484375 0.6891859375 0.5449875 0.6934046875 0.546403125 0.6975140625 0.544696875 0.7034875 0.5366703125 0.7109421874999999 0.5113953125 0.728590625 0.479509375 0.7367015625 0.4729734375 0.7450296875 0.47268125000000005 0.76563125 0.465709375 0.77790625 0.45902656249999996 0.7920984375 0.4475859375 0.80371875 0.422165625 0.8035 0.41591875 0.80925625 0.40164687499999996 0.8082203124999999 0.371978125 0.8060828125 0.3704890625 0.8007734375 0.3378421875 0.7831359375 0.310315625 0.7529515625000001 0.2816640625 0.733721875 0.2682640625 0.7061640625 0.25515625000000003 0.6808515625 0.246659375 0.6577859375 0.2427734375 0.647375 0.2431375 0.6452390625 0.2416484375 0.5931875 0.2434671875 0.5352171875 0.25487187499999997 0.5105593749999999 0.2651140625 0.5106140625 0.266675 0.5046406250000001 0.2747015625 0.504803125 0.27938593749999996 0.50913125 0.283925 0.5175140625 0.2851953125 0.5493453125000001 0.30128125 0.56835625 0.3084359375 0.5788203125 0.30963281249999997 0.60626875 0.31961875 0.6335546875 0.32492031250000003 0.667521875 0.3424953125
4 0.5765453125 0.48325625 0.5762734375 0.4754484375 0.57178125 0.466225 0.5711265625 0.44748593750000004 0.5689359375 0.44443593750000004 0.53266875 0.42068593749999994 0.5116296874999999 0.4151671875 0.49289062499999997 0.41582187499999995 0.47228906249999997 0.4227953125 0.46006875 0.4310390625 0.452121875 0.44226093750000006 0.45288593749999995 0.464121875 0.45085781249999995 0.46575625 0.4509125 0.46731875 0.4556765625 0.48434999999999995 0.47304218750000004 0.50406875 0.4944078125 0.51895625 0.5175828124999999 0.5259640625 0.5300765625 0.525528125 0.550678125 0.5185546875 0.5670078125 0.5086046875 0.5790640625 0.49567500000000003 0.580928125 0.48935625 0.5765453125 0.48325625
5 1.0 0.5509671875000001 0.9991953125 0.5279078125 0.994921875 0.5249296875 0.9760734375 0.5224609375 0.9427609374999999 0.523625 0.9097203125 0.5325953125 0.8933359375000001 0.5409859375 0.875034375 0.55413125 0.8650609375 0.5669875 0.85733125 0.58445625 0.8559046875 0.6032671875 0.8538765625 0.6049015625 0.8560125 0.606390625 0.8589125 0.6297406249999999 0.8721140625 0.6496046875 0.914846875 0.6793812499999999 0.9507328125000001 0.6921999999999999 1.0 0.690478125 1.0 0.5509671875000001
5 0.5161953125000001 0.30712968749999997 0.5204140625 0.3085453125 0.543153125 0.3030609375 0.54304375 0.2999390625 0.5176234375 0.28831875 0.509240625 0.28704843750000003 0.5092953125 0.288609375 0.5118125 0.3010296875 0.5161953125000001 0.30712968749999997
5 0.6099734375 0.783834375 0.581978125 0.758234375 0.5687234375 0.7368078125 0.5617140625 0.7151640625 0.561221875 0.7011109375 0.5648421875 0.68535 0.5605687500000001 0.6823718750000001 0.5521859375 0.6811015625 0.5480765625 0.6828078125 0.5277999999999999 0.6991515625 0.5155265625000001 0.7058328125 0.4947609375 0.708121875 0.4927328125 0.7097562500000001 0.4760765625 0.7103375 0.4639109375 0.72014375 0.463965625 0.7217046875 0.4562921875 0.740734375 0.459246875 0.7656468750000001 0.4725015625 0.787071875 0.4896484375 0.8005437499999999 0.5023046875 0.8047921875 0.5293171875 0.8022859375 0.5313453124999999 0.8006515625 0.5935890625 0.792225 0.61008125 0.7869578125000001 0.6099734375 0.783834375
5 0.4050625 0.4079453125 0.42325625 0.391675 0.43109374999999994 0.3773296875 0.43092968750000005 0.3726453125 0.42879375 0.37115624999999997 0.4163015625 0.3715921875 0.405671875 0.3657109375 0.40545468749999997 0.35946406249999996 0.42134687499999995 0.33702031250000003 0.416965625 0.3309203125 0.39773593749999997 0.3175203125 0.38294375 0.3117828125 0.35795781249999997 0.31265624999999997 0.360859375 0.33600625 0.3551578125 0.35183906249999997 0.3451296875 0.363134375 0.345184375 0.3646953125 0.32688125 0.3778421875 0.3063328125 0.3863765625 0.3086875 0.3941125 0.3172890625 0.4016296875 0.33213593750000003 0.408928125 0.3404640625 0.40863750000000004 0.350765625 0.40515 0.367421875 0.40456875 0.36945 0.40293437499999996 0.4050625 0.4079453125
0 0.35488437500000003 0.34403125 0.3563125 0.3252203125 0.3541765625 0.32373124999999997 0.35154843750000003 0.3081890625 0.33418281250000004 0.2884703125 0.312871875 0.27514375 0.2813140625 0.266865625 0.25221875 0.26944375 0.2172609375 0.2831734375 0.2050953125 0.292978125 0.1991765625 0.302565625 0.1995578125 0.313496875 0.19753125 0.31513125 0.19758437499999998 0.3166921875 0.20273124999999997 0.3446546875 0.2180140625 0.3644453125 0.22869687500000002 0.371890625 0.24562656249999998 0.37911562499999996 0.2791578125 0.3842 0.306225 0.38325468749999997 0.32682656250000003 0.37628125 0.33701875000000003 0.3696703125 0.34704687500000003 0.3583765625 0.35488437500000003 0.34403125
1 0.4149328125 0.690584375 0.4468734375 0.70979375 0.5195265625000001 0.701003125 0.5499390625 0.6764890625 0.5595859375 0.6542640625 0.5582234374999999 0.615225 0.5301750000000001 0.5880625 0.492153125 0.57375625 0.4568125 0.576553125 0.42799062499999996 0.586940625 0.40546875 0.598671875 0.3853578125 0.6196984375000001 0.3975125 0.6693046875 0.4149328125 0.690584375
1 0.32659375 0.7874765625 0.33755 0.802728125 0.3674078125 0.8220109375 0.4628546875 0.809296875 0.470965625 0.8027609375000001 0.472665625 0.7917562499999999 0.45721875 0.76728125 0.4576109375 0.7188 0.4490640625 0.7128453125 0.42594374999999995 0.7073984375 0.3932296875 0.7257390625 0.359371875 0.7112859375 0.326821875 0.7343109375 0.3210671875 0.748584375 0.32659375 0.7874765625
1 0.3975875 0.5520437499999999 0.41100624999999996 0.5781531249999999 0.41960781249999995 0.5856703125 0.47330468750000004 0.5712875000000001 0.5276562499999999 0.57564375 0.5513874999999999 0.5388546875 0.5508968750000001 0.5248015625 0.52185625 0.5289421875 0.4944625 0.52051875 0.462359375 0.4966234375 0.44696718750000003 0.473709375 0.420390625 0.488709375 0.39644218750000004 0.5192515625 0.3975875 0.5520437499999999
1 0.3820515625 0.405621875 0.34873750000000003 0.406784375 0.31377968749999996 0.42051249999999996 0.2919671875 0.45254374999999997 0.29919531250000003 0.4804328125 0.3116875 0.479996875 0.35815625 0.43772500000000003 0.40730781250000003 0.41255625 0.3820515625 0.405621875
1 0.6745062500000001 0.1843421875 0.6505671875 0.1554734375 0.6210375 0.145559375 0.5918890625000001 0.146578125 0.5509015625 0.16677031250000002 0.5314984375 0.20809843749999998 0.5516 0.24648281249999998 0.647265625 0.2400140625 0.6677046875 0.22835624999999998 0.6745062500000001 0.1843421875
1 0.5495140625 0.6045859375 0.5750437500000001 0.619328125 0.6635265625 0.64594375 0.6864828125 0.64670625 0.702921875 0.639878125 0.7127875 0.6239 0.6908218749999999 0.591834375 0.6872125 0.5481828125 0.6570265625 0.51953125 0.621359375 0.512959375 0.596484375 0.51695625 0.5595515625 0.5338796875 0.5454687500000001 0.5484421875 0.5385578125 0.589334375 0.5495140625 0.6045859375
1 0.69049375 0.5824640624999999 0.704021875 0.6116984375000001 0.7274703125 0.6265140625 0.7675203125000001 0.6391859375 0.807025 0.63624375 0.845875 0.6145609375000001 0.853221875 0.5861625 0.874925 0.551009375 0.871915625 0.5245359374999999 0.8461671875000001 0.5035453125 0.8102281250000001 0.4891671875 0.758121875 0.4894234375 0.7231078125 0.5015890625 0.7037046874999999 0.5429171875 0.689403125 0.551234375 0.69049375 0.5824640624999999
1 0.9811406249999999 0.369065625 0.9670125 0.32265625 0.9380906250000001 0.2705078125 0.8980406249999999 0.2578359375 0.85848125 0.2592171875 0.7991921875 0.29255624999999996 0.7916828125 0.31627031250000004 0.8121109375 0.364025 0.829259375 0.377496875 0.9118875 0.35585 0.9811406249999999 0.369065625
1 0.8659375 0.2339421875 0.8972234374999999 0.2344125 0.9115796875 0.2276578125 0.9196890625 0.2211203125 0.917171875 0.2087015625 0.8764218749999999 0.1163171875 0.8179062500000001 0.11210625 0.7830015625 0.12739687500000002 0.760971875 0.15318125 0.8049671875 0.1594625 0.8410171875 0.17696406250000002 0.8584375 0.19824375 0.8659375 0.2339421875
0 1.0 0.693521875 0.9487046875 0.6938328125 0.9085453125 0.6780375000000001 0.8744140625 0.655778125 0.8521765625000001 0.6159046874999999 0.78653125 0.6463390625 0.8057515625 0.71915 0.8422375000000001 0.7491453124999999 0.8714953124999999 0.75125 0.9792171875 0.7318546875 1.0 0.7061109375 1.0 0.693521875
0 0.65478125 0.5149203124999999 0.682240625 0.46549375 0.6771484375 0.43909374999999995 0.683840625 0.39195625 0.647846875 0.3760140625 0.6312984375 0.37971875 0.6009953125 0.40735625000000003 0.581046875 0.43306875 0.5755640625 0.4551484375 0.5894203124999999 0.49375 0.6380703125 0.513940625 0.65478125 0.5149203124999999
0 0.5709640625 0.44280156249999997 0.6109140625 0.3929390625 0.6457640625 0.3760875 0.60176875 0.36980625 0.5545890625000001 0.39177968750000003 0.5388609375 0.41890625000000004 0.5709640625 0.44280156249999997
3 0.7823125 0.6449234374999999 0.7169515625 0.623753125 0.697003125 0.649465625 0.7344703124999999 0.70756875 0.7449250000000001 0.768178125 0.7842109374999999 0.7589890625 0.79966875 0.724053125 0.7966593750000001 0.6975796875 0.7823125 0.6449234374999999
