2 0.833859375 0.4801109375 0.8406828125000001 0.4757546875 0.8510390624999999 0.460571875 0.863040625 0.448625 0.8657343750000001 0.444046875 0.868665625 0.42217343749999997 0.8606421875000001 0.4044359375 0.8445640624999999 0.38469375 0.8140296875 0.36417968749999996 0.7766421875 0.36375625 0.759071875 0.3706859375 0.7506 0.37180625 0.7353046875 0.3772828125 0.7228828125 0.39235625 0.7226734375 0.39391875 0.7199796875 0.39849531250000003 0.716840625 0.42193125 0.7225890625 0.441121875 0.7370187500000001 0.457628125 0.7597109375 0.47457656249999997 0.7735421875 0.4800359375 0.794196875 0.48113906249999994 0.8090734375 0.4787875 0.8295187500000001 0.481453125 0.833859375 0.4801109375
2 0.6586125 0.6391234375 0.65448125 0.638903125 0.649121875 0.6323234375 0.6227171874999999 0.6120296875 0.61756875 0.6038859375000001 0.59895 0.6186281250000001 0.598740625 0.620190625 0.5962578125 0.6232046875 0.597903125 0.6264390625 0.614609375 0.64149375 0.6224515625 0.6450609375 0.641040625 0.646053125 0.6546624999999999 0.6530750000000001 0.6608578125 0.65340625 0.6716046875 0.6508328125 0.6720234375 0.6477078125 0.6586125 0.6391234375
2 0.76335 0.6337046875000001 0.769365625 0.6198625 0.77250625 0.5964265625 0.7628359375 0.575453125 0.7535546875 0.5670890625 0.7265234375 0.5514828125 0.700509375 0.5438 0.6839859374999999 0.5429171875 0.6606375 0.546390625 0.6358234375 0.5608 0.6287890625 0.5667187499999999 0.6234015625 0.5758734375000001 0.6231921875 0.5774359375 0.618196875 0.5991984375 0.6264296875 0.615375 0.6602578125 0.6423593750000001 0.6738796875 0.64938125 0.6920499999999999 0.6534984374999999 0.7085734375 0.6543812499999999 0.7339875 0.65101875 0.7470078124999999 0.64699375 0.7561078125 0.641184375 0.76335 0.6337046875000001
2 0.7342359375 0.7423 0.7659312500000001 0.6920640625 0.769253125 0.6828000000000001 0.7767062499999999 0.6737578125 0.777334375 0.6690703124999999 0.769909375 0.6623796875 0.7480265625 0.654915625 0.7294375 0.653921875 0.7124953125 0.6561640625 0.6815125 0.6545093750000001 0.6643328125 0.6740484375 0.6641234375 0.6756109375 0.6614296875 0.6801875 0.6578703124999999 0.7067484375 0.6603265625 0.71946875 0.6658953125 0.7244875000000001 0.68984375 0.7320609375 0.7032546875000001 0.7406453125 0.71418125 0.75224375 0.7243 0.7543578125 0.7336078125000001 0.7469875 0.7342359375 0.7423
2 0.5127843750000001 0.7493531250000001 0.521284375 0.7324984375 0.526490625 0.709171875 0.5096046875 0.6799453125 0.4961921875 0.6713609375 0.48215312499999996 0.6674640625 0.45736718749999994 0.6661406249999999 0.437940625 0.671396875 0.4199515625 0.6814515625 0.4127078125 0.68893125 0.41249843750000004 0.69049375 0.40792031250000005 0.7091328125 0.4097765625 0.71080625 0.40747343750000004 0.7279921875 0.4109484375 0.748634375 0.4198109375 0.7601234375 0.4497453125 0.769590625 0.470609375 0.76913125 0.4879703125 0.7637640625000001 0.5080250000000001 0.7538203125 0.5127843750000001 0.7493531250000001
3 0.624703125 0.42645156249999994 0.6445203125 0.4338046875 0.656075 0.440715625 0.660415625 0.4393734375 0.662271875 0.44104687499999995 0.6849921875 0.44226093750000006 0.6916078125 0.4394671875 0.7021437500000001 0.43845625000000005 0.7133093749999999 0.43275781249999995 0.7150125 0.404525 0.7172875000000001 0.403071875 0.718334375 0.395259375 0.7377890625 0.37426875000000004 0.7811921875000001 0.3608515625 0.8103171874999999 0.360834375 0.784721875 0.350025 0.7810109375 0.3466796875 0.7642765625 0.347359375 0.7405109375000001 0.35395781249999997 0.7221015625 0.3671375 0.7001906250000001 0.3754078125 0.6873796875 0.37787031249999997 0.666725 0.3767671875 0.6448421875 0.3693046875 0.6297843750000001 0.35748437499999997 0.6134703125 0.3550390625 0.597575 0.34946875 0.582515625 0.33765 0.581078125 0.332853125 0.5736546875 0.32616093749999997 0.5658109375 0.3225953125 0.5571312500000001 0.325278125 0.5538375 0.3188078125 0.5497062500000001 0.31858749999999997 0.5459937499999999 0.3152421875 0.5377328125 0.3148015625 0.5278234375 0.311125 0.5113000000000001 0.3102421875 0.511090625 0.3118046875 0.5104625 0.3164921875 0.515403125 0.326196875 0.5242640625 0.3376859375 0.5194765625 0.3578859375 0.5207046875 0.36424687499999997 0.5275015625 0.375625 0.5528593749999999 0.4037296875 0.584021875 0.4195578125 0.6123109375 0.4257890625 0.624703125 0.42645156249999994
3 0.48050625 0.6642296875 0.49247968750000004 0.668015625 0.51933125 0.66945 0.5216062499999999 0.6679984375 0.5466015625 0.6677593749999999 0.5742890625 0.6629437499999999 0.5809046875 0.66015 0.5842265624999999 0.6508859375 0.5809328125000001 0.6444156249999999 0.56689375 0.64051875 0.559259375 0.635390625 0.530553125 0.6322828125 0.522709375 0.6287171875 0.5165124999999999 0.6283859374999999 0.4969046875 0.6194703125000001 0.478553125 0.60118125 0.44574375 0.58211875 0.406975 0.545428125 0.40203437500000005 0.5357234375 0.399578125 0.523003125 0.40083437499999997 0.513628125 0.3963140625 0.5007984375000001 0.3955328125 0.47557968749999996 0.3868796875 0.46252812499999996 0.3871171875 0.44523124999999997 0.37930312499999996 0.42593125 0.37559062499999996 0.42258593749999995 0.3766375 0.41477343749999995 0.373134375 0.409865625 0.3628078125 0.4093140625 0.35804843750000004 0.41377968750000005 0.35113906250000004 0.46534062499999995 0.33252187499999997 0.48008125 0.32465 0.49225 0.32318437499999997 0.5031859375 0.320909375 0.5046390625 0.3207 0.5062015625 0.318396875 0.5233875 0.32025312499999997 0.5250609374999999 0.319596875 0.54548125 0.32905937500000004 0.5680171875 0.33935781249999997 0.584303125 0.3777078125 0.6241187499999999 0.40824375 0.6446328125 0.42970781249999995 0.6552203125 0.4536546875 0.6627953125 0.48050625 0.6642296875
3 0.4405546875 0.48113124999999995 0.4294171875 0.4710953125 0.418909375 0.456371875 0.4103125 0.4118515625 0.39875781250000003 0.40494062499999994 0.386365625 0.404278125 0.37705625 0.41164843749999996 0.3789125 0.413321875 0.377865625 0.42113281249999995 0.38939218750000004 0.4437796875 0.3891546875 0.4610765625 0.3994546875 0.4773625 0.3990078125 0.496221875 0.40331875000000006 0.5106140625 0.407659375 0.509271875 0.41511250000000005 0.5002296875 0.4401359375 0.48425624999999994 0.4405546875 0.48113124999999995
4 0.3670234375 0.36233125 0.3701359375 0.3546296875 0.377378125 0.3471484375 0.379890625 0.32839999999999997 0.3673171875 0.31356562499999996 0.35163125 0.3064328125 0.3144515625 0.304446875 0.29936562499999997 0.3083625 0.2726953125 0.3211 0.25841875000000003 0.3345 0.25820937499999996 0.33606250000000004 0.2548875 0.3453265625 0.257553125 0.3564828125 0.26084687500000003 0.362953125 0.2701265625 0.3713171875 0.292009375 0.37878124999999996 0.3291875 0.3807671875 0.344065625 0.3784140625 0.3490328125 0.3723859375 0.3622640625 0.3667984375 0.3670234375 0.36233125
5 0.6398343750000001 0.2824890625 0.62950625 0.2819375 0.6096609374999999 0.29031875 0.595384375 0.30371875 0.587303125 0.3174484375 0.58709375 0.3190109375 0.585209375 0.3330734375 0.594071875 0.3445609375 0.6157453125 0.3535875 0.6281375 0.35425 0.6184671875000001 0.3332765625 0.6184953125 0.3175421875 0.6272031250000001 0.2991234375 0.643965625 0.282709375 0.642109375 0.2810375 0.6398343750000001 0.2824890625
5 0.6853328125 0.827809375 0.6981734375 0.8096125000000001 0.7075109375 0.78650625 0.715171875 0.7759015625 0.719121875 0.76195 0.7102609375 0.7504609375 0.6914906249999999 0.7352953125 0.6617640625 0.7242671875 0.641109375 0.7231625 0.6198265625 0.726746875 0.5886078125 0.7423890625 0.5763953125 0.7558984375 0.5676859375000001 0.7743171875 0.5674765625 0.7758796875 0.5647546875 0.796190625 0.5672109375 0.8089109375 0.5740078125 0.8202890625 0.594425 0.8386890625 0.6041234375 0.843928125 0.632203125 0.851721875 0.6590546875000001 0.85315625 0.6741406249999999 0.8492421875 0.679109375 0.8432124999999999 0.6853328125 0.827809375
5 0.4156109375 0.6827921875 0.43380937499999994 0.6711765625 0.44683124999999996 0.6671515625 0.44725000000000004 0.6640265624999999 0.4235109375 0.654890625 0.38677968749999997 0.6340453125 0.3743859375 0.6333828125000001 0.36322187499999997 0.63908125 0.355559375 0.6496859374999999 0.33942656250000003 0.6614140625 0.33921718749999996 0.6629765625 0.3369421875 0.6644281249999999 0.3354765625 0.6753640625 0.34266406250000003 0.699353125 0.35565625 0.7110624999999999 0.3634984375 0.7146281250000001 0.3796046875 0.7186359375 0.3940625 0.7194078125 0.4048078125 0.716834375 0.4079484375 0.6933984375 0.4156109375 0.6827921875
5 0.73008125 0.524921875 0.73858125 0.5080671875 0.74851875 0.49600937500000003 0.7621671875 0.487296875 0.7671359375 0.4812671875 0.740521875 0.46253593750000005 0.7258828125 0.4475921875 0.707503125 0.4450359375 0.696965625 0.44604687500000006 0.6796046875 0.45141406249999994 0.65913125 0.4644828125 0.6469203125 0.47799218750000005 0.6406953125 0.493396875 0.6404859375 0.494959375 0.6433328125 0.5202890625000001 0.651775 0.5349015625 0.6592 0.5415921875 0.6672515625 0.543596875 0.6779984375 0.5410234375 0.70485 0.5424578125 0.7147578125 0.5461343750000001 0.7250859375 0.5466859375 0.729425 0.54534375 0.73008125 0.524921875
1 0.6246578125 0.5664984375000001 0.6168437499999999 0.5471984375 0.605915625 0.5355984375 0.5883734375 0.5267937500000001 0.5743343750000001 0.522896875 0.543353125 0.5212421875000001 0.5135984375 0.525946875 0.49126875 0.5373421875 0.48133125000000004 0.5494 0.478609375 0.5697125 0.47633593750000003 0.5711640625000001 0.4761265625 0.5727265625 0.4756796875 0.5915859375 0.48804375 0.6079828125 0.4991796875 0.61801875 0.52890625 0.6290484375000001 0.5557578125 0.6304828125 0.5946109374999999 0.61996875 0.6105343750000001 0.6098046874999999 0.6157125 0.6022140625 0.618853125 0.5787765625 0.6246578125 0.5664984375000001
1 0.50975 0.36838125 0.5167828125 0.3624640625 0.5155546875 0.356103125 0.5178296875 0.3546515625 0.5199234374999999 0.3390265625 0.509625 0.322740625 0.505103125 0.3099109375 0.48756093749999996 0.30110625 0.461128125 0.296546875 0.43137499999999995 0.30125156249999996 0.4005734375 0.31376875000000004 0.39105625 0.3227015625 0.382765625 0.33799531250000003 0.38255625000000004 0.3395578125 0.38336562500000004 0.3490421875 0.39387343750000003 0.363765625 0.40333593749999996 0.38630156250000003 0.41282500000000005 0.393103125 0.42294375000000006 0.3952171875 0.42935 0.3939859375 0.43638281250000005 0.3880671875 0.47565468749999995 0.374428125 0.496728125 0.3724078125 0.50975 0.36838125
1 0.35121875 0.6510281250000001 0.3561875 0.645 0.35888125 0.640421875 0.362021875 0.6169859375 0.3589375 0.608953125 0.3389390625 0.587428125 0.33028749999999996 0.574378125 0.32471875 0.569359375 0.31873125 0.567465625 0.29373593750000004 0.5677046875 0.28505625 0.5703875 0.2555109375 0.5735296875 0.231115625 0.584815625 0.2234546875 0.595421875 0.22324531250000001 0.596984375 0.21639218750000003 0.617075 0.22235156250000002 0.6347031249999999 0.23513437499999998 0.647975 0.23450625 0.6526609375 0.24151250000000002 0.6624765625 0.2512109375 0.667715625 0.26525 0.6716140625 0.3026390625 0.6720375 0.3307453125 0.664096875 0.35121875 0.6510281250000001
0 0.5569046875 0.4511546875 0.5600453125 0.42771875000000004 0.5540859375 0.41009062500000004 0.539446875 0.3951453125 0.512415625 0.3795390625 0.49630937499999994 0.37553125 0.47751093750000007 0.37610156250000004 0.44051406249999997 0.3882875 0.42893125000000004 0.397109375 0.418575 0.4122921875 0.418365625 0.41385468750000004 0.41606249999999995 0.4310421875 0.41791875 0.4327140625 0.41789062499999996 0.4484484375 0.4314828125 0.47120468750000005 0.452528125 0.48491875 0.4727640625 0.489146875 0.49755000000000005 0.4904703125 0.5124265625 0.48811875000000005 0.541790625 0.47080312500000004 0.5569046875 0.4511546875
0 0.3561921875 0.41210781250000006 0.36529218750000003 0.4063 0.37768437499999996 0.40696093749999995 0.38450937500000004 0.40260468749999995 0.384928125 0.3994796875 0.373790625 0.38944375 0.3578953125 0.3838734375 0.34756875 0.383321875 0.3457125 0.38165 0.3434375 0.3831015625 0.32278281249999996 0.3819984375 0.3205078125 0.38344999999999996 0.291590625 0.38190625 0.2736015625 0.391959375 0.258696875 0.41004687500000003 0.2584875 0.411609375 0.25474687500000004 0.4239984375 0.255765625 0.43192031249999996 0.2625609375 0.44329843750000003 0.2734890625 0.45489687500000003 0.28276875 0.4632609375 0.3077359375 0.47875781249999994 0.32818125 0.4814234375 0.3494921875 0.4621046875 0.3530796875 0.419809375 0.3561921875 0.41210781250000006
0 0.4009921875 0.31064375 0.45846406249999994 0.2853890625 0.46968437500000004 0.24822187499999998 0.44803906250000003 0.22346249999999998 0.43049687499999995 0.21465625 0.383409375 0.20899375 0.345784375 0.2258671875 0.3348015625 0.2457375 0.3347453125 0.27720625 0.352678125 0.298621875 0.3743515625 0.307646875 0.4009921875 0.31064375
0 0.5458359374999999 0.518228125 0.6046890625 0.5292390625000001 0.6377640625 0.5152703125 0.6392578125 0.4885984375 0.6595500000000001 0.4613578125 0.6538 0.44216718750000006 0.618296875 0.42768281249999995 0.581746875 0.421009375 0.5625296875 0.424703125 0.5587609375 0.45282656250000003 0.5252390625000001 0.4856546875 0.532425 0.5096437500000001 0.5458359374999999 0.518228125
0 0.552153125 0.7970906249999999 0.562690625 0.7960796875 0.5689421875 0.7649421875 0.5865421875 0.742278125 0.6156953125 0.7265265624999999 0.647725 0.72036875 0.6275171875 0.70040625 0.60584375 0.69138125 0.558128125 0.69040625 0.5302015625000001 0.7125171875 0.513175 0.7619625 0.521409375 0.7781390625 0.552153125 0.7970906249999999
1 0.6919296875 0.3749671875 0.715696875 0.36836875 0.760175 0.33140468749999996 0.75999375 0.3172328125 0.7364921875 0.2908 0.6890140625 0.2725265625 0.6549203125 0.2785734375 0.623671875 0.30995 0.6205328125 0.3333859375 0.630203125 0.354359375 0.665078125 0.37353281250000003 0.6919296875 0.3749671875
1 0.8631375 0.51 0.8633749999999999 0.49270312499999996 0.833440625 0.48323593750000005 0.7898562499999999 0.48248125000000003 0.7619578125 0.488859375 0.745615625 0.5021484375 0.73505 0.5188937499999999 0.738915625 0.5521453125 0.785346875 0.5782296875 0.824171875 0.58345 0.8631375 0.51
1 0.8936046875000001 0.45340468749999996 0.9481046875000001 0.3571796875 0.9493609375000001 0.3478046875 0.9239750000000001 0.3354328125 0.8655140625 0.33703125 0.8247765625 0.36160625 0.8711499999999999 0.419159375 0.866753125 0.4519703125 0.8723218749999999 0.4569875 0.8886359374999999 0.45943281249999995 0.8936046875000001 0.45340468749999996
4 0.6221578125 0.6938265625 0.647571875 0.6904625 0.6684921875 0.658534375 0.6243078125 0.6467328125 0.59955 0.629675 0.5858453124999999 0.66985625 0.6221578125 0.6938265625
