2 0.923196875 0.42984999999999995 0.937859375 0.42639531249999996 0.9462999999999999 0.4208546875 0.9548781249999999 0.4075109375 0.9654562500000001 0.399025 0.97828125 0.38134999999999997 0.9804734375 0.375284375 0.9809640625 0.3471953125 0.9769078125 0.340603125 0.9769890625000001 0.33592187500000004 0.9668468750000001 0.31944218750000003 0.9463984375000001 0.29584375 0.92373125 0.279871875 0.8926765624999999 0.2663203125 0.859375 0.26195625 0.8510156249999999 0.262815625 0.8237734375000001 0.2699 0.80905625 0.27647656249999997 0.8006968750000001 0.2773359375 0.788034375 0.28564687499999997 0.7709890625 0.306090625 0.7709625 0.3076515625 0.76860625 0.32308125 0.770634375 0.3263765625 0.8075015625 0.365421875 0.8359546874999999 0.408446875 0.8399296875 0.41972031249999997 0.8440421875 0.423190625 0.8606515625 0.42771406250000005 0.8835640625 0.42964062500000005 0.9023937500000001 0.42653749999999996 0.923196875 0.42984999999999995
3 0.937034375 0.7123062499999999 0.9537812499999999 0.7090265625 0.9875187499999999 0.6884234375 0.9961499999999999 0.6719593749999999 0.9967234375 0.639190625 0.9947765625 0.6312140625 0.9865796874999999 0.6227109375000001 0.98055 0.6097015625 0.97238125 0.5996374999999999 0.9538515625 0.5855765625 0.9082437499999999 0.5692375000000001 0.8624171875 0.5653828125 0.8498374999999999 0.5690125 0.8306812499999999 0.5908421875000001 0.79891875 0.6178625 0.7905046875 0.62184375 0.78411875 0.6291203125 0.765153125 0.6400265625 0.7504640625000001 0.6450421875 0.7504359375 0.6466015625 0.7524375 0.6514578125 0.76885625 0.6669046875 0.7688015625 0.670025 0.7830828125 0.6884171875 0.8078328125 0.7045640625 0.8410249999999999 0.71516875 0.9119015625 0.71800625 0.926565625 0.7145515625 0.9328140625 0.7150765625 0.937034375 0.7123062499999999
3 0.5331984375000001 0.30484062500000003 0.5290328125 0.304490625 0.5270312500000001 0.299634375 0.5228921875 0.2977234375 0.5185890625 0.30517500000000003 0.52261875 0.3133265625 0.5268125 0.3121171875 0.5268937499999999 0.3074359375 0.5310875 0.3062265625 0.5372 0.3145546875 0.5370640625 0.32235625 0.5307328124999999 0.3265125 0.52445625 0.327546875 0.52429375 0.336909375 0.5285140625 0.3341390625 0.5326531250000001 0.33605 0.5347906250000001 0.3331046875 0.5389296875 0.335015625 0.5367375 0.34108125 0.5407124999999999 0.3523546875 0.5343546875 0.358071875 0.5363546875 0.362928125 0.5447140625 0.36206875 0.544878125 0.35270625 0.555375 0.3489 0.5534015625 0.3424828125 0.5576218749999999 0.3397125 0.56598125 0.33885312500000003 0.576259375 0.34753124999999996 0.5720125 0.3518625 0.5678453125 0.3515125 0.567790625 0.3546328125 0.5719578125 0.35498281249999997 0.576178125 0.3522125 0.5802890625 0.355684375 0.580153125 0.3634859375 0.5696015625 0.3704125 0.5612421875 0.37127187500000003 0.5611609375 0.375953125 0.5548296875000001 0.380109375 0.5506640625 0.379759375 0.55683125 0.384965625 0.5484718749999999 0.385825 0.54844375 0.3873859375 0.5609421875 0.3884375 0.5672734375 0.38428125 0.5756046875 0.3849828125 0.579853125 0.3806515625 0.5923234374999999 0.3832625 0.59654375 0.38049218749999997 0.5924609375000001 0.3754609375 0.600928125 0.368359375 0.5926781250000001 0.36297812500000004 0.601146875 0.3558765625 0.6092328124999999 0.3706203125 0.6069046874999999 0.38448906250000003 0.6423703125 0.38434843750000003 0.6424796875000001 0.37810625 0.6362578125 0.3760203125 0.634284375 0.369603125 0.6260609374999999 0.3626609375 0.61775625 0.3603984375 0.6178375 0.3557171875 0.61378125 0.349125 0.6075875 0.34547812499999997 0.6014734374999999 0.3371515625 0.5932234375000001 0.33176875 0.5869203125 0.3343640625 0.5828359375 0.32933124999999996 0.5745312499999999 0.32707031249999996 0.576859375 0.31320156250000003 0.5748859375 0.306784375 0.5646609375 0.2949859375 0.55833125 0.299140625 0.5500796875 0.293759375 0.5375281249999999 0.295828125 0.5313328125 0.29218125 0.5334703125 0.2892359375 0.5293593750000001 0.28576562499999997 0.5210265625 0.2850640625 0.514859375 0.2798578125 0.5024171875000001 0.275684375 0.49816874999999994 0.280015625 0.491946875 0.2779296875 0.49595 0.28764218750000003 0.493784375 0.29214843749999997 0.4937578125 0.293709375 0.495703125 0.3016859375 0.504009375 0.3039484375 0.5083921874999999 0.291815625 0.5124765625000001 0.296846875 0.5145593749999999 0.297021875 0.51253125 0.2937265625 0.5146421875 0.292340625 0.5292234375 0.2935671875 0.5354171875 0.29721406250000004 0.5331984375000001 0.30484062500000003
3 0.45223125 0.87936875 0.46905937499999995 0.8714078125 0.49419218750000005 0.8657078125 0.5220078125 0.8258531250000001 0.5266093749999999 0.8012375 0.50884375 0.743484375 0.48414843750000003 0.7242171875000001 0.46134375 0.716046875 0.4428140625 0.7019875 0.4219578125 0.7017953125 0.3987984375 0.7139109375 0.3946328125 0.7135609374999999 0.37574843750000003 0.7197859375 0.363059375 0.7296578125 0.356646875 0.7384953125 0.35004375 0.7582546875 0.3500171875 0.759815625 0.3452234375 0.7953546874999999 0.3472796875 0.7970906249999999 0.349034375 0.8159906250000001 0.35509375 0.827440625 0.3550109375 0.832121875 0.36518125 0.8470421874999999 0.3857390625 0.8643984375 0.40023749999999997 0.87030625 0.4397875 0.8751953125 0.45223125 0.87936875
3 0.4167609375 0.5216421875 0.41594375 0.56845625 0.5159281250000001 0.5768671875 0.5167453125 0.530053125 0.4167609375 0.5216421875
3 0.44064531249999994 0.348625 0.4592296875 0.359565625 0.47578437500000004 0.367209375 0.49653281250000003 0.3736421875 0.5047828125 0.379025 0.529696875 0.385809375 0.5817171875 0.3933109375 0.5838281249999999 0.39192499999999997 0.638040625 0.393359375 0.6401515625 0.391975 0.656815625 0.39337656249999997 0.6589796875 0.38887031250000004 0.6446171875 0.3751609375 0.642615625 0.370303125 0.605640625 0.3375015625 0.5708828125000001 0.297071875 0.5646890625000001 0.293425 0.541803125 0.2899375 0.5231375 0.283678125 0.5045265624999999 0.2743 0.4754734375 0.2656046875 0.45880937499999996 0.264203125 0.45250625 0.2667984375 0.4253453125 0.2692015625 0.400484375 0.259296875 0.3901796875 0.25217812500000003 0.37981875 0.24818125000000002 0.37148593750000003 0.24748125 0.356796875 0.2524953125 0.34619062500000003 0.26254218749999997 0.34616250000000004 0.264103125 0.34608125 0.26878437499999996 0.3522484375 0.2739921875 0.37094062499999997 0.2786890625 0.3833578125 0.284421875 0.39366406249999997 0.291540625 0.40610625 0.2957125 0.4143296875 0.3026546875 0.41811406250000005 0.3248515625 0.42217031250000003 0.33144375 0.44064531249999994 0.348625
3 0.573553125 0.7411140625 0.567578125 0.724984375 0.565740625 0.7107640625 0.56135625 0.7228984374999999 0.54655625 0.7341546875 0.536059375 0.737959375 0.5110359375 0.7374171875 0.5089265625 0.738803125 0.5149843749999999 0.7502515625 0.522715625 0.7852828125 0.5287468750000001 0.7982921875 0.528475 0.8138953125 0.5263640625 0.81528125 0.526228125 0.8230828125 0.5198421875 0.8303593749999999 0.51115625 0.8499453125 0.4983578125 0.8660578125 0.500440625 0.866234375 0.5087734375 0.8669343749999999 0.52979375 0.8577640625 0.5614484375 0.8369859375 0.576275 0.8241687499999999 0.5806046874999999 0.81515625 0.5911828125 0.80666875 0.5998421875 0.7886453125 0.6021984375 0.773215625 0.587834375 0.75950625 0.573553125 0.7411140625
3 0.7129046875 0.5262390625 0.7127953125000001 0.53248125 0.7019984375 0.5534515625 0.6828140625 0.576840625 0.674209375 0.5917453125 0.6737734375 0.6167125 0.6269921875 0.667471875 0.6286390625 0.6926140625 0.64289375 0.7125671875 0.6512249999999999 0.7132671875 0.672328125 0.699415625 0.6936765625 0.6715187499999999 0.7213015625 0.6425890625 0.7276046875 0.63999375 0.7421859375000001 0.6412203125 0.750571875 0.6388 0.756821875 0.639325 0.76731875 0.6355203125 0.779953125 0.62876875 0.7863374999999999 0.6214921875 0.8286250000000001 0.5891078125 0.84991875 0.5643312500000001 0.8564140625000001 0.5508140625 0.858796875 0.5338234374999999 0.8609078125 0.5324390625000001 0.8615890625 0.493428125 0.8498265625 0.45024375 0.827759375 0.39994375 0.7951671874999999 0.3550078125 0.7808312500000001 0.33973749999999997 0.75410625 0.31717343750000004 0.714884375 0.2935578125 0.6776359375000001 0.276359375 0.6216390625 0.25758437500000003 0.6112234375 0.256709375 0.602946875 0.25288750000000004 0.5654515625000001 0.2497328125 0.5570109375000001 0.2552734375 0.552709375 0.262725 0.55268125 0.2642859375 0.5567109375 0.2724390625 0.56490625 0.2809421875 0.564853125 0.2840625 0.5913859375 0.31755 0.6672578125 0.3926921875 0.6917359375000001 0.42444375 0.707828125 0.4586140625 0.7176703125 0.492259375 0.71720625 0.5187875 0.7129046875 0.5262390625
3 0.16604687499999998 0.6630765625 0.174678125 0.6466125 0.17744374999999998 0.6077765625 0.188321875 0.5821265624999999 0.1951703125 0.548321875 0.2123796875 0.5185140625 0.24425312500000002 0.485253125 0.2590796875 0.47243593749999996 0.29281718749999996 0.4518328125 0.31589375 0.44439687499999997 0.36613125 0.43455937499999997 0.38101250000000003 0.4186203125 0.3936734375 0.41030937500000003 0.41461249999999994 0.40582031250000006 0.425028125 0.4066953125 0.4354984375 0.4044515625 0.4521625 0.405853125 0.48148749999999996 0.39894375000000004 0.49209375 0.38889687500000003 0.492284375 0.3779734375 0.48403437499999996 0.372590625 0.46528749999999997 0.3710140625 0.4548453125 0.3716984375 0.44854062499999997 0.37429375 0.39635625 0.37615468750000003 0.3819125 0.36712500000000003 0.35705156250000003 0.3572203125 0.3008375 0.3509296875 0.267428125 0.35280625 0.261125 0.3554015625 0.2381296875 0.35815625 0.21505312499999998 0.365590625 0.18350781249999998 0.38012812500000004 0.16240468749999998 0.3939796875 0.132778125 0.4180546875 0.10304374999999999 0.4483703125 0.075228125 0.488225 0.0642671875 0.5185578125 0.061693750000000006 0.5464703125 0.059584375 0.5478546875 0.05955625 0.549415625 0.061203125000000004 0.5745578124999999 0.065096875 0.5905125 0.0751296875 0.613234375 0.0893296875 0.6363078125 0.113834375 0.6664984375 0.13441875 0.6822953125 0.149 0.6835218750000001 0.15738749999999999 0.6811015625 0.16377187499999998 0.673825 0.16604687499999998 0.6630765625
3 0.938409375 0.753053125 0.9284296875000001 0.7272093749999999 0.9223171875 0.7188828125 0.8847687499999999 0.7188484374999999 0.8826578125 0.720234375 0.84308125 0.7169046875 0.8243890625000001 0.7122078125 0.7995281249999999 0.7023015625 0.7954171875 0.69883125 0.78916875 0.6983046875000001 0.7907609375 0.72656875 0.78865 0.727953125 0.7884859375 0.737315625 0.784265625 0.7400859375 0.782046875 0.7477140624999999 0.77133125 0.764003125 0.7734140625 0.764178125 0.8132375 0.7534625 0.8570078125 0.7555828124999999 0.9046984374999999 0.7720953125000001 0.9294499999999999 0.7882421875000001 0.9336156250000001 0.78859375 0.9378640624999999 0.7842625 0.9381359375 0.7686578125 0.940246875 0.7672718749999999 0.9381906250000001 0.7655375 0.938409375 0.753053125
3 0.384884375 0.1970375 0.3739234375 0.2273703125 0.373896875 0.22893124999999998 0.3736515625 0.242975 0.3777625 0.24644531249999999 0.402621875 0.2563515625 0.41914999999999997 0.2655546875 0.437896875 0.26713125 0.46511250000000004 0.2616078125 0.4406625 0.2282953125 0.4078515625 0.19584375 0.39538125 0.1932328125 0.384884375 0.1970375
4 0.5153984375 0.487746875 0.507421875 0.466759375 0.493221875 0.44368749999999996 0.47685781250000003 0.4251203125 0.4624671875 0.4129703125 0.454190625 0.4091484375 0.4312765625 0.407221875 0.4208078125 0.409465625 0.4103921875 0.408590625 0.3957296875 0.4120453125 0.38517812500000004 0.41897031250000005 0.3660765625 0.4376796875 0.36172031250000003 0.4482515625 0.3616921875 0.4498125 0.3632296875 0.481196875 0.377265625 0.5136328125 0.3874625 0.5269921875 0.399796875 0.53740625 0.41426875 0.544875 0.4579859375 0.5501140625 0.472675 0.5450999999999999 0.4979984375 0.5284765625000001 0.51304375 0.5031765625 0.5153984375 0.487746875
5 0.56550625 0.24661249999999998 0.5967515624999999 0.24924062500000002 0.5988078125 0.2509765625 0.6196109375 0.2542890625 0.6136609375 0.2365984375 0.6142609375 0.20226875 0.6122062500000001 0.20053281250000002 0.5830437500000001 0.1980796875 0.549525 0.20619843750000003 0.5263390625000001 0.2198765625 0.517815625 0.2300984375 0.5112390625 0.2482984375 0.5088296875 0.2668484375 0.51283125 0.2765609375 0.5149140625 0.2767359375 0.5314703125 0.2843796875 0.564715625 0.2918640625 0.5647984375 0.2871828125 0.5606859375 0.2837125 0.560740625 0.280590625 0.5504890625 0.270353125 0.5484875 0.2654953125 0.5507078125 0.25786875 0.5549546875 0.2535375 0.56550625 0.24661249999999998
5 0.8828703125 0.9468484374999999 0.9038375000000001 0.9407984375 0.92696875 0.93024375 0.9439046875000001 0.9160406249999999 0.9567578125 0.89680625 0.9591671875 0.87825625 0.961278125 0.8768703125 0.9615500000000001 0.861265625 0.9636609375 0.8598812499999999 0.9639875 0.84115625 0.9600671875 0.8267609374999999 0.949925 0.8102812500000001 0.9376453124999999 0.7967453124999999 0.9191156250000001 0.7826859374999999 0.8984500000000001 0.7715703125 0.873590625 0.761665625 0.8528140625 0.7567921875 0.825734375 0.7545140625 0.8090171875 0.7562328125 0.79224375 0.7610734375 0.7775531250000001 0.7660890625000001 0.7648906249999999 0.7744 0.7479 0.7917234375 0.7327734375 0.8217062500000001 0.732746875 0.823265625 0.7322828125 0.8497937500000001 0.738340625 0.8612421875 0.7382593749999999 0.8659234375 0.7523765625000001 0.8936781249999999 0.772825 0.9172765625 0.7934640625 0.9299515625 0.8183234374999999 0.9398562500000001 0.859903125 0.9480421874999999 0.8620125 0.9466578125 0.8828703125 0.9468484374999999
5 0.313296875 0.8317375 0.3447046875 0.825003125 0.3468421875 0.8220578125 0.34700625 0.8126953125 0.3430046875 0.8029828125 0.3457953125 0.7625859375 0.3545921875 0.736759375 0.3694453125 0.72238125 0.371665625 0.7147546874999999 0.357246875 0.704165625 0.35308125 0.7038140625 0.32359218749999996 0.7200875 0.2963765625 0.7256109375 0.2776296875 0.724034375 0.2485765625 0.7153390625 0.2381609375 0.7144625 0.21535625 0.70629375 0.2048328125 0.711659375 0.1962828125 0.7234421875 0.1962546875 0.725003125 0.1875953125 0.7430265625 0.18735 0.7570703125 0.18940625 0.75880625 0.19116249999999999 0.77770625 0.20333281250000002 0.797484375 0.22597343749999999 0.815015625 0.2508328125 0.8249203125 0.27371875 0.8284078125000001 0.275775 0.8301437500000001 0.313296875 0.8317375
5 0.3479734375 0.2798828125 0.3501109375 0.2769375 0.33988593749999996 0.26513749999999997 0.3463 0.25630156249999997 0.367375 0.244009375 0.36973124999999996 0.2285796875 0.36378125 0.2108890625 0.3516109375 0.1911125 0.3372484375 0.177403125 0.3227484375 0.1714953125 0.3140890625 0.18951875 0.3012640625 0.20719375 0.2780234375 0.22399062500000003 0.25911249999999997 0.23177656249999998 0.24445 0.23523125 0.196540625 0.23120156249999999 0.1965125 0.23276093750000001 0.1984328125 0.24230000000000002 0.208575 0.2587796875 0.21882656250000002 0.26901875 0.2250203125 0.272665625 0.2499625 0.2778890625 0.2665453125 0.283971875 0.2892671875 0.2968234375 0.301765625 0.2978734375 0.3290078125 0.2907890625 0.3479734375 0.2798828125
5 0.6732890625 0.4057015625 0.654296875 0.41816875 0.6457453125 0.4299515625 0.643471875 0.44069843750000004 0.639196875 0.44659062499999996 0.6391703125 0.44814999999999994 0.6411984375 0.45144687499999997 0.655725 0.45579375000000005 0.6598359375 0.459265625 0.68475 0.46604999999999996 0.7094734375 0.48375625 0.709665625 0.472834375 0.70374375 0.4535828125 0.6936828125 0.4324203125 0.67945625 0.41090781249999997 0.6732890625 0.4057015625
0 0.1125 0.1459953125 0.120340625 0.1747828125 0.13873437500000002 0.196646875 0.1634578125 0.214353125 0.2049 0.23034218750000002 0.23611718750000002 0.23452968749999997 0.275940625 0.223815625 0.29704375 0.20996406250000002 0.322775 0.169934375 0.30481875 0.1231046875 0.269953125 0.0889171875 0.23681562500000003 0.075190625 0.1827125 0.0675125 0.15760625 0.0716515625 0.1322828125 0.088275 0.117265625 0.112015625 0.1125 0.1459953125
0 0.0630578125 0.46844843750000004 0.0733359375 0.47712656249999996 0.0817234375 0.47470625 0.11797968750000001 0.42931093750000004 0.18986562499999998 0.3744109375 0.1878640625 0.3695546875 0.1526171875 0.3572140625 0.1150953125 0.35562031250000004 0.08365937500000001 0.3639140625 0.058335937500000004 0.38053750000000003 0.0433453125 0.40271718749999996 0.042881249999999996 0.4292453125 0.0630578125 0.46844843750000004
0 0.49738906250000003 0.44403750000000003 0.5193749999999999 0.4990203125 0.5658828125 0.4638640625 0.607815625 0.4517640625 0.6349484375000001 0.45092187499999997 0.6392515624999999 0.44346874999999997 0.6188296875 0.4183109375 0.5816359375 0.3979921875 0.531753125 0.38754374999999996 0.50248125 0.3913328125 0.4707734375 0.41523281250000005 0.49738906250000003 0.44403750000000003
0 0.5490109375000001 0.5937140624999999 0.5965109375 0.6211515624999999 0.6318953125 0.6256906250000001 0.66325 0.622078125 0.7129859374999999 0.5215578125 0.707390625 0.48358125 0.6867796875 0.46934531249999994 0.6370328125 0.451096875 0.599428125 0.454184375 0.557440625 0.4694046875 0.5278703124999999 0.4903578125 0.5106328125 0.5217265624999999 0.5203125 0.564734375 0.5490109375000001 0.5937140624999999
0 0.620846875 0.899803125 0.67465 0.9246453125 0.7308921875000001 0.9293765625000001 0.766521875 0.9198718749999999 0.7321187499999999 0.8591562500000001 0.7307171875 0.8199703125 0.7437609375 0.7898125 0.6913859375 0.8025968750000001 0.6456140625 0.7956203125 0.6145875000000001 0.7805093750000001 0.601925 0.7888203125000001 0.588609375 0.8345812499999999 0.5902828125 0.8581640625 0.620846875 0.899803125
1 0.0305953125 0.6548078125 0.0109765625 0.703165625 0.0167890625 0.7286578125000001 0.031070312500000002 0.74705 0.07435 0.77725625 0.118065625 0.782496875 0.1431703125 0.7783578125 0.17688125 0.7593156249999999 0.20488749999999997 0.7085390625 0.18265625000000002 0.6676 0.1701578125 0.6665484375 0.170021875 0.67435 0.1468625 0.6864671875 0.130253125 0.6819437500000001 0.08513593750000001 0.6375171875000001 0.047478124999999996 0.6437265625 0.0305953125 0.6548078125
1 0.18160937500000002 0.608128125 0.1809 0.6487 0.20104843749999998 0.6894625 0.2174671875 0.7049078125 0.2693515625 0.7202124999999999 0.3047625 0.723190625 0.3320328125 0.7145453125000001 0.3637421875 0.690646875 0.38525312500000003 0.6533875 0.38374375 0.62044375 0.367515625 0.594075 0.344875 0.5765421875000001 0.3034328125 0.5605546875 0.251303125 0.5592953125 0.217784375 0.5674140624999999 0.1945703125 0.5826515624999999 0.18160937500000002 0.608128125
1 0.2045828125 0.3678359375 0.2674546875 0.351246875 0.3321921875 0.347315625 0.318046875 0.321121875 0.2851015625 0.296471875 0.2540734375 0.2813609375 0.20621874999999998 0.274209375 0.1748109375 0.28094375 0.1409640625 0.30778906250000004 0.1361703125 0.343328125 0.1547265625 0.355828125 0.2045828125 0.3678359375
1 0.3553453125 0.5742984375 0.40793749999999995 0.5490296875 0.3650671875 0.49541562499999997 0.357690625 0.4401 0.290678125 0.454778125 0.235675 0.4985953125 0.23115468749999998 0.51853125 0.239159375 0.5379578125 0.27226875 0.5532453125 0.32220781249999997 0.5605703125 0.3553453125 0.5742984375
1 0.6157984375 0.23365312500000002 0.6258328125 0.256375 0.7231890625 0.29581875 0.7419359375 0.297396875 0.7735078125 0.2813 0.8032984375 0.2478625 0.8035984375 0.23069687499999997 0.78964375 0.19358124999999998 0.7650015625 0.1711921875 0.736003125 0.1593765625 0.702703125 0.1550125 0.6608515625 0.16243125 0.6355546875 0.17749375 0.6162359375 0.2086859375 0.6157984375 0.23365312500000002
1 0.8938265624999999 0.5586484375 0.9605375 0.5611359375 0.986025 0.53515 0.994765625 0.51244375 0.9952296875 0.4859171875 0.9831406250000001 0.461459375 0.9646109375 0.44739843749999997 0.9210859375 0.431234375 0.8709843749999999 0.433271875 0.849990625 0.44088125 0.8657 0.49689843749999996 0.8606078125 0.549603125 0.8938265624999999 0.5586484375
1 0.41422499999999995 0.6667640625 0.5048421875 0.7337703125 0.5360875 0.7363999999999999 0.5571625 0.7241078125 0.5834406249999999 0.6528703124999999 0.583821875 0.6310234375 0.571596875 0.6143671875 0.5180374999999999 0.5754812499999999 0.48479218749999997 0.567996875 0.44716093749999997 0.5726453125 0.4155609375 0.5903031249999999 0.400653125 0.6078015625 0.39605 0.6324171875 0.41422499999999995 0.6667640625
1 0.6225265624999999 0.6842875 0.62074375 0.666946875 0.6505875 0.6303890625 0.612903125 0.6381578125 0.5811124999999999 0.6667390625 0.56806875 0.6968953124999999 0.5776921875000001 0.743025 0.61253125 0.7787734375 0.647725 0.7942359375 0.69560625 0.7998265625000001 0.7207109375 0.7956875 0.7501734375 0.780975 0.77355 0.756375 0.7864578125 0.7340203125 0.784975 0.699515625 0.7585234375 0.661346875 0.733771875 0.6452 0.7169984375 0.650040625 0.672246875 0.7040968750000001 0.6366984375 0.7089203125 0.6225265624999999 0.6842875
