2 0.6564703125 0.6875359375000001 0.6554625 0.671925 0.6647531250000001 0.6543125 0.6515671875 0.6439125 0.634525 0.6383734375000001 0.6055078125 0.6411671875 0.5913515625 0.6480296875 0.5835359375 0.6561874999999999 0.5836359375 0.6577484375 0.5789078125 0.6814296875 0.5812265625 0.7173359375 0.5857890625 0.7234046875 0.5988734375 0.7322437500000001 0.6095765625 0.7364859375 0.62215625 0.73751875 0.638190625 0.7274468749999999 0.66381875 0.7044453125000001 0.6610328125 0.6936046874999999 0.6564703125 0.6875359375000001
2 0.5448234375000001 0.6703515624999999 0.5161718750000001 0.64651875 0.5055703125 0.6438375 0.47853124999999996 0.6449828125 0.46655625 0.6533171875 0.44955 0.68065 0.4496515625 0.6822109375000001 0.45273906249999996 0.697734375 0.4594828125 0.705275 0.4725671875 0.7141140625 0.4915890625 0.7180046875 0.5061484375 0.7173875 0.5122875 0.7155609375 0.5240609375 0.7041046875 0.5441546875000001 0.6922953125 0.5460328125 0.689084375 0.5448234375000001 0.6703515624999999
3 0.7656609375000001 0.63438125 0.7854515625 0.6178890625 0.7815578125 0.5898765625 0.7849109375000001 0.5772109375000001 0.790646875 0.569140625 0.79034375 0.5644578124999999 0.7685375 0.549728125 0.7557546875 0.5455734375 0.7306953125 0.54506875 0.7 0.5541968749999999 0.6862468749999999 0.567303125 0.678734375 0.5801453125 0.678834375 0.58170625 0.6779640625 0.6005281250000001 0.6827296875 0.6097187500000001 0.6832328125 0.6175234374999999 0.696821875 0.6341671875 0.6970234375000001 0.637290625 0.7164484375 0.6474249999999999 0.7206078125000001 0.6472484374999999 0.7292296875 0.6515796875000001 0.7375499999999999 0.6512265625 0.7656609375000001 0.63438125
3 0.7899406250000001 0.5582125 0.7898390625 0.5566515625 0.768903125 0.5231 0.7625625 0.521803125 0.7482046875 0.5255421874999999 0.7190859374999999 0.5267765625 0.7127453125 0.5254796875000001 0.704225 0.522709375 0.688959375 0.5123984375 0.679934375 0.5018234374999999 0.6749671875 0.48951093749999997 0.6743625 0.48014375 0.6781203125 0.473721875 0.6778171875 0.4690390625 0.695125 0.446390625 0.7174 0.43605312500000004 0.712634375 0.42686250000000003 0.7040124999999999 0.42253281249999997 0.6915328125 0.4230609375 0.6772765625 0.42836093750000004 0.66738125 0.43660781249999997 0.6579890625 0.452659375 0.658090625 0.45422031250000006 0.6563125000000001 0.4589921875 0.658228125 0.48865468749999996 0.66309375 0.49940625 0.683425 0.523590625 0.703253125 0.5399703125 0.71405625 0.545775 0.7493140625 0.542715625 0.7662546875 0.54669375 0.78578125 0.5583890625000001 0.7899406250000001 0.5582125
3 0.5776984374999999 0.662696875 0.554315625 0.6558609375 0.537071875 0.6471984375 0.5238859375 0.6368 0.5192234375 0.6291703125 0.5189203124999999 0.6244859375 0.5244546875 0.61329375 0.5236484375 0.6008046874999999 0.527203125 0.5912609375 0.5407546875 0.5750328125 0.5272671875 0.55995 0.5246828125 0.5522328125 0.52595625 0.53965625 0.5335703125 0.528375 0.5414875 0.521778125 0.5341390625 0.5048703125 0.5334328125 0.49394218749999996 0.542521875 0.47320624999999994 0.5582546875000001 0.45845156249999997 0.559528125 0.44587343749999997 0.5571453125 0.441278125 0.552784375 0.4383328125 0.5444640625 0.43868437499999996 0.5384265625 0.442071875 0.5308125 0.45335156249999997 0.5274593750000001 0.4660171875 0.5218234374999999 0.4756484375 0.5015296874999999 0.48433593750000004 0.49371406249999994 0.49249375000000006 0.4881796875 0.5036859375 0.48324999999999996 0.5242453125 0.48335 0.52580625 0.486475 0.574203125 0.48865625 0.575675 0.492146875 0.5974437499999999 0.501978125 0.6205078125 0.5133859375000001 0.635678125 0.5182515624999999 0.64643125 0.5468031250000001 0.6687015625 0.5725671875 0.680134375 0.576728125 0.6799578125 0.5776984374999999 0.662696875
4 0.5901484375 0.3710015625 0.580921875 0.3573046875 0.57001875 0.3499390625 0.5552578125000001 0.347434375 0.5158406249999999 0.35066875 0.4936671875 0.3625671875 0.49376718750000004 0.364128125 0.4900109375 0.3705484375 0.49071718750000004 0.3814765625 0.4979640625 0.39682343750000004 0.50450625 0.4012421875 0.52996875 0.40799062499999994 0.554928125 0.4069328125 0.5651265624999999 0.4033703125 0.57461875 0.3888796875 0.588471875 0.377334375 0.5901484375 0.3710015625
5 0.5410390625 0.7409546875 0.5119203125 0.7421890624999999 0.5017234375 0.7457515625 0.49172656249999996 0.7524375 0.48193125 0.7622453124999999 0.47096406249999995 0.7861906249999999 0.47106562500000004 0.7877515625 0.47156875 0.7955578125 0.4789171875 0.812465625 0.48348125 0.8185343749999999 0.49210312500000003 0.822865625 0.536146875 0.7943859375 0.5500015625 0.7828421875 0.5781125 0.765996875 0.5819687499999999 0.7611375 0.5558 0.7434609375 0.5410390625 0.7409546875
5 0.675078125 0.5881265625000001 0.67695625 0.584915625 0.6747765625000001 0.58344375 0.666859375 0.590040625 0.6611234375 0.5981109375 0.6612250000000001 0.5996718750000001 0.6574687499999999 0.6060921875 0.658778125 0.6263875 0.66820625 0.6432078125 0.67256875 0.646153125 0.676728125 0.6459765625 0.69494375 0.637378125 0.6947421874999999 0.63425625 0.6835359375000001 0.6222078125 0.6785703125 0.6098953125000001 0.675078125 0.5881265625000001
5 0.4759109375 0.6043921875 0.4684984375 0.6187953125 0.4686 0.62035625 0.46950624999999996 0.6344078125 0.4763515625 0.643509375 0.50755 0.6421875 0.5138906249999999 0.643484375 0.5136890625 0.6403625 0.50228125 0.6251921874999999 0.49503281250000003 0.60984375 0.49462968749999997 0.6035999999999999 0.49016875000000004 0.5990921874999999 0.4759109375 0.6043921875
0 0.5642921875 0.4550640625 0.57033125 0.45167812500000004 0.5806296875 0.4496765625 0.5825078125 0.446465625 0.5687171875 0.4267 0.567609375 0.40952656249999997 0.5654281250000001 0.408053125 0.5300703125 0.4095515625 0.5130281250000001 0.4040125 0.5047078125 0.40436562499999995 0.4986703125 0.4077515625 0.491459375 0.4252765625 0.491559375 0.4268375 0.49226562500000004 0.43776562500000005 0.4973328125 0.451640625 0.5173625000000001 0.47114218750000003 0.521521875 0.470965625 0.5268546875 0.4566515625 0.536346875 0.442159375 0.5443640624999999 0.43712343750000004 0.5526828125 0.436771875 0.559125 0.4396296875 0.5642921875 0.4550640625
0 0.6542875 0.3307140625 0.6517031249999999 0.32299687499999996 0.6380140625 0.30479218750000003 0.630765625 0.2894453125 0.626203125 0.2833765625 0.6219421875 0.2819921875 0.6055046875000001 0.28581875 0.5856125 0.30074999999999996 0.5760203125000001 0.31367968749999997 0.5727671875 0.32790625 0.57286875 0.32946718750000004 0.5759562500000001 0.344990625 0.58498125 0.3555671875 0.595884375 0.36293125000000004 0.6151078125 0.36994375 0.6546265625000001 0.36827031250000003 0.6688828124999999 0.36296875 0.6705593750000001 0.3566375 0.666096875 0.3521296875 0.6657953125 0.34744687500000004 0.6542875 0.3307140625
0 0.585990625 0.7265265624999999 0.579246875 0.7189859375000001 0.5754546875 0.6925343749999999 0.5732734374999999 0.6910609375 0.5463359375 0.69376875 0.5382171875 0.6972437499999999 0.5221828125 0.707315625 0.5123875 0.7171234375 0.5088328125 0.726665625 0.508934375 0.7282265625 0.5096390625 0.7391546875 0.5118203125 0.740628125 0.54301875 0.73930625 0.549359375 0.740603125 0.562140625 0.7447578125 0.586028125 0.7594000000000001 0.5941468750000001 0.755925 0.601559375 0.741521875 0.6011562500000001 0.7352765625 0.585990625 0.7265265624999999
0 0.6536640625000001 0.4825859375 0.6527578125 0.4685359375 0.6417531249999999 0.459609375 0.6204500000000001 0.452684375 0.6056890625 0.45017968750000004 0.57865 0.45132500000000003 0.5725109374999999 0.45315000000000005 0.554396875 0.4633109375 0.5427234375000001 0.47632812500000005 0.542825 0.477890625 0.5357140625000001 0.4969765625 0.5434671875 0.5201296875 0.5737953124999999 0.537628125 0.594996875 0.5429921875 0.6218343749999999 0.5387234375000001 0.6399484375 0.5285640625 0.651621875 0.515546875 0.65715625 0.504353125 0.6558453125 0.484059375 0.6536640625000001 0.4825859375
1 0.45480937499999996 0.6005906249999999 0.4877859375 0.594496875 0.47919062500000004 0.5259828125 0.431453125 0.529571875 0.408409375 0.560290625 0.422603125 0.5863015625 0.45480937499999996 0.6005906249999999
1 0.636971875 0.6116578125000001 0.6251609375 0.5902421875 0.5885921875 0.5730062499999999 0.545015625 0.57641875 0.5258296875 0.602278125 0.523684375 0.6336765625 0.566996875 0.6584531250000001 0.5795765625 0.6594859375000001 0.6359 0.62735625 0.636971875 0.6116578125000001
0 0.6223375 0.5465296875 0.62385 0.5699468750000001 0.65458125 0.5936921875000001 0.660921875 0.5949875 0.6938609375 0.556021875 0.7099968750000001 0.5475125000000001 0.665778125 0.508684375 0.6223375 0.5465296875
