2 0.42192656250000005 0.8702156249999999 0.4358546875 0.8683671875 0.45068906249999996 0.862178125 0.46456406250000004 0.8497890625 0.4737453125 0.827471875 0.47609531250000003 0.8018421874999999 0.471296875 0.7708328125 0.456625 0.7474624999999999 0.44168593749999996 0.732565625 0.4329875 0.727390625 0.4097234375 0.7199296875 0.4081765625 0.720134375 0.3892875 0.72053125 0.3834171875 0.7234203124999999 0.352571875 0.7486125 0.340615625 0.7734062500000001 0.33799843749999997 0.8075109375 0.34402499999999997 0.8362484374999999 0.3608828125 0.8635468749999999 0.383240625 0.8753500000000001 0.42069999999999996 0.8724875000000001 0.42192656250000005 0.8702156249999999
2 0.295165625 0.6634 0.318696875 0.6623859375000001 0.34495156250000003 0.6483531250000001 0.354184375 0.636578125 0.36427343749999996 0.6099218750000001 0.3642203125 0.59938125 0.35984531249999996 0.591521875 0.35728593750000004 0.5749828124999999 0.3475765625 0.5530640625000001 0.3388796875 0.5478890625 0.28402656249999997 0.5404 0.2824796875 0.5406046875 0.26049375 0.5414125000000001 0.254625 0.5443015625000001 0.2413890625 0.5608265625 0.2368515625 0.5825265625 0.2394625 0.6096078125 0.2413296875 0.61146875 0.2429296875 0.62180625 0.2554140625 0.641246875 0.2768625 0.6573890625 0.295165625 0.6634
2 0.3526578125 0.45322968750000003 0.358846875 0.4524078125 0.3871328125 0.410678125 0.38804062500000003 0.40633749999999996 0.384840625 0.38566406249999996 0.3829734375 0.38380312499999997 0.381375 0.373465625 0.3701703125 0.36229374999999997 0.34471875 0.350903125 0.3282828125 0.3467546875 0.32673593749999996 0.3469609375 0.31094218749999997 0.346946875 0.3013890625 0.356653125 0.2952515625 0.3680171875 0.291353125 0.3938515625 0.2939125 0.41039062499999995 0.297059375 0.42052187500000004 0.3126390625 0.4395515625 0.331528125 0.43915468750000003 0.33990624999999997 0.4422625 0.3526578125 0.45322968750000003
3 0.720178125 0.685059375 0.71644375 0.6813359375 0.71089375 0.6862921875 0.701609375 0.6875234375 0.6997421875 0.6856609375 0.6842671874999999 0.6877156249999999 0.6824 0.6858531250000001 0.681171875 0.6881265625 0.665696875 0.6901796874999999 0.6502749999999999 0.702775 0.623059375 0.71060625 0.642909375 0.7164109375 0.6643578125 0.732553125 0.6720953125 0.7315265625 0.71526875 0.6941499999999999 0.7183640625 0.6937390625 0.7208187500000001 0.68919375 0.720178125 0.685059375
3 0.4776953125 0.8121796874999999 0.4682984375 0.8535125000000001 0.47469687499999996 0.894859375 0.4812078125 0.8961046874999999 0.512053125 0.8709140625 0.5252875 0.8543890624999999 0.509709375 0.8353578125000001 0.49813124999999997 0.8115765625 0.492053125 0.772296875 0.4941359375 0.7551421875 0.5005421875 0.7353046875 0.5146843750000001 0.7144390625 0.5177796875 0.7140296875 0.52733125 0.704321875 0.5520921875 0.7010359375 0.5651109375 0.703528125 0.5877875 0.717396875 0.593978125 0.716575 0.6084921875 0.7083203124999999 0.6484078125 0.7009140625 0.6539578125000001 0.6959578125 0.6586000000000001 0.6953406249999999 0.6681515625000001 0.685634375 0.71366875 0.6838140625 0.7161234375000001 0.6792687500000001 0.7175671875 0.657978125 0.714740625 0.6499140625 0.705134375 0.6490796875 0.7039078125 0.6513515625 0.6853374999999999 0.6538171875 0.6834703125 0.6519546875 0.6630328125 0.6525562500000001 0.6307 0.6273109375 0.608075 0.623984375 0.606528125 0.6241890625 0.583315625 0.62726875 0.5731234374999999 0.6328421875 0.5653859375 0.63386875 0.55241875 0.64191875 0.5249875 0.6687671875000001 0.5019328125 0.7034734375 0.48842968750000004 0.7284734375 0.47407187500000003 0.7683546875 0.4779109375 0.7931625 0.4776953125 0.8121796874999999
3 0.389796875 0.44830156250000003 0.4176515625 0.44460468750000004 0.44096875 0.46260781250000005 0.450253125 0.46137656250000003 0.458578125 0.45394218750000004 0.46749062500000005 0.4401 0.4773625 0.4324609375 0.5014828125 0.425040625 0.5182375 0.43125625 0.536271875 0.445740625 0.549290625 0.4482328125 0.5595359375 0.45320312500000004 0.5824281250000001 0.4480546875 0.5880296875 0.45364062499999996 0.5858953125 0.46025312500000004 0.5896296875 0.463978125 0.5853078125 0.46666093750000004 0.585628125 0.468728125 0.6011015625 0.46667500000000006 0.6035578125 0.46212968749999994 0.6178046875 0.46234843750000004 0.625221875 0.4592546875 0.6289046875000001 0.45243593750000005 0.6279453125 0.44623437499999996 0.6235703125 0.438375 0.6142328125 0.42906562499999995 0.5990265625 0.42264375000000004 0.5831796875 0.41208906250000005 0.5778453125 0.398028125 0.567228125 0.3804484375 0.5575703125 0.369071875 0.5367609375 0.3570640625 0.5268375 0.3541625 0.504853125 0.3549703125 0.502984375 0.3531078125 0.5014375 0.35331250000000003 0.45597343749999997 0.36567656249999997 0.42971875 0.379709375 0.40132812500000004 0.4003546875 0.386225 0.41501875000000005 0.3733109375 0.4336109375 0.3598078125 0.458609375 0.36017968749999996 0.47121874999999996 0.3774171875 0.44994375 0.3879296875 0.4464390625 0.389796875 0.44830156250000003
5 0.4174609375 0.718903125 0.4360828125 0.7269796875 0.455984375 0.743328125 0.46846875 0.76276875 0.47188437499999997 0.764425 0.47679375 0.755334375 0.480425 0.7379749999999999 0.4777609375 0.7003515625000001 0.47338593749999996 0.69249375 0.47242656250000004 0.686290625 0.46335625 0.66850625 0.4459109375 0.6476140625 0.428515625 0.6372640625 0.42200625 0.6360171875 0.4204578125 0.6362234375 0.40653125 0.638071875 0.39324375 0.6440546875 0.37659375 0.658921875 0.368640625 0.678965625 0.3702921875 0.6998453125 0.38155 0.721559375 0.39515625 0.7176437499999999 0.3970234375 0.7195046875 0.40940468750000003 0.7178625000000001 0.4174609375 0.718903125
5 0.18370781249999998 0.5452734375 0.21257500000000001 0.5583203125 0.234559375 0.5575125 0.2459796875 0.54966875 0.25398437500000004 0.5401671875 0.2622578125 0.522190625 0.2615125 0.496971875 0.2648234375 0.47754375 0.2632234375 0.4672078125 0.2578890625 0.453146875 0.24727187499999997 0.43556718749999995 0.2307859375 0.42087812500000005 0.21061718749999997 0.41300468749999997 0.20906875 0.4132109375 0.193275 0.413196875 0.192046875 0.41546874999999994 0.184309375 0.416496875 0.1728890625 0.42434062499999997 0.164884375 0.4338421875 0.1566109375 0.45181875 0.15420781249999999 0.46690624999999997 0.1584203125 0.5043234375 0.169996875 0.5281046875000001 0.18370781249999998 0.5452734375
5 0.657209375 0.727171875 0.6432296875 0.7184781250000001 0.6233796875000001 0.7126734375 0.6218328125 0.7128796875 0.6048109375 0.7151375 0.5946171875 0.7207109375 0.5955781250000001 0.7269125 0.6014999999999999 0.734565625 0.6065140625 0.746559375 0.616275 0.7790203124999999 0.6554453125 0.7463953125 0.6622234375 0.7391656249999999 0.66313125 0.7348265625 0.657209375 0.727171875
5 0.425075 0.38032499999999997 0.45133124999999996 0.3662921875 0.44850312499999995 0.358228125 0.44258125000000004 0.35057499999999997 0.43847500000000006 0.3342421875 0.432871875 0.32865625 0.431325 0.3288609375 0.42636250000000003 0.327409375 0.4062453125 0.3300796875 0.3939171875 0.3422640625 0.38287031250000003 0.36271875 0.38356093750000003 0.37739531249999997 0.3854296875 0.3792578125 0.38958750000000003 0.4061328125 0.39423125 0.4055171875 0.4065578125 0.39333125 0.425075 0.38032499999999997
0 0.7676734374999999 0.645 0.7778671875 0.639428125 0.8194921875000001 0.60225625 0.8225859375000001 0.6018453125 0.8278171875 0.5948218749999999 0.8475625000000001 0.57954375 0.852471875 0.570453125 0.8464453125 0.5417156249999999 0.8317734375000001 0.5183453124999999 0.8112328124999999 0.4978625 0.797253125 0.48916875 0.78578125 0.486471875 0.7842328125 0.48667812499999996 0.764115625 0.489346875 0.748053125 0.49780781249999995 0.7360453125 0.5120609375 0.7293203125 0.52983125 0.7247828125 0.55153125 0.724834375 0.5620734374999999 0.7318734375 0.6075546875 0.7409421875 0.6253390624999999 0.752146875 0.6365109375 0.7676734374999999 0.645
1 0.4537859375 0.361746875 0.5292921875000001 0.3496171875 0.5344703125 0.3320515625 0.532765625 0.30062968749999996 0.5161749999999999 0.26485625 0.48138593749999997 0.24415468749999997 0.4659109375 0.246209375 0.44926093749999996 0.2610765625 0.4355421875 0.30509375 0.443809375 0.3483015625 0.4537859375 0.361746875
1 0.5736859375 0.37115312500000003 0.5772109375000001 0.3327078125 0.5683578125000001 0.2959078125 0.54408125 0.2717015625 0.5217765625 0.2704421875 0.5321265625 0.2964953125 0.53270625 0.3512734375 0.56626875 0.374246875 0.5736859375 0.37115312500000003
1 0.4550640625 0.8700374999999999 0.4466859375 0.8669296875000001 0.3900703125 0.8786625000000001 0.3565609375 0.86623125 0.3396421875 0.8895734375 0.3513765625 0.94498125 0.37324999999999997 0.984275 0.47133437499999997 0.90374375 0.4550640625 0.8700374999999999
1 0.5940296875 0.7271171875 0.57754375 0.7124265624999999 0.54776875 0.7037203125 0.5137765625 0.7187796875 0.49450781250000003 0.7677515625 0.5 0.8134390625 0.526515625 0.852115625 0.6128609375 0.7773640625 0.5940296875 0.7271171875
1 0.6117640625 0.55598125 0.6197625 0.6076640624999999 0.6431312499999999 0.636209375 0.689340625 0.649065625 0.7143671875 0.6373046875 0.7243515625 0.589565625 0.7220078125 0.5540093749999999 0.7166203125 0.52940625 0.6929328124999999 0.49879375000000004 0.6774046874999999 0.4903046875 0.6297531249999999 0.4987390625 0.613475 0.5262171875 0.6117640625 0.55598125
1 0.2835296875 0.6902609375 0.2676234375 0.7303484375 0.2724234375 0.7613578125 0.2883734375 0.7929984375 0.3055015625 0.8118234375 0.3241234375 0.8199 0.337409375 0.8139171875000001 0.3399765625 0.769271875 0.347021875 0.75356875 0.37722656250000003 0.7242421875 0.3569015625 0.68474375 0.3243 0.667971875 0.3045015625 0.6727093749999999 0.2835296875 0.6902609375
1 0.353878125 0.5121421875000001 0.356221875 0.547696875 0.36593125 0.569615625 0.3880203125 0.5898921875 0.406321875 0.595903125 0.44618437499999997 0.5779546875 0.4639578125 0.5397296875 0.4540921875 0.486184375 0.44315468750000003 0.4665375 0.41642343750000005 0.44687656249999996 0.373734375 0.45676249999999996 0.3611390625 0.477421875 0.353878125 0.5121421875000001
4 0.3351453125 0.5441640624999999 0.3525390625 0.554515625 0.35676406250000003 0.4695625 0.34209375 0.4461921875 0.3191484375 0.4407984375 0.27928593749999997 0.458746875 0.2642875 0.49449375 0.2665796875 0.5195078125 0.2756484375 0.5372921875000001 0.3351453125 0.5441640624999999
0 0.5918234375 0.406721875 0.59155625 0.415196875 0.629171875 0.4439609375 0.6270890625 0.461115625 0.6153500000000001 0.46689375 0.6300203125 0.4902640625 0.6752171875 0.4863765625 0.6976859375 0.45807656249999995 0.707134375 0.42728593750000005 0.6988671875 0.3840765625 0.6633875 0.3487 0.615146875 0.363540625 0.5918234375 0.406721875
0 0.49597187500000006 0.5629078125 0.5106953125 0.5968203125 0.54425625 0.61979375 0.581715625 0.6169328125 0.609146875 0.590084375 0.60440625 0.50843125 0.5841328125 0.479475 0.55649375 0.46415468750000005 0.5341890625 0.4628953125 0.5067062499999999 0.4792015625 0.49400000000000005 0.5399625 0.49597187500000006 0.5629078125
0 0.452740625 0.6509265625 0.47648124999999997 0.6920828125 0.4963828125 0.7084296875 0.5326734375 0.6571984375000001 0.5619703125 0.6322125 0.5610109375000001 0.626009375 0.5222203125 0.610059375 0.50728125 0.5951640625 0.49474375000000004 0.56518125 0.46662187499999996 0.5773515625 0.450128125 0.623846875 0.452740625 0.6509265625
1 0.5014765625 0.486225 0.5360046875 0.45421562499999996 0.5222921875 0.43704687499999995 0.501803125 0.42710781249999996 0.4665828125 0.44444062500000003 0.446890625 0.4702609375 0.4732421875 0.538496875 0.4925046875 0.5507093750000001 0.5014765625 0.486225
