2 0.9381125000000001 0.405525 0.9427734375 0.39280781249999996 0.9602375000000001 0.3716546875 0.964959375 0.3573734375 0.9655171875 0.343296875 0.9580562499999999 0.321809375 0.9502234375 0.30970624999999996 0.93620625 0.296346875 0.9139828124999999 0.2802703125 0.8997171875 0.2731671875 0.8874109375 0.26909062499999997 0.8666499999999999 0.2685515625 0.8646296875000001 0.26708906250000003 0.8270890625 0.2704984375 0.8017921875 0.2795484375 0.7633828125 0.3048546875 0.747753125 0.3321625 0.7476906249999999 0.3337265625 0.747009375 0.35093125000000003 0.7523265625 0.37408437499999997 0.7722187500000001 0.396521875 0.8188078125 0.427009375 0.8477109374999999 0.43182968749999995 0.860203125 0.431215625 0.8791296875000001 0.42560000000000003 0.916609375 0.42375468749999995 0.9229796875 0.4203203125 0.9381125000000001 0.405525
2 0.680215625 0.56808125 0.7055125 0.5590296875 0.7246234375 0.5487234375 0.74134375 0.5463390625 0.7495484375 0.54905625 0.749671875 0.545928125 0.70466875 0.5278515625 0.7005046875 0.52805625 0.6863015625 0.5193890624999999 0.65715 0.5208234375 0.644471875 0.5261312499999999 0.6380390625000001 0.5311312499999999 0.6379140624999999 0.534259375 0.6496640625000001 0.5524140625 0.6533328125 0.5647203125 0.6522171875 0.592875 0.64314375 0.612053125 0.6258671875 0.6285140625000001 0.6258046875 0.630078125 0.62561875 0.6347703124999999 0.6295968750000001 0.6392578125 0.6437390625 0.6494890625 0.6540265625 0.6521046875 0.6562328125 0.6488734375 0.6561328125 0.598925 0.6584015625 0.59413125 0.65638125 0.59266875 0.6653296875 0.57661875 0.680215625 0.56808125
2 0.8174046875000001 0.672159375 0.817590625 0.6674671875 0.8242703125 0.6562109375 0.8269109374999999 0.6420328125 0.8248906249999999 0.6405703125 0.823925 0.6125203124999999 0.8162156250000001 0.5972890625 0.8024453125000001 0.5776734375 0.7883046874999999 0.5674421875 0.7595875000000001 0.557928125 0.7474046875 0.5507234375000001 0.732953125 0.5483125 0.7245609375 0.5502875 0.7096765625 0.558825 0.6695562500000001 0.57485 0.6607937500000001 0.5862078125 0.660359375 0.59715625 0.658215625 0.5988234375 0.658871875 0.6346937500000001 0.6566046875 0.6394890625 0.6585625 0.6425156249999999 0.65641875 0.64418125 0.6584375 0.64564375 0.657384375 0.6722328125 0.664596875 0.6999765625000001 0.6746359375 0.7088484375 0.6889015625 0.7159500000000001 0.7032921875 0.719925 0.7448734375 0.7194390625 0.7637375 0.7153890625 0.7870140625000001 0.7048765625 0.8020234374999999 0.6932109375 0.8174046875000001 0.672159375
2 0.8303437499999999 0.765184375 0.8689015625 0.6836734375 0.86915 0.6774171875 0.8590484375 0.670109375 0.8508437499999999 0.667390625 0.8404953125000001 0.6663390625 0.8343718750000001 0.6635187499999999 0.8239609375000001 0.6640312500000001 0.8127437499999999 0.6848765625000001 0.80404375 0.6946718749999999 0.7868906250000001 0.7080046875 0.7552234375 0.7204906249999999 0.713578125 0.7225406249999999 0.711434375 0.7242078125 0.711371875 0.7257718750000001 0.7110624999999999 0.7335921875 0.716503125 0.7536171875 0.722378125 0.7626937500000001 0.72641875 0.7656171875 0.7572171875 0.775028125 0.7937671875000001 0.7966453125 0.80828125 0.797490625 0.8168578125 0.790825 0.8237859375 0.7733125000000001 0.8303437499999999 0.765184375
2 0.5460109375 0.7557671874999999 0.5422171875 0.7465875 0.5263656250000001 0.7270749999999999 0.508184375 0.7139203125 0.49379375000000003 0.7099453125 0.473034375 0.70940625 0.4710140625 0.7079453124999999 0.4522125 0.71043125 0.426915625 0.7194828125 0.399103125 0.739584375 0.3946296875 0.747609375 0.39456718749999997 0.7491734375 0.3951 0.7881734375 0.40610468749999995 0.8250953125 0.418103125 0.8369937500000001 0.44694375 0.8433781249999999 0.48234062499999997 0.8416359375000001 0.48865 0.8397640624999999 0.50984375 0.8293546875000001 0.5312859375000001 0.8126890625 0.5426890625 0.7871515625 0.5460109375 0.7557671874999999
3 0.6832421875 0.3868515625 0.691446875 0.38957031249999996 0.718515625 0.3882375 0.7269671875 0.3847 0.735296875 0.3842890625 0.743996875 0.3744953125 0.7421015625 0.3699046875 0.7464515625 0.3650078125 0.7468234375 0.3556234375 0.744803125 0.3541625 0.7457953125000001 0.32913749999999997 0.76350625 0.30172656249999996 0.778515625 0.2900609375 0.7911953125 0.284753125 0.81036875 0.2728828125 0.850178125 0.264678125 0.8709390625 0.2652171875 0.872959375 0.26667968750000004 0.8834312499999999 0.264603125 0.8988125 0.24355156249999999 0.9331203125 0.2168859375 0.9311 0.21542500000000003 0.9186062500000001 0.216040625 0.9101546875000001 0.219578125 0.8829609375 0.2240390625 0.8472546875000001 0.2336015625 0.8218953125 0.24421718750000002 0.8051140625000001 0.248165625 0.773446875 0.2606515625 0.7371203125 0.2858546875 0.7116984375000001 0.29803437499999996 0.7033078125000001 0.30000781249999997 0.6761781250000001 0.3029046875 0.6575624999999999 0.3006984375 0.6350296875 0.2924421875 0.6249281250000001 0.285134375 0.6083328125 0.284390625 0.5918609375 0.28051875000000004 0.579615625 0.2748765625 0.56755625 0.26454374999999997 0.555125 0.26359374999999996 0.5407359375 0.25961875 0.5198515625 0.26220937499999997 0.5029453125 0.269284375 0.49216249999999995 0.2791828125 0.491790625 0.2885671875 0.48964687500000004 0.2902328125 0.489584375 0.291796875 0.4890265625 0.30587343749999996 0.5087328125 0.3330015625 0.538975 0.356490625 0.5552609375 0.3650546875 0.5902234375 0.3742609375 0.6400109375 0.3764921875 0.658440625 0.383390625 0.6646875 0.3830828125 0.6728296874999999 0.3873640625 0.6832421875 0.3868515625
3 0.48773437499999994 0.7055609375 0.5021859375 0.7079718749999999 0.529315625 0.705075 0.5355000000000001 0.7063312500000001 0.5376453125 0.7046640625 0.5752484375 0.6996921875 0.6026265625 0.6905390625 0.6112656249999999 0.6823078125 0.6116375 0.6729234374999999 0.60361875 0.6655125 0.597434375 0.66425625 0.5812109375000001 0.654128125 0.5457515625 0.657434375 0.5354640625 0.65481875 0.5106015625 0.652921875 0.48598749999999996 0.6447671875000001 0.45990937499999995 0.6210734375 0.45201562500000003 0.6105359375 0.37506093749999997 0.5596875 0.36514531250000004 0.5476875 0.361353125 0.5385078125 0.36253125 0.5087906249999999 0.35488437500000003 0.491996875 0.353421875 0.47645781249999997 0.3455265625 0.46591875 0.3374453125 0.4600734375 0.333653125 0.45089375 0.332190625 0.4353546875 0.3104015625 0.40832968750000004 0.3065484375 0.40071406249999997 0.3067953125 0.3944578125 0.29638437500000003 0.39497031250000003 0.2878078125 0.40163593750000004 0.2848578125 0.4236359375 0.286878125 0.4250984375 0.28796875 0.45002031249999996 0.2899890625 0.4514828125 0.28924531249999996 0.4702515625 0.2719671875 0.4867125 0.2606890625 0.5091218750000001 0.2606265625 0.5106859375 0.25932499999999997 0.54353125 0.264703125 0.5651203125 0.280059375 0.597146875 0.29793125 0.618121875 0.33802656249999996 0.6551734375 0.3521671875 0.6654046874999999 0.386759375 0.68399375 0.41945468750000003 0.6979953125 0.4462140625 0.7044828125 0.48773437499999994 0.7055609375
3 0.377540625 0.49712500000000004 0.3988578125 0.48358749999999995 0.405353125 0.47702343750000004 0.373090625 0.4520734375 0.361403125 0.43235625000000005 0.3562109375 0.40607499999999996 0.3484390625 0.3924078125 0.3342984375 0.3821765625 0.3197234375 0.38289375 0.3069203125 0.39132968749999997 0.3068578125 0.39289375 0.30862968749999997 0.40061093750000004 0.318359375 0.4173046875 0.33623125 0.43827812499999996 0.33763125 0.45538125 0.3516484375 0.468740625 0.3575234375 0.4778171875 0.3572765625 0.48407343750000004 0.3647375 0.5055609375000001 0.3688390625 0.50691875 0.377540625 0.49712500000000004
4 0.24810781249999997 0.5643765625 0.248975 0.5424796875 0.23691562500000002 0.532146875 0.22467031249999997 0.5265046875 0.2101578125 0.525659375 0.199684375 0.5277359374999999 0.1512984375 0.54260625 0.12789843750000002 0.5562453125 0.11907343749999999 0.56916875 0.1190109375 0.5707328125 0.11606093749999999 0.5927328125 0.12383124999999999 0.6063984375 0.1459296875 0.6256046875 0.1582375 0.62968125 0.17073125 0.6290671875 0.18341093749999998 0.623759375 0.2006875 0.6072984375 0.22396406249999998 0.5967859375 0.2368296875 0.5867859375 0.24810781249999997 0.5643765625
5 0.6014921875 0.2472625 0.6025453125 0.22067343749999999 0.6094109375000001 0.204725 0.622525 0.18846875000000002 0.616278125 0.1887765625 0.607825 0.1923140625 0.595021875 0.20074999999999998 0.579703125 0.22023593749999998 0.5729609375 0.23305625000000002 0.5728984374999999 0.2346203125 0.5699484375 0.2566203125 0.5797390625000001 0.2717484375 0.5837796875000001 0.274671875 0.6104765624999999 0.2827234375 0.6208875 0.28221093750000004 0.6210125 0.2790828125 0.6149515625 0.2746984375 0.615075 0.2715703125 0.605159375 0.2595703125 0.6014921875 0.2472625
5 0.7555562499999999 0.921846875 0.7626078125 0.9012062500000001 0.7669578125000001 0.8963093750000001 0.7739484375 0.8772328125 0.7897015625 0.8467968750000001 0.7944859375 0.8309515624999999 0.7988359375 0.8260546874999999 0.801353125 0.8150031249999999 0.789603125 0.79685 0.753053125 0.7752328125 0.7160078125 0.7661296875 0.6847749999999999 0.7676671875000001 0.6532312499999999 0.777025 0.6211921874999999 0.798896875 0.6014609375 0.82484375 0.5967390625 0.8391265625000001 0.5963046875 0.850075 0.5941609375 0.851740625 0.5940984375 0.8533046875 0.59316875 0.8767671874999999 0.5967749999999999 0.8906375000000001 0.606565625 0.9057671875000001 0.6225421875 0.9221515625000001 0.638765625 0.9322796875 0.6592156250000001 0.9406390625000001 0.6798515625 0.94430625 0.7172703125 0.9440250000000001 0.7445859375 0.9364359375 0.7555562499999999 0.921846875
5 0.4120921875 0.72645625 0.429121875 0.7162515625 0.44596562500000003 0.7107390625 0.4460890625 0.7076109374999999 0.4029828125 0.6941234374999999 0.376471875 0.681378125 0.358228125 0.6697890625 0.3478796875 0.6687375 0.3152828125 0.704684375 0.308540625 0.7175046875 0.308478125 0.71906875 0.31165 0.7438890625 0.32144218750000003 0.7590171875 0.33154218750000003 0.7663249999999999 0.3499734375 0.7732234375 0.370609375 0.776890625 0.385184375 0.776171875 0.3915546875 0.7727375000000001 0.390340625 0.7509421875 0.39487656250000003 0.7413531250000001 0.4120921875 0.72645625
5 0.7544562499999999 0.5300828125 0.775340625 0.52749375 0.779628125 0.5241609375 0.78086875 0.4928796875 0.787859375 0.473803125 0.8010343750000001 0.4559828125 0.8309906249999999 0.4342140625 0.8166640624999999 0.428675 0.7943171875 0.4157265625 0.7741140625 0.40111093750000004 0.7621171875 0.3892125 0.745521875 0.38846875000000003 0.7350484374999999 0.3905453125 0.709690625 0.4011609375 0.6861046875000001 0.41949218750000006 0.673053125 0.43418437499999996 0.6663109375 0.44700468750000005 0.6662484375 0.44856875 0.6631750000000001 0.473696875 0.6651953125000001 0.4751578125 0.664884375 0.482978125 0.67045 0.4998765625 0.67834375 0.5104140625 0.698546875 0.5250296875 0.7067515625 0.5277484375 0.7273875000000001 0.531415625 0.7523125 0.53175 0.7544562499999999 0.5300828125
1 0.6323609375 0.62195 0.6432687500000001 0.6089249999999999 0.6478046875000001 0.5993359375 0.6507546875 0.5773359375 0.648734375 0.575875 0.6494156249999999 0.5586703125 0.633875 0.5313359375 0.611590625 0.5168234375 0.5765640624999999 0.5091812499999999 0.524446875 0.5133078125 0.5012953125 0.5206921875 0.486471875 0.527665625 0.4628859375 0.5459984375 0.4562046875 0.5572546875 0.45614218749999996 0.55881875 0.4522015625 0.60584375 0.46205468749999995 0.6194078125 0.4922328125 0.6444593750000001 0.514828125 0.6511515625000001 0.5437921875 0.654409375 0.55836875 0.6536921875 0.5689031250000001 0.6500515625000001 0.5772328124999999 0.649640625 0.6216406250000001 0.6302828125 0.6323609375 0.62195
1 0.8818171875 0.567521875 0.8965171875 0.5636765625 0.9194218749999999 0.5625484375 0.9280609375 0.5543171874999999 0.9417937500000001 0.522421875 0.94903125 0.4970890625 0.9650953124999999 0.4588328125 0.965528125 0.447884375 0.947346875 0.43472968749999996 0.9288546875 0.429396875 0.9060124999999999 0.428959375 0.9039921874999999 0.4274984375 0.87900625 0.428728125 0.8579968750000001 0.4344453125 0.8392578125 0.43536875 0.8265781249999999 0.44067656250000004 0.8074046875 0.452546875 0.7920859375 0.4720328125 0.7920234374999999 0.473596875 0.7876109375 0.480059375 0.7828265625 0.49590468750000005 0.7820203125 0.5162375 0.78379375 0.52395625 0.7916265625000001 0.5360578125 0.8036234375 0.54795625 0.8199093749999999 0.5565203125 0.83631875 0.5619562499999999 0.8610578125 0.5669828125 0.8818171875 0.567521875
1 0.330725 0.6820703124999999 0.33165625 0.6586093749999999 0.3178859375 0.63899375 0.29376718749999997 0.6183265625 0.2839140625 0.6047625 0.2738125 0.5974546875 0.23210625000000001 0.60106875 0.2088921875 0.6100171875 0.1726265625 0.63365625 0.168090625 0.6432453125 0.159390625 0.653040625 0.15479218749999998 0.66419375 0.1547296875 0.6657578125 0.1561921875 0.6812968749999999 0.1654875 0.7089375 0.18758593750000002 0.7281421875 0.2122 0.7362968750000001 0.2475984375 0.7345546875 0.2643796875 0.73060625 0.2833671875 0.7234265625 0.3046234375 0.711453125 0.3284578125 0.6868640625 0.330725 0.6820703124999999
1 0.4718109375 0.3207703125 0.4803265625 0.31566875 0.48461406250000005 0.3123359375 0.48793593749999997 0.2809515625 0.48408125 0.2733359375 0.4740421875 0.2644640625 0.4663953125 0.24766875000000002 0.450171875 0.237540625 0.43161875 0.2337703125 0.39205625 0.23571875000000003 0.37527499999999997 0.2396671875 0.3392578125 0.25705 0.3242484375 0.268715625 0.315546875 0.2785109375 0.30868125 0.294459375 0.30861875 0.29602343750000004 0.308184375 0.306971875 0.3179765625 0.3221 0.3280765625 0.3294078125 0.34355625 0.3583046875 0.35574062500000003 0.36551093749999997 0.37031562500000004 0.36479374999999997 0.3939015625 0.3464609375 0.40651875000000004 0.3427171875 0.42140468750000004 0.3341796875 0.4718109375 0.3207703125
0 0.2407984375 0.2244328125 0.260690625 0.24686875000000003 0.2830375 0.2598171875 0.3078375 0.26327968749999997 0.324434375 0.2640234375 0.360575 0.24351250000000002 0.4005703125 0.230615625 0.4138078125 0.21123281249999998 0.41688281250000003 0.1861046875 0.4054421875 0.1601296875 0.37311875 0.1367453125 0.331846875 0.1294109375 0.29228437500000004 0.1313578125 0.2540609375 0.151971875 0.2352953125 0.205971875 0.2407984375 0.2244328125
0 0.18404375 0.450453125 0.2062046875 0.4680953125 0.24710468749999998 0.48481406250000003 0.2635765625 0.4886859375 0.28501875 0.47202031250000004 0.2831171875 0.4151359375 0.29650937499999996 0.3918421875 0.3302578125 0.379253125 0.31207656250000004 0.3661 0.2853171875 0.3596109375 0.23534375000000002 0.362071875 0.20588281249999998 0.3713265625 0.1731625 0.41040312500000004 0.17235625000000002 0.4307359375 0.18404375 0.450453125
0 0.37719375 0.4534328125 0.40755937500000006 0.47379218749999996 0.4343796875 0.478715625 0.49280468749999995 0.47271875 0.5291953125 0.44595 0.5470296875 0.41541249999999996 0.548084375 0.38882343750000004 0.5346234375 0.36138750000000003 0.5002187499999999 0.3381046875 0.4693578125 0.3302578125 0.4297328125 0.33376875 0.3895515625 0.3513578125 0.3609953125 0.39022812500000004 0.3598796875 0.41838125000000004 0.37719375 0.4534328125
0 0.533334375 0.49882187499999997 0.555865625 0.5070781249999999 0.6285578125 0.5081828125000001 0.66243125 0.492465625 0.664165625 0.44867187499999994 0.688371875 0.41469843749999996 0.67270625 0.39049375 0.6316203125000001 0.37846718749999997 0.5798125 0.3747734375 0.552371875 0.385490625 0.5467203125 0.42323281250000006 0.51620625 0.459078125 0.515771875 0.4700265625 0.533334375 0.49882187499999997
0 0.5550328125 0.842740625 0.5814812500000001 0.8570484374999999 0.589809375 0.8566390625 0.608265625 0.810459375 0.6362640625 0.785665625 0.6722812499999999 0.7682828125000001 0.71613125 0.7630015625000001 0.710628125 0.744540625 0.66801875 0.7185390625 0.641196875 0.713615625 0.584853125 0.7195125 0.5524421875 0.7507671874999999 0.537346875 0.8170734375 0.5550328125 0.842740625
1 0.603759375 0.24246718750000001 0.613178125 0.2669796875 0.6371734375 0.290775 0.6679734374999999 0.3001859375 0.7096796875 0.29657187500000004 0.7350375 0.2859578125 0.79286875 0.2425234375 0.8060437500000001 0.224703125 0.7986453124999999 0.201653125 0.7541375 0.1710625 0.7131140625 0.15747187499999998 0.677778125 0.15765 0.6482546874999999 0.1684703125 0.62466875 0.1868015625 0.6068953125000001 0.215775 0.603759375 0.24246718750000001
1 0.45061406249999997 0.5934328125 0.460803125 0.5461 0.4929046875 0.5226656249999999 0.5202828125 0.5135125 0.5207171875000001 0.5025640625000001 0.494578125 0.48043593749999997 0.4073734375 0.478484375 0.36865312499999997 0.5116109375 0.3654546875 0.5398671875 0.3953875 0.571175 0.44436875000000003 0.593740625 0.45061406249999997 0.5934328125
