2 0.5640625 0.725 0.5453125 0.7333328125 0.5296875 0.75 0.5140625 0.775 0.509375 0.7895828125000001 0.509375 0.8104171875 0.5125 0.825 0.5109375 0.8458328125 0.5125 0.85 0.5171875 0.85625 0.5328125 0.8645828124999999 0.5453125 0.875 0.55 0.8770828125 0.571875 0.8770828125 0.5890625 0.8666671875 0.6078125 0.8479171875 0.6265625 0.8145828125 0.625 0.7770828125 0.6171875 0.7604171875 0.615625 0.7520828125000001 0.609375 0.7375 0.59375 0.7270828125000001 0.5921875 0.7270828125000001 0.5875 0.725 0.5640625 0.725
2 0.3546875 0.6333328125000001 0.340625 0.6520828125 0.3375 0.6604171875 0.3375 0.6791671874999999 0.33125 0.69375 0.33125 0.7 0.334375 0.7104171874999999 0.3375 0.7104171874999999 0.3453125 0.6958328125000001 0.3453125 0.6916671875 0.3515625 0.6854171874999999 0.3703125 0.65625 0.378125 0.65 0.3625 0.6333328125000001 0.3609375 0.6333328125000001 0.3578125 0.63125 0.3546875 0.6333328125000001
2 0.3671875 0.6604171875 0.3421875 0.6979171875 0.3359375 0.7125 0.3328125 0.73125 0.3328125 0.7479171874999999 0.3375 0.7729171874999999 0.3421875 0.7854171875 0.3484375 0.79375 0.35625 0.8 0.3703125 0.8041671875 0.39375 0.8041671875 0.4140625 0.7916671875 0.421875 0.78125 0.4359375 0.7520828125000001 0.4421875 0.725 0.4421875 0.7083328125 0.4375 0.6854171874999999 0.421875 0.6625 0.415625 0.65625 0.40625 0.6520828125 0.4046875 0.6520828125 0.3828125 0.65 0.3671875 0.6604171875
2 0.278125 0.7041671875 0.265625 0.7083328125 0.2609375 0.7145828125 0.2546875 0.7395828125 0.246875 0.7541671875 0.2359375 0.7666671875 0.234375 0.7770828125 0.2421875 0.7854171875 0.246875 0.7854171875 0.2984375 0.8104171875 0.3078125 0.8125 0.3171875 0.81875 0.321875 0.81875 0.328125 0.8104171875 0.334375 0.7875 0.334375 0.76875 0.33125 0.7520828125000001 0.33125 0.7208328125000001 0.3109375 0.70625 0.309375 0.70625 0.3046875 0.7041671875 0.278125 0.7041671875
2 0.2609375 0.45625 0.24375 0.45625 0.2234375 0.4625 0.2125 0.47291718749999995 0.2046875 0.5041671875 0.20625 0.525 0.2125 0.5416671875 0.2234375 0.5604171874999999 0.228125 0.5645828125000001 0.2453125 0.5708328125000001 0.26875 0.5729171875 0.296875 0.5520828125 0.3046875 0.5375 0.3078125 0.5229171874999999 0.3078125 0.49791718749999997 0.3015625 0.4791671875 0.290625 0.4625 0.2828125 0.45625 0.28125 0.45625 0.2625 0.45416718749999996 0.2609375 0.45625
3 0.6484375 0.5104171875 0.6375 0.5208328125 0.6171875 0.51875 0.6109375 0.5208328125 0.6 0.5291671874999999 0.5734375 0.5583328125 0.559375 0.5916671874999999 0.5546875 0.6208328125 0.5546875 0.6333328125000001 0.5484375 0.6541671874999999 0.5421875 0.6666671875 0.54375 0.6708328125 0.5421875 0.6729171875 0.5421875 0.6958328125000001 0.5453125 0.7020828125 0.546875 0.7125 0.553125 0.7229171875 0.58125 0.7208328125000001 0.5828125 0.7229171875 0.590625 0.7229171875 0.6125 0.7395828125 0.628125 0.78125 0.6296875 0.8104171875 0.6390625 0.7833328125000001 0.6421875 0.7791671874999999 0.640625 0.7625 0.6328125 0.7395828125 0.61875 0.7229171875 0.609375 0.7020828125 0.60625 0.6895828125000001 0.60625 0.66875 0.6125 0.6458328125 0.6234375 0.6291671875 0.625 0.6125 0.6296875 0.5958328125000001 0.640625 0.5791671875 0.6453125 0.5770828125 0.6515625 0.56875 0.6546875 0.5604171874999999 0.6515625 0.5520828125 0.6578125 0.5479171875 0.6578125 0.54375 0.6609375 0.5395828125000001 0.6609375 0.53125 0.6640625 0.5208328125 0.6640625 0.5041671875 0.6625 0.5041671875 0.6578125 0.5041671875 0.6484375 0.5104171875
3 0.440625 0.3416671875 0.4203125 0.34375 0.3984375 0.35625 0.3828125 0.36875 0.3453125 0.4125 0.3265625 0.44583281250000006 0.3171875 0.46875 0.3109375 0.49375 0.3109375 0.5208328125 0.3078125 0.5333328125000001 0.3078125 0.5604171874999999 0.309375 0.5625 0.3109375 0.5875 0.3171875 0.6145828125 0.3203125 0.6208328125 0.3296875 0.6229171874999999 0.3359375 0.61875 0.3390625 0.6041671875 0.34375 0.5958328125000001 0.3453125 0.5666671875 0.3484375 0.5583328125 0.3484375 0.5520828125 0.35625 0.53125 0.3734375 0.5104171875 0.390625 0.475 0.425 0.43125 0.434375 0.425 0.446875 0.42083281250000004 0.45625 0.42083281250000004 0.46875 0.41458281250000006 0.49375 0.41041718749999995 0.50625 0.4 0.5234375 0.3979171875 0.5421875 0.3875 0.5453125 0.3833328125 0.553125 0.3833328125 0.5578125 0.3791671875 0.5578125 0.36875 0.553125 0.3645828125 0.5015625 0.3645828125 0.4859375 0.3479171875 0.4734375 0.3416671875 0.4625 0.3416671875 0.4609375 0.3395828125 0.459375 0.3395828125 0.4421875 0.3395828125 0.440625 0.3416671875
3 0.525 0.4 0.5078125 0.40208281250000005 0.4921875 0.41458281250000006 0.4734375 0.4166671875 0.459375 0.42291718749999996 0.4609375 0.4270828125 0.4703125 0.43333281250000005 0.4875 0.45625 0.490625 0.45625 0.5 0.44375 0.5140625 0.43125 0.5578125 0.4166671875 0.5640625 0.40416718749999997 0.5640625 0.3916671875 0.55625 0.3833328125 0.5546875 0.3854171875 0.546875 0.3854171875 0.525 0.4
4 0.6046875 0.25625 0.5984375 0.2604171875 0.590625 0.2708328125 0.584375 0.29375 0.584375 0.33125 0.5875 0.3458328125 0.59375 0.35 0.6 0.3625 0.6046875 0.3666671875 0.6125 0.36875 0.6203125 0.375 0.6390625 0.375 0.653125 0.3604171875 0.659375 0.34375 0.659375 0.30625 0.6546875 0.2916671875 0.640625 0.2666671875 0.6265625 0.2541671875 0.625 0.2541671875 0.615625 0.2520828125 0.6046875 0.25625
5 0.634375 0.5916671874999999 0.6265625 0.6145828125 0.6265625 0.6270828125000001 0.646875 0.6145828125 0.6625 0.6125 0.68125 0.61875 0.6984375 0.6333328125000001 0.7 0.63125 0.6984375 0.6291671875 0.6984375 0.61875 0.6890625 0.6 0.675 0.5875 0.6609375 0.58125 0.659375 0.58125 0.6453125 0.58125 0.634375 0.5916671874999999
5 0.171875 0.6270828125000001 0.1609375 0.6354171875 0.14375 0.6583328125000001 0.1390625 0.66875 0.1328125 0.6979171875 0.1328125 0.725 0.1375 0.7395828125 0.14375 0.74375 0.159375 0.7479171874999999 0.178125 0.7583328125000001 0.2015625 0.7645828125 0.2125 0.7708328125 0.2265625 0.7729171874999999 0.2375 0.7625 0.2515625 0.7416671874999999 0.2609375 0.7104171874999999 0.2609375 0.6895828125000001 0.25625 0.66875 0.2390625 0.6395828125 0.225 0.6291671875 0.20625 0.6229171874999999 0.2046875 0.6229171874999999 0.184375 0.6229171874999999 0.171875 0.6270828125000001
5 0.2921875 0.3770828125 0.26875 0.3875 0.2578125 0.40208281250000005 0.2546875 0.41041718749999995 0.2515625 0.4270828125 0.2515625 0.44166718749999995 0.2546875 0.45208281250000004 0.278125 0.45208281250000004 0.2890625 0.4583328125 0.3015625 0.475 0.30625 0.4875 0.309375 0.4875 0.3171875 0.4625 0.3359375 0.42291718749999996 0.3359375 0.41041718749999995 0.3296875 0.4 0.31875 0.39375 0.30625 0.3791671875 0.3046875 0.3791671875 0.303125 0.3770828125 0.2921875 0.3770828125
5 0.4484375 0.675 0.4421875 0.6833328125 0.440625 0.6916671875 0.44375 0.7020828125 0.44375 0.7291671875 0.440625 0.7395828125 0.440625 0.75 0.4421875 0.7541671875 0.4625 0.7520828125000001 0.4796875 0.7583328125000001 0.4921875 0.7666671875 0.5015625 0.7791671874999999 0.5078125 0.7833328125000001 0.525 0.7541671875 0.5390625 0.7375 0.540625 0.71875 0.5390625 0.7083328125 0.5328125 0.6916671875 0.51875 0.6729171875 0.5046875 0.6625 0.4890625 0.6583328125000001 0.4875 0.6583328125000001 0.4625 0.6645828125000001 0.4484375 0.675
1 0.3671875 0.5208328125 0.3578125 0.5333328125000001 0.3484375 0.5645828125000001 0.3484375 0.5916671874999999 0.3609375 0.6291671875 0.371875 0.64375 0.3796875 0.6479171874999999 0.403125 0.6479171874999999 0.415625 0.6520828125 0.434375 0.6416671875 0.4453125 0.6291671875 0.453125 0.6104171875 0.45625 0.5958328125000001 0.45625 0.5645828125000001 0.45 0.5354171875 0.4375 0.5145828125 0.425 0.50625 0.4046875 0.50625 0.403125 0.5041671875 0.4015625 0.5041671875 0.3828125 0.50625 0.3671875 0.5208328125
1 0.6046875 0.39375 0.5828125 0.40625 0.5765625 0.4166671875 0.575 0.4270828125 0.5765625 0.43333281250000005 0.5828125 0.43958281250000003 0.5984375 0.47708281250000006 0.6015625 0.49791718749999997 0.60625 0.5104171875 0.6125 0.5166671875 0.61875 0.5145828125 0.6203125 0.5166671875 0.6359375 0.5166671875 0.6515625 0.5041671875 0.6640625 0.49791718749999997 0.671875 0.4791671875 0.675 0.45208281250000004 0.66875 0.42291718749999996 0.6546875 0.39375 0.6453125 0.3854171875 0.6296875 0.3791671875 0.628125 0.3791671875 0.61875 0.38125 0.6046875 0.39375
1 0.3265625 0.2583328125 0.3140625 0.2729171875 0.309375 0.2729171875 0.3 0.28125 0.2953125 0.2916671875 0.2921875 0.30625 0.29375 0.34375 0.303125 0.3708328125 0.3171875 0.3895828125 0.3234375 0.39375 0.328125 0.3958328125 0.3515625 0.3958328125 0.359375 0.3916671875 0.3796875 0.36875 0.3921875 0.3583328125 0.396875 0.3520828125 0.3984375 0.3458328125 0.396875 0.3208328125 0.39375 0.3125 0.3890625 0.2833328125 0.3765625 0.2604171875 0.365625 0.2541671875 0.3640625 0.2541671875 0.34375 0.25 0.3265625 0.2583328125
0 0.5375 0.4270828125 0.521875 0.42916718749999994 0.5 0.44583281250000006 0.4875 0.46875 0.484375 0.4895828125 0.484375 0.5145828125 0.4875 0.5291671874999999 0.50625 0.55625 0.5265625 0.56875 0.55 0.56875 0.5671875 0.5604171874999999 0.58125 0.54375 0.5953125 0.5145828125 0.5984375 0.49791718749999997 0.596875 0.4791671875 0.5828125 0.44375 0.5734375 0.43333281250000005 0.5578125 0.425 0.55625 0.425 0.5390625 0.425 0.5375 0.4270828125
0 0.5296875 0.2645828125 0.51875 0.2729171875 0.5078125 0.2854171875 0.5 0.2958328125 0.4859375 0.3229171875 0.484375 0.34375 0.5046875 0.3625 0.546875 0.3604171875 0.5546875 0.3625 0.5609375 0.3708328125 0.5609375 0.3833328125 0.565625 0.3895828125 0.56875 0.3895828125 0.578125 0.3770828125 0.5828125 0.3604171875 0.5828125 0.35 0.584375 0.3479171875 0.5828125 0.3458328125 0.5828125 0.325 0.58125 0.3229171875 0.58125 0.29375 0.5703125 0.2770828125 0.5515625 0.2645828125 0.55 0.2645828125 0.5375 0.2625 0.5296875 0.2645828125
0 0.746875 0.42916718749999994 0.7546875 0.41041718749999995 0.7578125 0.3625 0.7390625 0.3270828125 0.71875 0.31875 0.6875 0.3229171875 0.6671875 0.34375 0.659375 0.3666671875 0.6578125 0.39375 0.6859375 0.4479171875 0.7234375 0.45416718749999996 0.746875 0.42916718749999994
0 0.521875 0.6729171875 0.540625 0.6645828125000001 0.553125 0.6270828125000001 0.5578125 0.5895828125 0.553125 0.5708328125000001 0.525 0.5708328125000001 0.490625 0.5416671875 0.4671875 0.5520828125 0.459375 0.5666671875 0.4515625 0.6270828125000001 0.4671875 0.6583328125000001 0.49375 0.65625 0.521875 0.6729171875
0 0.25625 0.6645828125000001 0.2640625 0.6958328125000001 0.2828125 0.6729171875 0.290625 0.65 0.2890625 0.6020828125000001 0.265625 0.5770828125 0.215625 0.5666671875 0.2 0.5770828125 0.1828125 0.6104171875 0.184375 0.6208328125 0.215625 0.6229171874999999 0.2390625 0.6375 0.25625 0.6645828125000001
1 0.6703125 0.7541671875 0.6953125 0.7270828125000001 0.7109375 0.6770828125 0.703125 0.64375 0.6703125 0.6166671874999999 0.646875 0.6166671874999999 0.6265625 0.6291671875 0.609375 0.6666671875 0.609375 0.69375 0.6171875 0.7166671874999999 0.65625 0.75625 0.6703125 0.7541671875
1 0.509375 0.85 0.5078125 0.80625 0.5 0.7791671874999999 0.4859375 0.7645828125 0.46875 0.75625 0.4359375 0.7645828125 0.4125 0.8145828125 0.409375 0.8541671875000001 0.484375 0.8833328125 0.5015625 0.88125 0.509375 0.85
1 0.65 0.9479171875000001 0.6609375 0.9208328124999999 0.65625 0.8625 0.6296875 0.825 0.575 0.8791671875 0.5421875 0.8791671875 0.5375 0.8854171875000001 0.5359375 0.9020828125 0.5421875 0.90625 0.640625 0.9479171875000001 0.65 0.9479171875000001
4 0.3515625 0.6354171875 0.3109375 0.6270828125000001 0.2890625 0.6666671875 0.29375 0.6916671875 0.3265625 0.7083328125 0.3359375 0.6625 0.3515625 0.6354171875
