2 0.87645625 0.7671765625 0.8744578125 0.7654921875 0.875275 0.7498953125 0.8732765625000001 0.7482109375 0.8755203125 0.7452156249999999 0.873603125 0.7419718750000001 0.8751578125 0.7123359375 0.87731875 0.7109015624999999 0.8779734375 0.6984234375 0.8689609375 0.671284375 0.8632921874999999 0.65999375 0.857296875 0.6549406249999999 0.8305765624999999 0.647084375 0.795290625 0.643409375 0.771915625 0.6513984374999999 0.7568609375 0.6598859375 0.7458859375 0.67018125 0.734503125 0.6882765625 0.7344203125 0.6898359375 0.731359375 0.7084296875 0.7347015625 0.724275 0.7421249999999999 0.74193125 0.7576234375 0.7647625 0.7797734375 0.78016875 0.8023312499999999 0.7877765625 0.8313765625 0.7910796875 0.873721875 0.7795296875 0.875884375 0.7780953125 0.87645625 0.7671765625
2 0.5046781250000001 0.613509375 0.49203125 0.6158812499999999 0.47689531250000006 0.625928125 0.46326875 0.64701875 0.46318593750000003 0.648578125 0.464040625 0.6720984375 0.47578750000000003 0.6868828125 0.48794375 0.69386875 0.5147437499999999 0.700165625 0.5490125 0.683440625 0.55341875 0.6790093749999999 0.522784375 0.6662250000000001 0.5068765625 0.6511921875 0.5013703125 0.6367812500000001 0.5046781250000001 0.613509375
3 0.634303125 0.7683390625000001 0.6683265625 0.7562921874999999 0.6854609375 0.7479296875 0.7135703125 0.7292703125 0.7267078125 0.7175390625 0.7325859375 0.6850328125 0.7504562499999999 0.6626328125 0.7678359375 0.6495890625 0.7701609375 0.645034375 0.771225 0.6247578125000001 0.757234375 0.6129687500000001 0.7437328125 0.5918203125 0.7408812499999999 0.5666156250000001 0.7455328125 0.55750625 0.7460234375 0.5481484375 0.7421890624999999 0.5416593749999999 0.7225296875 0.5185796875 0.7058859375 0.5175828124999999 0.696990625 0.5280046875 0.6967453124999999 0.5326828124999999 0.6851171875000001 0.5554578125 0.68221875 0.5709296875 0.6775671875 0.580040625 0.6769953125 0.5909578125 0.669771875 0.6093015625 0.6692812499999999 0.6186609375 0.6647109375 0.6262109375 0.664303125 0.634009375 0.6598140625 0.64 0.65956875 0.644678125 0.6481859375 0.6627734375000001 0.623909375 0.6879203125 0.60445 0.7008375 0.589640625 0.704646875 0.5561078125 0.7073343750000001 0.5394640625 0.7063390625 0.5247375 0.7085874999999999 0.509846875 0.7139546875 0.4640765625 0.7112171875 0.457753125 0.712403125 0.449021875 0.7197046874999999 0.448940625 0.7212640625 0.45036718750000004 0.7338671875 0.4647671875 0.7378578124999999 0.5042140625 0.7417812500000001 0.5102921874999999 0.745275 0.5121265625 0.750078125 0.52611875 0.7618671875 0.54859375 0.7710359375 0.590121875 0.7750843749999999 0.61949375 0.772146875 0.634303125 0.7683390625000001
3 0.6145078125000001 0.5089890625 0.637475 0.508796875 0.6459609375 0.5061765625 0.6583609375 0.5084828124999999 0.6869156249999999 0.5211421875 0.6974 0.5202046874999999 0.6998890624999999 0.51253125 0.697890625 0.510846875 0.6966281249999999 0.495125 0.672153125 0.4842734375 0.662159375 0.47585156250000005 0.656490625 0.46456093750000005 0.6325062499999999 0.44435 0.5977921875 0.42975624999999995 0.558671875 0.41959375000000004 0.531625 0.41797500000000004 0.5106578125000001 0.41985 0.4852015625 0.427715625 0.454765625 0.45092968750000006 0.44122031249999993 0.470459375 0.44113749999999996 0.47201875 0.448396875 0.49279375 0.46414062500000003 0.5109468749999999 0.47246249999999995 0.51144375 0.489515625 0.5046406250000001 0.504896875 0.4899140625 0.5217859375 0.48623125 0.55299375 0.4880984375 0.5878703125 0.499571875 0.598028125 0.5048734375 0.6145078125000001 0.5089890625
3 0.587515625 0.7452 0.5810546875 0.8684203125 0.718365625 0.8766328124999999 0.7248265625 0.7534125 0.587515625 0.7452
3 0.7867421875 0.48799843750000005 0.7809109375000001 0.47982500000000006 0.7622312499999999 0.43802812500000005 0.75880625 0.42374062500000004 0.75305625 0.414009375 0.7509750000000001 0.413884375 0.7457515625 0.43391250000000003 0.7198859375 0.4495765625 0.7063406249999999 0.46910625 0.703278125 0.48769999999999997 0.701115625 0.489134375 0.7018875 0.5142156250000001 0.70396875 0.5143390625 0.7165328125 0.5135265625 0.7226921875000001 0.515459375 0.74626875 0.54346875 0.752428125 0.5454015625 0.7593234375 0.533296875 0.7658921875 0.52743125 0.7939203125 0.5103328125 0.794165625 0.505653125 0.786496875 0.49267656249999997 0.7867421875 0.48799843750000005
4 0.23650312499999998 0.9119609375 0.22908125 0.89430625 0.21908750000000002 0.8858859375 0.1982828125 0.884640625 0.189796875 0.8872625 0.1811484375 0.8930031250000001 0.1810671875 0.8945640625 0.1789046875 0.8959984375 0.1780046875 0.9131562499999999 0.179840625 0.917959375 0.19175 0.929625 0.2039875 0.93505 0.21230937499999997 0.9355484374999999 0.2207953125 0.9329265625 0.23160625 0.9257500000000001 0.2361765625 0.9182 0.23650312499999998 0.9119609375
4 0.6399546875000001 0.58091875 0.65109375 0.5675046874999999 0.6608046875 0.5414859375 0.6533015625 0.525390625 0.6372296875 0.5134765625 0.595784375 0.50786875 0.57665 0.514546875 0.5658390625 0.5217234375 0.5547015625 0.5351390625 0.543153125 0.556353125 0.543071875 0.5579140625 0.542009375 0.578190625 0.5579171875 0.5932234375000001 0.5763953125 0.5990234375 0.5972000000000001 0.6002671875 0.622575 0.5939609375 0.6288171874999999 0.5943343750000001 0.635303125 0.5900296875000001 0.6354671875 0.5869093750000001 0.6397906250000001 0.5840390625 0.6399546875000001 0.58091875
5 0.6169140625 0.8611765625000001 0.6070828125000001 0.8496375 0.5809 0.79174375 0.5271359375 0.78226875 0.51856875 0.78645 0.5101640625 0.7875125 0.49070468749999996 0.8004296875 0.48164687500000003 0.8139703125000001 0.47675 0.827759375 0.47666718750000003 0.82931875 0.47784843749999995 0.8465999999999999 0.48926875000000003 0.8676234375 0.5012609375 0.8777296874999999 0.5257359375 0.88858125 0.5401359375 0.892571875 0.5568609375 0.8920078124999999 0.6012046875 0.8821421875000001 0.6098546875 0.8764015625000001 0.6165859375 0.8674156249999999 0.6169140625 0.8611765625000001
5 0.4626234375 0.5797 0.4607421875 0.615575 0.516915625 0.618934375 0.5187968749999999 0.5830609375 0.4626234375 0.5797
1 0.5527015625 0.5334546875 0.5352859375000001 0.5073796875000001 0.5124828124999999 0.5044500000000001 0.510484375 0.502765625 0.508321875 0.5042015625 0.49791875 0.5035796875 0.4681390625 0.5143156249999999 0.4550015625 0.526046875 0.4549203125 0.52760625 0.45043125 0.533596875 0.4492046875 0.5569921875 0.4587078125 0.5747718749999999 0.4788578125 0.5884953125 0.49941874999999997 0.59441875 0.5202234375 0.5956625 0.54368125 0.5861140625 0.5381750000000001 0.5717015625 0.538584375 0.5639031250000001 0.5527015625 0.5334546875
1 0.5159609374999999 0.756565625 0.5120453125 0.7516375 0.51188125 0.7547578125000001 0.5118 0.7563171875 0.5115546875 0.760996875 0.5234656249999999 0.7726609375 0.545859375 0.7833890625000001 0.578984375 0.7885 0.5833078125 0.785628125 0.5834718750000001 0.782509375 0.5816359375 0.77770625 0.5629125 0.7765859374999999 0.5341125 0.7686046875 0.5159609374999999 0.756565625
1 0.9266687499999999 0.8046031250000001 0.9269140625000001 0.7999234375000001 0.919246875 0.786946875 0.9083171875 0.756565625 0.8895578125 0.7163265625 0.8837249999999999 0.7081546875 0.8794000000000001 0.711025 0.87931875 0.7125859375 0.8776015625 0.745340625 0.884696875 0.769234375 0.8800453125000001 0.77834375 0.8810625 0.7987453125 0.8908921875000001 0.8102859375 0.9030484375000001 0.817271875 0.9218531249999999 0.8168312500000001 0.9303390625000001 0.8142093750000001 0.9305843749999999 0.80953125 0.9266687499999999 0.8046031250000001
0 0.6875171875 0.2708359375 0.6840109375 0.258109375 0.6763421875 0.2451328125 0.6746703125 0.237209375 0.6688390625 0.2290375 0.6605171875 0.22853906249999997 0.6413828125000001 0.23521874999999998 0.6219234375 0.2481359375 0.6065421875 0.2628625 0.6064609375 0.264421875 0.599646875 0.27496718750000004 0.5984203124999999 0.2983640625 0.6037609374999999 0.31589375 0.6175078125 0.3323625 0.6316609375 0.3410328125 0.6542203125 0.348640625 0.7020703125 0.35150312499999997 0.7189593750000001 0.34781875 0.7212046875 0.3448234375 0.6875171875 0.2708359375
0 0.6160359375 0.3604390625 0.5746703125 0.35327031249999996 0.53440625 0.36494375 0.514209375 0.3919 0.5149812500000001 0.41697968750000003 0.5732359375 0.42046406249999996 0.628671875 0.43786250000000004 0.6402187500000001 0.41664687499999997 0.6160359375 0.3604390625
0 0.591884375 0.7016515625 0.6240734375 0.6848 0.6575703125000001 0.64299375 0.66145 0.6088046874999999 0.6140078124999999 0.59814375 0.5864703125 0.605884375 0.5647671875 0.621796875 0.5503218750000001 0.658484375 0.5653296875 0.6906749999999999 0.577321875 0.7007796875000001 0.591884375 0.7016515625
1 0.66453125 0.43061875 0.685253125 0.4334234375 0.7025515625 0.42194062499999996 0.7422453124999999 0.42118593750000005 0.74746875 0.4011578125 0.740046875 0.383503125 0.7187140624999999 0.3524984375 0.682490625 0.3534609375 0.6273375 0.34390312500000003 0.6197874999999999 0.36848593749999997 0.6268828125 0.39237968749999996 0.6482953124999999 0.421825 0.66453125 0.43061875
1 0.7445515625 0.5762234375 0.7593953124999999 0.6115328124999999 0.8021046875 0.6328640625 0.8458765625 0.6339171875 0.8483656249999999 0.62624375 0.7958375 0.5135765625000001 0.7591609375 0.5364171875 0.7445515625 0.5762234375
1 0.5477593749999999 0.5879218749999999 0.517978125 0.5986578125 0.50410625 0.6244265625 0.50895625 0.651315625 0.5330234375 0.6699671875 0.5536640625 0.67433125 0.551384375 0.6382078124999999 0.586634375 0.6027640625 0.5477593749999999 0.5879218749999999
1 0.7891484375 0.8401859375 0.841896875 0.829259375 0.8582578125 0.7958171875 0.8522624999999999 0.7907640625 0.7980875000000001 0.7890875 0.7736125 0.7782359375000001 0.7301328125000001 0.731825 0.704021875 0.7521687499999999 0.6980609375 0.786234375 0.7152328125 0.8169890625 0.7538625 0.8365109374999999 0.7891484375 0.8401859375
