2 0.205040625 0.5547375 0.1884421875 0.5527562500000001 0.1774171875 0.5577375 0.167003125 0.5769609375 0.1599640625 0.5839921875 0.1576875 0.6057609375 0.1699328125 0.6292625000000001 0.1890546875 0.6472890625 0.20484062500000003 0.6570453125 0.22302499999999997 0.6639406250000001 0.24792343749999998 0.6669125 0.2608609375 0.663734375 0.285146875 0.6524656249999999 0.289296875 0.6529609375 0.300809375 0.643315625 0.300971875 0.6417609375 0.3060984375 0.6329265625 0.3075625 0.6189328125 0.3047140625 0.605996875 0.29946562499999996 0.595925 0.29023125 0.5838015624999999 0.2747703125 0.5709359375 0.26106093750000003 0.5614265625 0.24303750000000002 0.552978125 0.2243640625 0.5507484375 0.205040625 0.5547375
2 0.2130484375 0.3777953125 0.21093437499999998 0.398009375 0.2158578125 0.411190625 0.22318125000000003 0.4215109375 0.2459640625 0.44469843750000004 0.2617484375 0.4544546875 0.277859375 0.4611015625 0.2965328125 0.46333125 0.33245468749999996 0.461321875 0.34140468749999997 0.45609374999999996 0.35596875 0.43736718750000003 0.35613125 0.4358109375 0.36093281250000003 0.43008749999999996 0.36272187499999997 0.4129828125 0.3557234375 0.399553125 0.3484015625 0.3892328125 0.31398281250000004 0.3567859375 0.295796875 0.349890625 0.26675 0.34642343750000004 0.25605 0.34829374999999996 0.21561249999999998 0.373378125 0.2130484375 0.3777953125
2 0.199459375 0.3069015625 0.19750625 0.32556093750000004 0.20527812499999998 0.351678125 0.21434999999999998 0.36535625 0.2183375 0.36740625 0.2541375 0.346490625 0.2627625 0.344371875 0.302184375 0.3490796875 0.30617031250000004 0.3511296875 0.3084078125 0.349821875 0.30812343750000004 0.33247031250000003 0.31292343749999996 0.326746875 0.3140625 0.3158625 0.3123125 0.3125046875 0.3102375 0.3122578125 0.3083265625 0.3104546875 0.27704062500000004 0.30829375 0.275128125 0.306490625 0.26475468750000003 0.30525156249999996 0.2446578125 0.29655468749999997 0.233021875 0.28729375 0.226959375 0.284996875 0.220571875 0.2858078125 0.207146875 0.2936515625 0.199459375 0.3069015625
2 0.434521875 0.26884687500000004 0.4320828125 0.29217031250000003 0.44400312499999994 0.31878281249999996 0.45531249999999995 0.331153125 0.46711093750000005 0.338859375 0.4980703125 0.3441296875 0.5236203125000001 0.34088281249999997 0.55030625 0.32675156250000004 0.567434375 0.3036078125 0.567596875 0.302053125 0.5674734375 0.283146875 0.553478125 0.2562859375 0.5458296875 0.249075 0.52780625 0.2406265625 0.507221875 0.23659375 0.504984375 0.2379015625 0.49045937500000003 0.2361671875 0.4711359375 0.24015625 0.44652343749999995 0.2545359375 0.434521875 0.26884687500000004
3 0.42716875 0.6001515625 0.39494843749999997 0.586859375 0.3742 0.5843812500000001 0.3441765625 0.5902421875 0.31382656249999996 0.5992140625 0.3091890625 0.6033828125 0.307521875 0.63939375 0.30032187499999996 0.6479796875 0.291209375 0.6547640625 0.26932187500000004 0.6631703124999999 0.2455234375 0.669775 0.2349859375 0.670090625 0.22347343749999998 0.6797375 0.21993437500000002 0.6934828125 0.23238281249999998 0.6949703125 0.2515453125 0.6925343749999999 0.29243125000000003 0.683246875 0.31321875 0.6652625 0.32664375 0.6574203125 0.34613125 0.651875 0.3630546875 0.6507468750000001 0.3713546875 0.6517375000000001 0.38953906250000003 0.6586328124999999 0.40341250000000006 0.6665859375000001 0.446984375 0.6717890625 0.46325625 0.6768796874999999 0.46708125 0.6804859375000001 0.47123125000000005 0.68098125 0.48909062499999995 0.690984375 0.5093515625 0.6981265624999999 0.5190750000000001 0.7055859375 0.5294078125 0.7272859375 0.553778125 0.755384375 0.5684640625 0.7555640625 0.574078125 0.7420656250000001 0.5758687499999999 0.7249609375 0.57379375 0.7247140625 0.5621578125 0.715453125 0.555159375 0.702021875 0.5436875 0.69120625 0.540553125 0.6609203124999999 0.5212687500000001 0.6444484375 0.505321875 0.636246875 0.4896984375 0.6249359375 0.47838906249999996 0.612565625 0.466428125 0.6064140625000001 0.42716875 0.6001515625
3 0.38876093749999996 0.48536250000000003 0.3889234375 0.4838078125 0.372203125 0.4629203125 0.3672796875 0.4497375 0.3702078125 0.42174843749999996 0.36813281249999996 0.42150156250000004 0.3638203125 0.4225609375 0.35788125000000004 0.43916875 0.34860625 0.44750781249999994 0.3458796875 0.45347968749999995 0.3345296875 0.46157031249999997 0.32175625 0.46319375 0.32143125 0.46630312500000004 0.3593875 0.48500468750000003 0.3780609375 0.487234375 0.38876093749999996 0.48536250000000003
3 0.52105625 0.3453 0.4956703125 0.3469921875 0.47699687500000004 0.34476249999999997 0.46837343750000004 0.34688125 0.45368593749999997 0.3467015625 0.4493734375 0.34776250000000003 0.44917187500000005 0.36977812499999996 0.4414828125 0.3830296875 0.4433953125 0.38483125 0.47834062499999996 0.392153125 0.5001890625 0.4042078125 0.5084875 0.4051984375 0.5245984375 0.4118453125 0.538959375 0.41513437499999994 0.5767546875 0.435390625 0.6040125 0.45596249999999994 0.619146875 0.4719390625 0.6243953125 0.4820109375 0.63835 0.5293328125000001 0.654584375 0.5548859375 0.65645625 0.5771499999999999 0.6597921875 0.5854203124999999 0.6650406249999999 0.5954921875 0.6768390625 0.6031984375 0.689125 0.6062406250000001 0.6915250000000001 0.603378125 0.6928265625 0.5909390625000001 0.6866828125 0.549271875 0.6889203125 0.547965625 0.6897328125 0.5401906249999999 0.6988453125 0.5334078124999999 0.706696875 0.5186015625 0.706859375 0.517046875 0.7099515625 0.48750312500000004 0.707265625 0.4730140625 0.6990062499999999 0.45156093750000004 0.686271875 0.4327234375 0.63606875 0.39051874999999997 0.5944484375 0.3666578125 0.560153125 0.3531171875 0.5395671875 0.349084375 0.5376546875 0.3472828125 0.52105625 0.3453
3 0.5945765625 0.546146875 0.6135359375 0.5657281249999999 0.6222828125000001 0.582515625 0.6254562499999999 0.5923406250000001 0.6220796875 0.6045328125 0.6257421875 0.6096921875 0.637865625 0.6142890624999999 0.6503140625 0.615775 0.6635765625000001 0.6094875 0.6637390625 0.6079328125 0.6645531250000001 0.6001578125 0.6543812499999999 0.5769031250000001 0.652509375 0.5546375 0.6361125000000001 0.530640625 0.6264296875 0.5027203124999999 0.6243546875 0.502471875 0.6168296875 0.51416875 0.602753125 0.5282312499999999 0.5952265625 0.5399265625 0.5945765625 0.546146875
4 0.3319625 0.3054046875 0.32301250000000004 0.310634375 0.3125984375 0.32985625 0.310809375 0.3469609375 0.3141453125 0.35523125 0.35255000000000003 0.389728125 0.366871875 0.4134796875 0.371021875 0.41397500000000004 0.386684375 0.4048234375 0.4347703125 0.38695 0.4445328125 0.373946875 0.445346875 0.3661734375 0.44758437500000003 0.364865625 0.447746875 0.3633109375 0.4450609375 0.348821875 0.439325 0.3434140625 0.43773906250000005 0.33850156249999996 0.4205296875 0.32227656250000003 0.3967703125 0.3084203125 0.384646875 0.3038234375 0.370121875 0.3020890625 0.3552734375 0.30346562499999996 0.33578593749999996 0.30901093749999997 0.3319625 0.3054046875
5 0.42814687500000004 0.6711140624999999 0.425909375 0.6724203125 0.41138593749999997 0.6706875 0.4110609375 0.6737968750000001 0.42045937499999997 0.6843656250000001 0.42570781249999995 0.6944375 0.42839218749999997 0.7089265625000001 0.424528125 0.7257828125 0.41476562499999997 0.7387859375 0.4142765625 0.7434515625 0.43710000000000004 0.7461765625 0.45194999999999996 0.7448 0.4628109375 0.741375 0.48071093749999994 0.7309171875 0.4808734375 0.7293624999999999 0.4882375 0.719221875 0.49067812499999997 0.6958968750000001 0.484940625 0.6904890625 0.46708125 0.6804859375000001 0.46085624999999997 0.6797421875 0.45288281250000006 0.6756421875 0.43628437499999995 0.673659375 0.43437187499999996 0.6718578125 0.430059375 0.6729171875 0.42814687500000004 0.6711140624999999
5 0.2253703125 0.1997921875 0.21511874999999997 0.2174609375 0.21170312500000002 0.2501140625 0.2236234375 0.2767265625 0.24290781250000001 0.29319687499999997 0.2588546875 0.3013984375 0.28965312499999996 0.308225 0.291890625 0.30691718749999997 0.3064140625 0.30865156250000003 0.330375 0.3004921875 0.3534015625 0.2812015625 0.361415625 0.264840625 0.361578125 0.26328593749999996 0.3636921875 0.243071875 0.3592578125 0.225225 0.3503484375 0.2099921875 0.32882656250000003 0.194828125 0.30665468749999997 0.1858828125 0.28814375000000003 0.18209843750000002 0.2544578125 0.1827984375 0.2458328125 0.18491875 0.2346453125 0.1914546875 0.2253703125 0.1997921875
5 0.54326875 0.3337828125 0.53830625 0.3410625 0.5461171874999999 0.34671875 0.5765890625 0.356653125 0.608646875 0.3715015625 0.6295578125 0.372425 0.6381828125 0.3703046875 0.648921875 0.3479734375 0.6697109375 0.32998906250000004 0.6698734375 0.3284328125 0.6657640625 0.3074765625 0.6507921875 0.2899453125 0.6286203125000001 0.2810015625 0.597334375 0.278840625 0.5907843749999999 0.28120625 0.5802484375 0.28152343750000003 0.5712984375 0.2867515625 0.5667828125 0.30982656249999996 0.55461875 0.3256921875 0.54326875 0.3337828125
5 0.27509375 0.48753437499999996 0.27253125 0.4919515625 0.2757046875 0.5017765625 0.27358906250000004 0.521990625 0.25870000000000004 0.543828125 0.25772343750000004 0.55315625 0.267121875 0.563725 0.29071875 0.5791375000000001 0.33014062499999997 0.58384375 0.3494640625 0.5798546875 0.36512656250000003 0.570703125 0.374403125 0.562365625 0.374565625 0.5608109375 0.38225312499999997 0.547559375 0.38404375 0.5304546875 0.3813578125 0.515965625 0.37069843750000003 0.497375 0.35523906250000004 0.484509375 0.3490140625 0.48376562500000003 0.341040625 0.479665625 0.3202921875 0.4771875 0.3033671875 0.478315625 0.27509375 0.48753437499999996
1 0.6783453125000001 0.649034375 0.67960625 0.65705625 0.6921781250000001 0.67745 0.7020640625000001 0.683353125 0.7209 0.684028125 0.7338375 0.6808500000000001 0.7525515625 0.6626171875 0.7527140625000001 0.6610625 0.753853125 0.6501781249999999 0.748278125 0.6432156250000001 0.7442921874999999 0.641165625 0.7029578125 0.6346546875 0.6870093749999999 0.626453125 0.67155 0.6135875000000001 0.6653265625 0.61284375 0.6563765625 0.6180734375 0.6555625 0.6258484375 0.6783453125000001 0.649034375
1 0.52276875 0.4494109375 0.5214671875 0.46185 0.5134531250000001 0.4782109375 0.49937812499999995 0.4922734375 0.49840156249999995 0.501603125 0.50365 0.511675 0.517196875 0.5227390625 0.56715625 0.5271296875 0.5711421875 0.5291796875 0.5733796875 0.5278734375 0.5858296875 0.5293593750000001 0.600840625 0.526428125 0.6197171875 0.5066421875 0.6198796875 0.5050874999999999 0.6219953125 0.4848734375 0.6204078125 0.4799609375 0.6054359375 0.46242968749999996 0.5856640625 0.4506234375 0.5574296875 0.43937968749999995 0.5378203125 0.42601875 0.5234593750000001 0.42272968750000006 0.519146875 0.42378906250000004 0.5181703125 0.43311875000000005 0.52276875 0.4494109375
1 0.7963578124999999 0.38446875 0.79554375 0.3922421875 0.7854546874999999 0.40835625000000003 0.7648296875 0.42478437500000005 0.7667421875 0.4265875 0.779190625 0.4280734375 0.785578125 0.4272625 0.8159265625 0.41829218749999997 0.8295140625 0.40889375 0.8372031249999999 0.3956421875 0.837365625 0.39408750000000003 0.83805625 0.36740625 0.8254859375000001 0.3470140625 0.8057124999999999 0.33520625000000004 0.7851281250000001 0.331175 0.7825640625 0.33559218749999997 0.7844765625 0.33739375 0.7830125 0.3513875 0.791759375 0.3681765625 0.791271875 0.372840625 0.7963578124999999 0.38446875
1 0.3721203125 0.4235515625 0.3693546875 0.449984375 0.3742765625 0.4631671875 0.39482343750000004 0.4876609375 0.41077031249999996 0.4958625 0.42529374999999997 0.497596875 0.42720624999999995 0.49939999999999996 0.4543421875 0.5010656250000001 0.482128125 0.49651093749999997 0.495228125 0.491778125 0.5067406250000001 0.4821328125 0.5141046874999999 0.471990625 0.5142671875 0.4704359375 0.5168296875 0.46601875000000004 0.5192703125 0.4426953125 0.5148343750000001 0.4248484375 0.4957140625 0.406821875 0.483915625 0.399115625 0.45551875 0.389428125 0.43875624999999996 0.3890015625 0.3906703125 0.406875 0.37724531250000004 0.4147171875 0.3721203125 0.4235515625
1 0.1264421875 0.5831375000000001 0.1170046875 0.59303125 0.11008906249999999 0.61896875 0.1049625 0.627803125 0.10398750000000001 0.6371328125 0.10175000000000001 0.6384390625 0.099309375 0.6617625 0.10248281249999999 0.6715875 0.1158671875 0.68420625 0.138203125 0.691596875 0.1691625 0.6968671875 0.17778750000000001 0.6947484375 0.1840109375 0.6954921875 0.20349843750000002 0.689946875 0.2213984375 0.6794890625 0.22636093750000003 0.672209375 0.22652343749999998 0.6706546875 0.224775 0.6672984375000001 0.202603125 0.658353125 0.1908046875 0.650646875 0.1734328125 0.6359781250000001 0.1570359375 0.6119796875 0.157525 0.607315625 0.154025 0.6006 0.155978125 0.581940625 0.1417796875 0.577096875 0.1264421875 0.5831375000000001
1 0.5435640625 0.6723 0.548 0.690146875 0.559309375 0.7025171875 0.5664703125 0.7143937499999999 0.5761937500000001 0.7218515625 0.5862421875 0.7262 0.613215625 0.7294203125000001 0.6301390625 0.7282921875 0.6473875 0.7240546875 0.6604875 0.719321875 0.67615 0.710171875 0.6881515625 0.6958609375 0.6883140625 0.69430625 0.692015625 0.6790046875 0.6845296875 0.6702390625 0.6743578125 0.646984375 0.6571484375 0.6307609375000001 0.649175 0.626659375 0.617890625 0.6244984375 0.5998281249999999 0.6365109375 0.575540625 0.6477796875 0.547265625 0.6569984375 0.5435640625 0.6723
1 0.6805734375 0.3265625 0.6649109375 0.33571249999999997 0.650834375 0.349775 0.645709375 0.358609375 0.64391875 0.3757125 0.64583125 0.377515625 0.6443671875 0.391509375 0.6575890625 0.4056828125 0.6693875 0.4133890625 0.684684375 0.4278109375 0.6968093750000001 0.43240625 0.7113328125 0.43414062500000006 0.73033125 0.43326093749999994 0.7584421875 0.425596875 0.7833812499999999 0.40810781250000006 0.79058125 0.39952187499999997 0.7913953125 0.391746875 0.7936328125000001 0.390440625 0.7937953125 0.3888859375 0.7898484375 0.3663734375 0.7791890625 0.3477828125 0.7820765625 0.34025625000000004 0.780490625 0.33534375 0.7648671874999999 0.3240328125 0.7276828125 0.31801875 0.7254453125 0.31932499999999997 0.715071875 0.31808749999999997 0.6936718749999999 0.3218296875 0.6805734375 0.3265625
0 0.3828640625 0.5618015625 0.3912859375 0.5816984374999999 0.40515937500000004 0.589653125 0.411384375 0.5903953125 0.4172828125 0.5942484375 0.43355625 0.599340625 0.466753125 0.6033046875 0.47106562500000004 0.6022453125 0.4718796875 0.5944703125 0.46854218750000004 0.5862 0.46984375 0.5737609375 0.46793281249999996 0.5719578125 0.47017031249999997 0.5706515624999999 0.4711453125 0.561321875 0.505846875 0.5308296875 0.506009375 0.5292749999999999 0.5064984375 0.524609375 0.4975875 0.5093765625 0.479728125 0.49937343749999996 0.473178125 0.5017390625 0.4477921875 0.50343125 0.4104453125 0.49897187499999995 0.4061328125 0.5000312499999999 0.3899828125 0.513846875 0.38725624999999997 0.51981875 0.3828640625 0.5618015625
0 0.7115375 0.492415625 0.71345 0.49421875000000004 0.711171875 0.5159875 0.706046875 0.5248203124999999 0.7073078125000001 0.53284375 0.7389187500000001 0.5318937499999999 0.7842390625 0.5404546875 0.7976640625 0.5326109375 0.8003890625000001 0.5266390624999999 0.8005531250000001 0.5250843749999999 0.7999421875 0.5108421875 0.79518125 0.49610468750000003 0.777971875 0.47988125000000004 0.75995 0.47143281249999996 0.7393640625 0.46740000000000004 0.7374515625 0.465596875 0.7082421875 0.463684375 0.707590625 0.469903125 0.7110890624999999 0.47661875 0.7115375 0.492415625
0 0.3614953125 0.22391718749999998 0.3659296875 0.24176406250000002 0.3631640625 0.2681984375 0.35771406250000004 0.2801421875 0.33676249999999996 0.29968125 0.3364375 0.302790625 0.3490484375 0.302721875 0.36837343749999996 0.2987328125 0.380821875 0.30021875 0.40299375 0.3091625 0.42467812499999996 0.32277187500000004 0.4323265625 0.3299828125 0.43647656250000005 0.330478125 0.43887656249999996 0.3276171875 0.4390390625 0.3260609375 0.44176562500000005 0.3200890625 0.4300078125 0.291921875 0.432446875 0.2685984375 0.44221093749999996 0.2555953125 0.4428609375 0.24937499999999999 0.4296390625 0.2352015625 0.4136921875 0.2270015625 0.39741875000000004 0.221909375 0.3682078125 0.21999531249999998 0.3614953125 0.22391718749999998
0 0.6263578125 0.7845171875 0.6510515625 0.8095062499999999 0.6650875 0.8159046875 0.697796875 0.8245328125 0.7187078125 0.82545625 0.7423453125 0.8204062499999999 0.7560953125000001 0.8094531249999999 0.7665093749999999 0.7902296875 0.766671875 0.788675 0.7673625000000001 0.76199375 0.760690625 0.7454546875 0.7512921875 0.7348859375 0.7394937500000001 0.7271796875 0.717321875 0.7182359375 0.6777375 0.715084375 0.6339625 0.7318984375 0.6233859374999999 0.752675 0.621596875 0.7697796875 0.6263578125 0.7845171875
0 0.4707796875 0.58489375 0.4742796875 0.5916078125 0.475215625 0.602740625 0.4881125 0.6200234375 0.507721875 0.633384375 0.5338812500000001 0.6443796875000001 0.5608531250000001 0.6476 0.573628125 0.6459765625 0.606865625 0.6294796875 0.616628125 0.6164765625 0.6167921875 0.6149218750000001 0.6193546875 0.6105046875 0.62146875 0.590290625 0.6112984375 0.5670359375 0.5885140625 0.5438484375 0.56235625 0.532853125 0.5291578125 0.5288906250000001 0.512071875 0.5315734375 0.48937187499999996 0.5477546875 0.47289531250000005 0.5646796875 0.4707796875 0.58489375
0 0.6935578125 0.543796875 0.69050625 0.552878125 0.695715625 0.5834125 0.6958375 0.60231875 0.6932750000000001 0.6067359375 0.686725 0.6091015625 0.6765140625 0.606309375 0.6742765625 0.607615625 0.677775 0.61433125 0.691159375 0.62695 0.7072703125 0.6335953125 0.71540625 0.6361421875 0.7506796875 0.6403531250000001 0.7529171875 0.6390453125 0.763290625 0.640284375 0.7910765625 0.63573125 0.8088140625 0.6268281250000001 0.8221171875 0.600078125 0.8222796875 0.5985234375 0.8216687500000001 0.58428125 0.8164203125 0.574209375 0.811009375 0.565690625 0.7995359375 0.554875 0.7776890625 0.5428203125 0.7614156249999999 0.5377296874999999 0.71975625 0.5343296875 0.71320625 0.536696875 0.7026703125 0.5370125 0.6935578125 0.543796875
0 0.5838421874999999 0.7290625000000001 0.583028125 0.7368359375 0.5897015624999999 0.7533765625 0.595275 0.7603390625 0.6147218750000001 0.77525625 0.6228578125 0.7778015625 0.6230203125 0.776246875 0.6225734375 0.76045 0.6206609375000001 0.7586468749999999 0.6228984375 0.757340625 0.6240375 0.74645625 0.6296515625 0.7329578125 0.6277390625 0.7311546875 0.6173640625 0.7299156250000001 0.6151265625 0.7312234375 0.5860796875000001 0.7277546874999999 0.5838421874999999 0.7290625000000001
1 0.17521718749999998 0.4582921875 0.1550796875 0.47005625 0.144828125 0.487725 0.1434859375 0.520625 0.1605328125 0.538403125 0.18876718750000002 0.549646875 0.24816406249999998 0.54414375 0.2716765625 0.5201875 0.26520781250000003 0.48163125000000007 0.2438484375 0.46491249999999995 0.2215140625 0.457521875 0.17521718749999998 0.4582921875
1 0.381240625 0.6576421875 0.35650468750000003 0.6531140625 0.32855625 0.6592234375 0.30361875 0.6767109375 0.2932046875 0.695934375 0.2952390625 0.71664375 0.30622343750000003 0.7321234375000001 0.3563046875 0.755421875 0.377215625 0.75634375 0.408053125 0.7427078125000001 0.4258296875 0.71334375 0.41647187499999994 0.6823140624999999 0.381240625 0.6576421875
