2 0.6406953125 0.3697890625 0.6379312500000001 0.358621875 0.608425 0.3442765625 0.5810890625 0.345778125 0.5701343750000001 0.3498359375 0.5538515625 0.3630015625 0.5511874999999999 0.36755781249999997 0.5509890625 0.3691171875 0.55069375 0.3879578125 0.5592796875 0.40261874999999997 0.5742796875 0.4160921875 0.5865171874999999 0.41839843749999994 0.6064515625 0.42588125000000004 0.6188859375 0.42662812499999997 0.63891875 0.41682968750000005 0.6406953125 0.40279218749999995 0.6385234375 0.3869453125 0.6406953125 0.3697890625
2 0.5556296875 0.6459984375000001 0.5464515624999999 0.6360171875 0.5291828125 0.623978125 0.502240625 0.6223609375 0.49148437500000003 0.6248578124999999 0.47806249999999995 0.6319109375 0.470859375 0.6393359375000001 0.4706625 0.6408953125 0.46967499999999995 0.64869375 0.4875375 0.6890562499999999 0.494840625 0.697353125 0.5048078125 0.7010953125 0.5300703125 0.6994687500000001 0.54803125 0.689546875 0.55276875 0.685115625 0.55553125 0.6632796875 0.55365625 0.6615953125 0.5556296875 0.6459984375000001
2 0.6406953125 0.501803125 0.6416828125 0.49400468750000004 0.6379328125 0.4906359375 0.6219453125000001 0.4849609375 0.601221875 0.48371718750000003 0.573096875 0.49145781250000004 0.5592796875 0.5016296875 0.5590828125 0.5031890625 0.5541484375 0.5091796875 0.552371875 0.5232171875 0.5588859375 0.5377531249999999 0.577834375 0.553034375 0.6021109375 0.5592078125 0.6166171874999999 0.560078125 0.6271765625 0.5591406250000001 0.6360578125 0.5549593749999999 0.6425703125 0.5034875000000001 0.6406953125 0.501803125
3 0.5455625000000001 0.42851249999999996 0.5497078125 0.4287609375 0.573884375 0.41921093750000005 0.5744765625 0.41453281249999996 0.5665828125 0.4109140625 0.55720625 0.40249375 0.5452656250000001 0.38134531250000003 0.5278968749999999 0.3865890625 0.506975 0.3869046875 0.498290625 0.3895265625 0.49207343750000004 0.389153125 0.4862515625 0.3856609375 0.46967187499999996 0.3846640625 0.4525015625 0.38834843750000003 0.452303125 0.3899078125 0.44737031250000003 0.3958984375 0.44559375 0.40993593749999996 0.4472703125 0.4131796875 0.45477187499999994 0.4199171875 0.480134375 0.43401249999999997 0.48822656249999996 0.43607031249999995 0.5130953125 0.4375640625 0.52819375 0.4337546875 0.5344109375 0.434128125 0.5455625000000001 0.42851249999999996
3 0.43799687499999995 0.6185031249999999 0.46622031249999996 0.626484375 0.4828 0.6274796874999999 0.489609375 0.6231734375 0.5003656249999999 0.6206765625 0.5171421875 0.6201125000000001 0.5190171875 0.621796875 0.5293796875 0.62241875 0.5556296875 0.61299375 0.5737875 0.6015109375 0.57704375 0.592278125 0.57329375 0.588909375 0.5067796875 0.5864859375 0.4762859375 0.579940625 0.43286406250000004 0.5600453125 0.4199359375 0.5466968750000001 0.41717343749999997 0.5355296875 0.40710625 0.516065625 0.391909375 0.5041515624999999 0.390428125 0.4993484375 0.37375156249999997 0.48263125 0.36398125000000003 0.4773296875 0.3596390625 0.478640625 0.359440625 0.48019999999999996 0.361809375 0.49448593750000003 0.3700015625 0.5122656250000001 0.3692109375 0.5185046875 0.3618109375 0.527490625 0.3598375 0.5430875000000001 0.362796875 0.5526953125 0.37996875 0.582015625 0.3989171875 0.597296875 0.42615468749999996 0.6130765625000001 0.43799687499999995 0.6185031249999999
3 0.41717343749999997 0.502525 0.401778125 0.49217187500000004 0.394278125 0.485434375 0.3858890625 0.469215625 0.3802640625 0.46416250000000003 0.3699015625 0.463540625 0.3653625 0.46641093749999996 0.365165625 0.4679703125 0.364178125 0.47576875 0.3906265625 0.4977890625 0.39398125 0.5042765625000001 0.41105468749999996 0.517875 0.41628437500000004 0.526046875 0.422896875 0.5233 0.428028125 0.5157499999999999 0.43957499999999994 0.5070140624999999 0.4377 0.5053296875 0.41717343749999997 0.502525
5 0.6349734375 0.6790515625 0.636946875 0.663453125 0.6350718750000001 0.66176875 0.6375390624999999 0.6257703125 0.6347765625 0.614603125 0.6264859375 0.6141062500000001 0.6049734375 0.6191 0.589084375 0.629146875 0.579215625 0.641128125 0.57901875 0.6426875 0.5767484375 0.6441234375 0.5737890625000001 0.6675187499999999 0.57675 0.6771265625 0.5817828125 0.6868578125 0.5969796875 0.698771875 0.6129671875 0.704446875 0.63161875 0.7055671875 0.6338890625 0.70413125 0.6368484375000001 0.6807359374999999 0.6349734375 0.6790515625
5 0.5944140625000001 0.6200375 0.5879984375 0.6212234375000001 0.574775 0.6267171874999999 0.557703125 0.646121875 0.5575046875 0.64768125 0.5557296875 0.6617203125 0.561453125 0.68249375 0.578525 0.6960921875 0.5928359375000001 0.6985234375 0.579709375 0.686734375 0.5717156250000001 0.6673953125 0.5746765625 0.6439984375 0.5870124999999999 0.6290234375 0.5983609375000001 0.621846875 0.5944140625000001 0.6200375
5 0.6045765624999999 0.4572015625 0.6059578125 0.44628281249999996 0.616615625 0.4280640625 0.6062546875 0.42744218749999996 0.5962859375 0.4237 0.5878 0.42476250000000004 0.5651015625 0.4391140625 0.5569109375 0.4543390625 0.5567140625 0.4558984375 0.5557265625000001 0.463696875 0.558490625 0.4748640625 0.5655953125 0.48472031250000003 0.57329375 0.48989843750000006 0.59293125 0.48321875 0.6097078125000001 0.4826546875 0.61405 0.48134375 0.6144453125 0.478225 0.607340625 0.46836874999999994 0.6045765624999999 0.4572015625
5 0.47579374999999996 0.6333453125 0.4761875 0.6302265625000001 0.45773437499999997 0.627546875 0.44184531250000003 0.63759375 0.44164843749999994 0.639153125 0.43404999999999994 0.6496984375 0.43227343749999997 0.6637359375 0.44085937499999994 0.6783953125 0.446484375 0.6834484375 0.46227343750000005 0.6906828125 0.4850703125 0.6920515625 0.4856625 0.6873734375 0.467603125 0.6485703125 0.4687859375 0.6392109375 0.47579374999999996 0.6333453125
5 0.506975 0.3869046875 0.503225 0.3835359375 0.4855609375 0.3746171875 0.481415625 0.37436875000000003 0.483290625 0.376053125 0.48457343750000004 0.38241562500000004 0.4901984375 0.38746875 0.506975 0.3869046875
1 0.5568140625 0.537628125 0.5515828125 0.52945625 0.551878125 0.5106140625 0.5441812500000001 0.5054375 0.5360890625 0.5033796875000001 0.515365625 0.5021359375000001 0.4938515625 0.5071296875 0.47816093750000005 0.5156171875 0.46622031249999996 0.5274734375000001 0.46602187500000003 0.5290328125 0.462765625 0.5382671875 0.4678984375 0.5637203125 0.4870421875 0.57744375 0.49701093749999997 0.5811859375 0.5278984375 0.5846109375 0.5450703125 0.580928125 0.5562218750000001 0.5753109375000001 0.570234375 0.5635796875 0.5736890625 0.5527859375 0.5568140625 0.537628125
1 0.44184375 0.4065671875 0.44263281250000003 0.400328125 0.43325781250000006 0.3919078125 0.41954062499999994 0.38479687500000004 0.4008890625 0.383678125 0.381446875 0.38879687500000004 0.36575625 0.397284375 0.36082187499999996 0.40327343750000005 0.36062500000000003 0.40483437499999997 0.3534203125 0.412259375 0.353125 0.4311 0.3795734375 0.4531203125 0.3878625 0.4536171875 0.390921875 0.44594374999999997 0.41174375 0.42990625 0.437796875 0.422040625 0.448159375 0.42266250000000005 0.45042968749999995 0.421228125 0.44184375 0.4065671875
1 0.43434531249999997 0.63085625 0.43158124999999997 0.6196890625 0.42595625000000004 0.6146375 0.39289687500000003 0.5953640625000001 0.378390625 0.59449375 0.3653640625 0.598425 0.35174531249999996 0.6070375 0.33960625 0.6204531249999999 0.339409375 0.6220125000000001 0.33713906250000003 0.6234484375 0.3353640625 0.6374859374999999 0.3416796875 0.65358125 0.36042968750000004 0.6704234375 0.370396875 0.674165625 0.3851015625 0.6734765625 0.4045421875 0.6683578125 0.4247734375 0.657 0.432371875 0.6464546875 0.43434531249999997 0.63085625
0 0.403553125 0.3791234375 0.3953625 0.36134374999999996 0.38203906249999997 0.3511140625 0.3660515625 0.3454390625 0.33703906250000004 0.343696875 0.3306234375 0.34488281249999997 0.317596875 0.34881562499999996 0.303584375 0.360546875 0.30338750000000003 0.36210624999999996 0.3021046875 0.388746875 0.305459375 0.39523437499999997 0.31858437500000003 0.40702499999999997 0.3264796875 0.4106421875 0.3492765625 0.4120109375 0.3614140625 0.3985953125 0.37730312499999996 0.3885484375 0.39921093750000003 0.380434375 0.40335625 0.3806828125 0.403553125 0.3791234375
0 0.490890625 0.46451875 0.492075 0.4551609375 0.47973906250000004 0.43713281249999997 0.46602187500000003 0.430021875 0.45190937499999995 0.42603125000000003 0.4353296875 0.4250359375 0.418159375 0.42871875 0.4047375 0.43577187500000003 0.3952640625 0.4446328125 0.39506718749999997 0.4461921875 0.3901328125 0.4521828125 0.3879609375 0.4693390625 0.392796875 0.48063124999999995 0.411546875 0.49747343749999995 0.42546249999999997 0.5030234375 0.45033124999999996 0.5045171875000001 0.47204218750000004 0.49796250000000003 0.48605468749999997 0.48623125 0.492765625 0.466203125 0.490890625 0.46451875
0 0.35914531250000004 0.4660375 0.35085625 0.4655390625 0.325 0.4718453125 0.31118437499999996 0.4820171875 0.3085203125 0.486571875 0.30832187499999997 0.48813125 0.3042765625 0.5036046875 0.3107890625 0.518140625 0.3222375 0.5266859375 0.3340796875 0.5321109374999999 0.35026406250000003 0.5362265625 0.356678125 0.5350406249999999 0.36773125 0.5137015625 0.3565796875 0.4863140625 0.3610203125 0.46772187499999995 0.35914531250000004 0.4660375
0 0.4017765625 0.36015625 0.4007890625 0.36795625 0.405428125 0.38080625 0.40750000000000003 0.38093125 0.42180937500000004 0.3833625 0.4334546875 0.39034843750000003 0.43760000000000004 0.390596875 0.44233593750000005 0.3861671875 0.4510203125 0.3835453125 0.4526 0.3710671875 0.44736875 0.36289531249999996 0.4313828125 0.3572203125 0.41273125000000005 0.35609999999999997 0.4017765625 0.36015625
1 0.49908125 0.3832875 0.5239499999999999 0.38478124999999996 0.5456609375 0.3782265625 0.5567124999999999 0.35688749999999997 0.5835546875000001 0.3427828125 0.5789171875 0.3299328125 0.526415625 0.315778125 0.5056921875 0.314534375 0.48605312500000003 0.3212125 0.47411250000000005 0.33306874999999997 0.47154687500000003 0.3533453125 0.4816140625 0.372809375 0.49908125 0.3832875
4 0.2769390625 0.43909843750000005 0.27476875 0.45625625000000003 0.29371718750000003 0.47153906250000005 0.3140453125 0.4759015625 0.3642765625 0.45848750000000005 0.346809375 0.4150046875 0.3161171875 0.41001875 0.2769390625 0.43909843750000005
