2 0.4669625 0.23793125 0.4441984375 0.2506 0.4360921875 0.2672609375 0.46778593749999997 0.29564218750000004 0.4740265625 0.29445625 0.4740046875 0.292896875 0.50085625 0.2742375 0.51329375 0.2687453125 0.5299515625 0.266621875 0.546653125 0.2676171875 0.55080625 0.26630625 0.550740625 0.2616265625 0.5295953124999999 0.241665625 0.504409375 0.2308140625 0.4918828125 0.2300671875 0.4669625 0.23793125
2 0.4720515625 0.30213125 0.47631562499999996 0.30861875 0.4807125 0.324465625 0.48089062499999996 0.33694375 0.47480625 0.3490484375 0.4749625 0.35996562499999996 0.49395156250000005 0.3751234375 0.5128296875 0.3824828125 0.5357953125 0.38385156249999997 0.53790625 0.3855359375 0.5587156249999999 0.3821015625 0.579215625 0.3568296875 0.579171875 0.353709375 0.60166875 0.32232343750000003 0.6016468749999999 0.3207640625 0.6057328125 0.31477499999999997 0.605621875 0.306975 0.5970703125 0.292440625 0.57808125 0.27728281250000003 0.5570921875 0.2682390625 0.5133156249999999 0.27030468750000003 0.4988125 0.2772328125 0.4802234375 0.29015 0.47200625 0.29901093749999996 0.4720515625 0.30213125
2 0.654953125 0.4018625 0.6718109375 0.4137765625 0.682471875 0.42999687499999995 0.6909125 0.4367328125 0.697196875 0.4386671875 0.7180296875 0.43679218750000004 0.7221609375 0.4339203125 0.7527874999999999 0.3874359375 0.752765625 0.385875 0.7547203125 0.3766421875 0.7398609375 0.3586125 0.71885 0.348009375 0.693775 0.3449578125 0.6729640625 0.3483921875 0.650221875 0.3626203125 0.6379171875 0.377471875 0.6360078125 0.389825 0.6381625 0.394628125 0.654953125 0.4018625
2 0.32673125000000003 0.3511296875 0.3164046875 0.35830625 0.3021015625 0.37927187500000004 0.302590625 0.41358750000000005 0.30470156249999997 0.415271875 0.3049015625 0.429309375 0.31560625 0.4486484375 0.32833437499999996 0.46343281249999996 0.3493890625 0.4771546875 0.38079375 0.4852609375 0.40584687500000005 0.48675468750000006 0.43702968750000004 0.47926250000000004 0.44942343749999997 0.47065 0.45557499999999995 0.463225 0.46774531250000007 0.439015625 0.4677234375 0.43745625 0.467434375 0.4171796875 0.46303593750000005 0.4013328125 0.44797656249999995 0.3692671875 0.443734375 0.3643390625 0.42478906250000004 0.3523 0.4121953125 0.3468734375 0.3891640625 0.3408265625 0.3661984375 0.33945781249999996 0.347475 0.343015625 0.32673125000000003 0.3511296875
3 0.476078125 0.5844453125 0.472103125 0.598234375 0.45780000000000004 0.6192 0.44540625 0.6278125 0.43710000000000004 0.630434375 0.43750156249999994 0.6585093750000001 0.45458125000000005 0.6860203125 0.4588015625 0.6893890625 0.4588453125 0.692509375 0.4673078125 0.7008046875 0.4737484375 0.71365625 0.47796874999999994 0.717025 0.47792500000000004 0.7139046875 0.48207812499999997 0.7125953125 0.484009375 0.7018 0.488096875 0.6958109375 0.5066859375 0.6828921875 0.5210328125 0.665046875 0.5230312500000001 0.6589328125 0.523009375 0.657371875 0.524740625 0.6325406250000001 0.52263125 0.63085625 0.52243125 0.61681875 0.5115703125 0.5865609375 0.49879843749999997 0.5686578124999999 0.4818515625 0.5505046874999999 0.46075156249999993 0.5336624999999999 0.4714578125 0.5530015625 0.47585468750000004 0.5688484375 0.476078125 0.5844453125
3 0.6804515624999999 0.4345515625 0.6786531250000001 0.45470468750000004 0.6807624999999999 0.45638750000000006 0.68091875 0.46730625000000003 0.66868125 0.4868359375 0.658353125 0.4940125 0.6584203125 0.4986921875 0.6879593749999999 0.5222703125 0.696578125 0.5414859375 0.694846875 0.5663171874999999 0.686628125 0.575178125 0.6891171875000001 0.603378125 0.6870515625 0.6048140625 0.6871625 0.6126125 0.6750140625000001 0.63838125 0.6647093749999999 0.6471171874999999 0.6647765625 0.6517968749999999 0.67528125 0.6570984375 0.6795234375 0.6620265625 0.6774578124999999 0.6634625 0.6777031250000001 0.68061875 0.6819671875 0.6871078125000001 0.6861875000000001 0.690475 0.6966265625 0.6910984375 0.71110625 0.6826109375 0.719190625 0.664390625 0.7190796875000001 0.6565921875 0.7231 0.6459234375 0.7292953125 0.6416171875 0.7479750000000001 0.6349375 0.7603234375000001 0.62320625 0.7603 0.6216468749999999 0.7663640625 0.6079828125 0.7659859375 0.5814671875 0.75496875 0.540290625 0.7421078125 0.5161484375 0.7398875 0.506665625 0.7121671875 0.46449375000000004 0.6952203124999999 0.44634062500000005 0.6951765625 0.443221875 0.6846046875 0.433240625 0.6804515624999999 0.4345515625
4 1.0 0.10242812500000001 0.9843203125000001 0.0942265625 0.96970625 0.0933546875 0.9614 0.0959765625 0.94900625 0.1045890625 0.9449203125000001 0.110578125 0.945009375 0.1168171875 0.9557140625 0.1361578125 0.9641546875 0.14289374999999999 0.9767250000000001 0.146759375 0.9933828124999999 0.14463593749999998 1.0 0.141475 1.0 0.10242812500000001
4 0.44955625 0.480009375 0.4454703125 0.4859984375 0.44369375 0.5077109375 0.4522453125 0.522246875 0.4817625 0.544265625 0.5151671875 0.54625625 0.5255609375 0.5437593749999999 0.542240625 0.5431953125 0.5712906249999999 0.532459375 0.5877921875000001 0.5194171875 0.5877703125 0.5178578125 0.5897921875 0.513303125 0.5894125 0.4867875 0.5851265625 0.4787390625 0.55563125 0.4582796875 0.5346640625 0.450796875 0.5221375 0.45004999999999995 0.49923906249999994 0.4533609375 0.4597734375 0.465034375 0.4494890625 0.47532968750000004 0.44955625 0.480009375
5 0.46583593749999996 0.45136875 0.459728125 0.4619140625 0.48884531249999996 0.4558578125 0.4950203125 0.44999218750000003 0.494996875 0.4484328125 0.494753125 0.431275 0.48606718750000005 0.40738125 0.47120937500000004 0.389353125 0.45859375 0.3823671875 0.4651015625 0.399896875 0.465234375 0.40925625 0.46952187500000003 0.417303125 0.4698546875 0.4407 0.46574687499999995 0.4451296875 0.46583593749999996 0.45136875
5 0.57079375 0.2051609375 0.5625546875 0.2124609375 0.5503843749999999 0.23667031249999998 0.5506515624999999 0.2553875 0.5591578125 0.266803125 0.580146875 0.275846875 0.6075984375 0.2993015625 0.6264109375 0.30198125 0.6284765625000001 0.3005453125 0.6555953125 0.30060312499999997 0.6721859375 0.2938 0.6927953125 0.276328125 0.6968828125 0.2703375 0.7028125000000001 0.24731406250000001 0.7007015625 0.24563125000000002 0.70056875 0.236271875 0.6919953125 0.2201765625 0.6814 0.20863593749999998 0.670871875 0.20177499999999998 0.6457078125 0.1924828125 0.63109375 0.19161250000000002 0.628984375 0.189928125 0.62691875 0.1913625 0.6123046875 0.19049218750000002 0.57079375 0.2051609375
5 0.43536875 0.655265625 0.43505781250000003 0.633428125 0.43296875 0.6333046875 0.4204875 0.6356765625 0.42050937499999996 0.6372375 0.42906093749999996 0.651771875 0.43536875 0.655265625
5 0.7398203125 0.5019859375 0.7481703125 0.502484375 0.756478125 0.4998625 0.7605640625000001 0.49387187499999996 0.76043125 0.4845140625 0.7624953125 0.483078125 0.7624734375 0.48151875000000005 0.7623624999999999 0.47371875 0.758053125 0.4641125 0.736909375 0.44414999999999993 0.726403125 0.4388484375 0.7138765625 0.43810312500000004 0.6972203125 0.44022656250000003 0.6972640625000001 0.4433453125 0.709990625 0.45812968749999994 0.7356 0.4986171875 0.7398203125 0.5019859375
1 0.7896625 0.6327484375 0.8041218750000001 0.6227 0.8142921875000001 0.60460625 0.8142703125 0.603046875 0.8121390625 0.5998015624999999 0.8079625 0.599553125 0.79756875 0.60205 0.770428125 0.6004328125 0.7644765625 0.6218953125 0.75215 0.6351875 0.7605234375000001 0.6372453124999999 0.7625890625 0.635809375 0.777203125 0.6366796875 0.7896625 0.6327484375
1 0.2137265625 0.32569375 0.21379375 0.330371875 0.2180125 0.333740625 0.2372484375 0.36605625 0.24146718749999999 0.369425 0.2841125 0.434303125 0.28831093750000003 0.4361125 0.29450625 0.43180625 0.29859375 0.425815625 0.2984375 0.41489843750000005 0.300503125 0.41346249999999996 0.30048125 0.411903125 0.29595 0.3866984375 0.287353125 0.3690421875 0.2870875 0.350325 0.2891296875 0.34733125 0.28702031250000004 0.345646875 0.286909375 0.33784843750000004 0.2784015625 0.32643125 0.26156718749999996 0.316078125 0.2469515625 0.31520625 0.2137265625 0.32569375
1 0.5751359375 0.6558046875 0.5313828125 0.6594296875000001 0.5128828125 0.6785875 0.50681875 0.6922515625 0.4944046875 0.6993031249999999 0.4944703125 0.7039828124999999 0.490384375 0.7099734375 0.4885859375 0.7301249999999999 0.49929218750000004 0.7494640625 0.50773125 0.7562015625 0.5245453125 0.7649953125 0.555971875 0.7746609375 0.5977046875 0.775590625 0.606078125 0.7776468750000001 0.61440625 0.7765859374999999 0.6476109375 0.7645390625 0.657915625 0.755803125 0.65789375 0.7542421874999999 0.6620250000000001 0.751371875 0.6660671875 0.7422625 0.6657328125 0.7188656250000001 0.6636234375 0.7171828125 0.6612453125 0.69678125 0.650584375 0.6805609375 0.6337046875000001 0.6670874999999999 0.6211109375 0.6616609375 0.6001890624999999 0.6572984374999999 0.5751359375 0.6558046875
1 0.5919234375 0.516546875 0.5816625 0.528403125 0.6570218750000001 0.5469203125 0.6759906250000001 0.5605187500000001 0.6823859375 0.5702499999999999 0.686584375 0.572059375 0.69069375 0.5676281249999999 0.6906703125 0.56606875 0.6947578125 0.560078125 0.6945125 0.542921875 0.6901375 0.528634375 0.685871875 0.522146875 0.6542453125 0.49844375 0.64589375 0.4979453125 0.6251046875 0.502940625 0.610490625 0.5020687500000001 0.5917453125 0.50406875 0.5919234375 0.516546875
1 0.3137609375 0.3191890625 0.3181578125 0.335034375 0.3245765625 0.3463265625 0.330840625 0.3467 0.3661546875 0.3363375 0.38076875 0.337209375 0.382878125 0.3388921875 0.403778125 0.341696875 0.4268546875 0.3508640625 0.4521515625 0.369515625 0.46867656249999995 0.35803281249999996 0.46865468750000006 0.3564734375 0.47678281250000004 0.34137343750000004 0.47644843750000004 0.3179765625 0.4721171875 0.306809375 0.4635890625 0.293834375 0.442465625 0.27543281249999996 0.41730156249999995 0.266140625 0.392271875 0.26620625000000003 0.3217109375 0.2916109375 0.31349375 0.300471875 0.3137609375 0.3191890625
1 0.3416171875 0.5172109375 0.41835468750000004 0.6324328125 0.42670624999999995 0.6329312500000001 0.4350125 0.6303093750000001 0.453646875 0.6205109375 0.46999218750000005 0.5965499999999999 0.4699703125 0.594990625 0.4739671875 0.5827625000000001 0.47156875 0.5608 0.46508281250000005 0.5448296874999999 0.4565546875 0.5318546875 0.4460046875 0.5234328125000001 0.4207953125 0.511021875 0.391521875 0.506159375 0.38945625 0.5075953125 0.36651406249999996 0.5077859375 0.3416171875 0.5172109375
1 0.7506375000000001 0.5291234375 0.7591875 0.5436593750000001 0.7593 0.5514578125 0.76800625 0.5769124999999999 0.77040625 0.5988734375 0.7850421875 0.6013046875 0.7871078125000001 0.59986875 0.799634375 0.600615625 0.807940625 0.59799375 0.8162921875 0.5984906249999999 0.8349703125 0.5918125 0.851471875 0.5787703125 0.859421875 0.5511921875 0.8593999999999999 0.5496328125 0.8571781250000001 0.54015 0.8465624999999999 0.52705 0.8317921875 0.5152609375 0.8170890625 0.50815 0.7961453125 0.5022265625 0.77106875 0.4991734375 0.7690046875000001 0.500609375 0.758565625 0.4999859375 0.7419749999999999 0.5067890625 0.7506375000000001 0.5291234375
1 0.544346875 0.3983875 0.53 0.4162328125 0.5260015625000001 0.4284625 0.526246875 0.44561875000000006 0.5534984374999999 0.45503593750000004 0.5745546874999999 0.4687578125 0.589325 0.4805484375 0.5937218750000001 0.49639375 0.6021171875 0.5000109375 0.6313234375000001 0.50019375 0.6542 0.4953234375 0.664528125 0.488146875 0.6788078125 0.46562187499999996 0.6787859375 0.4640625 0.6763203125 0.43742187499999996 0.6783859375 0.4359875 0.6782734375 0.42818750000000005 0.6697453125 0.4152125 0.6528875000000001 0.4032984375 0.6318984375000001 0.39425468750000003 0.600515625 0.38770937499999997 0.57755 0.386340625 0.56298125 0.3885890625 0.544346875 0.3983875
0 0.5291421875 0.7948796875 0.60375 0.9068578125 0.61434375 0.9183984374999999 0.6185421875 0.9202078124999999 0.6289578125 0.9192703124999999 0.6558984375 0.90685 0.6703125 0.8936828125 0.6845703125 0.8695984375 0.6845484374999999 0.8680390625 0.686503125 0.8588046874999999 0.6843921875000001 0.8571203125 0.6841703125 0.8415234375 0.6798171875000001 0.8287953124999999 0.6649125 0.8076484374999999 0.641725 0.79068125 0.6082109375 0.7808921875 0.5664781249999999 0.7799625 0.5311421875 0.788765625 0.5291421875 0.7948796875
0 0.57113125 0.3750484375 0.57955 0.3802265625 0.59203125 0.377853125 0.6067125 0.38340312499999996 0.6192390624999999 0.38415 0.6378734374999999 0.3743515625 0.6501984375000001 0.3610609375 0.672896875 0.3437125 0.672875 0.342153125 0.6726296875 0.3249953125 0.6577265625 0.3038484375 0.649353125 0.301790625 0.6306078125 0.30378906250000004 0.6097312500000001 0.3025453125 0.607709375 0.30710000000000004 0.6098640625 0.311903125 0.605821875 0.32101406250000003 0.5710421875 0.368809375 0.57113125 0.3750484375
0 0.5588984375 0.541071875 0.53813125 0.547625 0.5319578125 0.553490625 0.532025 0.5581703124999999 0.51963125 0.5667828125 0.5155453125 0.572771875 0.51774375 0.5806953125 0.5157453125 0.5868109375 0.5266515625 0.6201875 0.5267625 0.6279859375 0.5310265625 0.6344734375 0.5436875 0.6445796875 0.5562578125 0.6484453125 0.5813109375 0.6499390625 0.61478125 0.656609375 0.6273078125 0.6573562500000001 0.656403125 0.6497390625 0.6708390625 0.6381328125 0.6810328125 0.621596875 0.68503125 0.60936875 0.6850078125 0.607809375 0.6845859375 0.5781734375 0.67814375 0.565321875 0.6633515625 0.5519734374999999 0.652846875 0.546671875 0.6444953124999999 0.5461734375 0.6130687499999999 0.5365078125 0.59216875 0.5337046875 0.5900578125 0.5320203125 0.5796203125 0.531396875 0.5588984375 0.541071875
0 0.719325 0.67375 0.7132171875 0.6842937499999999 0.6966484375 0.6926578125 0.684121875 0.6919109375 0.6777921874999999 0.6868578125 0.6734609375 0.675690625 0.6732390625 0.6600937499999999 0.66693125 0.6566 0.6606671875 0.6562281249999999 0.6378359375 0.6642171875 0.6378796875 0.6673359375000001 0.650540625 0.6774421875 0.6633109375 0.6953453125 0.66793125 0.7267890625 0.6700421875 0.7284734375 0.666221875 0.75318125 0.6809703125000001 0.7634109375 0.6998265625 0.769209375 0.739471875 0.7700140625 0.747778125 0.7673921874999999 0.7787375 0.744303125 0.778715625 0.74274375 0.782803125 0.736753125 0.7825124999999999 0.7164765625 0.7804031250000001 0.7147921875 0.7780921875 0.6990703125 0.767409375 0.681290625 0.7420671875 0.6595203125 0.735603125 0.645109375 0.7293406250000001 0.6447359374999999 0.725209375 0.6476078125 0.719325 0.67375
