2 0.3515625 0.6666671875 0.3484375 0.6875 0.3390625 0.7125 0.340625 0.7145828125 0.3484375 0.7145828125 0.3515625 0.7125 0.3625 0.7166671874999999 0.3875 0.74375 0.3921875 0.74375 0.40625 0.7333328125 0.41875 0.7145828125 0.4015625 0.7083328125 0.3890625 0.7 0.36875 0.68125 0.3578125 0.6666671875 0.35625 0.6666671875 0.353125 0.6645828125000001 0.3515625 0.6666671875
2 0.203125 0.40625 0.19375 0.41041718749999995 0.184375 0.4166671875 0.175 0.4270828125 0.165625 0.45 0.1640625 0.48125 0.1703125 0.5041671875 0.1828125 0.5208328125 0.196875 0.5333328125000001 0.2125 0.5395828125000001 0.228125 0.5395828125000001 0.2515625 0.5291671874999999 0.2609375 0.5291671874999999 0.2703125 0.5229171874999999 0.2765625 0.50625 0.29375 0.47291718749999995 0.29375 0.46458281250000005 0.2859375 0.45 0.28125 0.43125 0.26875 0.4166671875 0.25625 0.41041718749999995 0.2546875 0.41041718749999995 0.2390625 0.40625 0.203125 0.40625
2 0.56875 0.75625 0.559375 0.75625 0.5484375 0.7625 0.5265625 0.7854171875 0.5125 0.80625 0.50625 0.83125 0.5078125 0.8604171875000001 0.5109375 0.8708328125 0.5125 0.8875 0.521875 0.9 0.5421875 0.91875 0.553125 0.9229171875000001 0.5703125 0.9229171875000001 0.5875 0.9166671875000001 0.60625 0.9020828125 0.6265625 0.8729171875 0.6359375 0.8375 0.634375 0.8041671875 0.628125 0.79375 0.6234375 0.7791671874999999 0.6078125 0.7604171875 0.5953125 0.7520828125000001 0.59375 0.7520828125000001 0.5796875 0.7520828125000001 0.56875 0.75625
2 0.2515625 0.7854171875 0.2375 0.8270828124999999 0.23125 0.8375 0.23125 0.8416671875 0.2421875 0.85 0.2546875 0.8541671875000001 0.2796875 0.8541671875000001 0.28125 0.8520828125 0.2828125 0.8020828124999999 0.2890625 0.7708328125 0.296875 0.75 0.296875 0.74375 0.2796875 0.74375 0.2484375 0.73125 0.246875 0.7333328125 0.2515625 0.75625 0.2515625 0.7854171875
3 0.7921875 0.325 0.775 0.3270828125 0.7453125 0.34375 0.7265625 0.3604171875 0.7046875 0.3833328125 0.671875 0.4270828125 0.6453125 0.47291718749999995 0.640625 0.47708281250000006 0.628125 0.49791718749999997 0.5859375 0.5854171874999999 0.5765625 0.6166671874999999 0.575 0.6395828125 0.58125 0.6583328125000001 0.5796875 0.675 0.5734375 0.6875 0.5671875 0.7104171874999999 0.553125 0.7291671875 0.553125 0.7416671874999999 0.559375 0.75 0.5703125 0.7520828125000001 0.5875 0.7458328125 0.5953125 0.7458328125 0.6015625 0.7395828125 0.6046875 0.70625 0.609375 0.6916671875 0.615625 0.68125 0.6328125 0.6729171875 0.640625 0.6625 0.6625 0.6 0.6828125 0.5604171874999999 0.7171875 0.50625 0.75 0.4625 0.7578125 0.45625 0.7890625 0.41875 0.8140625 0.3770828125 0.828125 0.3416671875 0.828125 0.33125 0.821875 0.3229171875 0.8203125 0.3229171875 0.79375 0.3229171875 0.7921875 0.325
3 0.4203125 0.46458281250000005 0.40625 0.48333281250000004 0.3921875 0.49583281250000005 0.39375 0.5375 0.3921875 0.5395828125000001 0.396875 0.5416671875 0.40625 0.5375 0.4328125 0.5395828125000001 0.459375 0.49583281250000005 0.459375 0.475 0.4625 0.46875 0.44375 0.46875 0.434375 0.46458281250000005 0.4328125 0.46458281250000005 0.4234375 0.4625 0.4203125 0.46458281250000005
3 0.3453125 0.7166671874999999 0.3234375 0.7270828125000001 0.30625 0.7395828125 0.2984375 0.75 0.2921875 0.7666671875 0.2875 0.7875 0.2875 0.7958328125 0.284375 0.8041671875 0.284375 0.8520828125 0.2953125 0.88125 0.3015625 0.8895828124999999 0.3125 0.8979171875 0.33125 0.9041671875 0.340625 0.9041671875 0.35 0.9 0.3578125 0.9 0.3671875 0.89375 0.384375 0.8729171875 0.396875 0.8395828125 0.4 0.8208328125 0.4 0.78125 0.396875 0.7666671875 0.3921875 0.7541671875 0.365625 0.7229171875 0.3640625 0.7229171875 0.35625 0.7166671874999999 0.3453125 0.7166671874999999
3 0.4078125 0.48125 0.3921875 0.49583281250000005 0.39375 0.5354171875 0.3921875 0.5416671875 0.396875 0.5416671875 0.4046875 0.5375 0.43125 0.5395828125000001 0.434375 0.5375 0.45625 0.5020828125000001 0.459375 0.49583281250000005 0.459375 0.475 0.4625 0.46666718749999997 0.446875 0.46875 0.4359375 0.46458281250000005 0.434375 0.46458281250000005 0.421875 0.4625 0.4078125 0.48125
3 0.203125 0.5583328125 0.2203125 0.58125 0.234375 0.5916671874999999 0.2421875 0.5916671874999999 0.25625 0.5833328125 0.271875 0.58125 0.2734375 0.5791671875 0.303125 0.5791671875 0.303125 0.5770828125 0.2921875 0.5666671875 0.28125 0.5625 0.2765625 0.55625 0.271875 0.54375 0.271875 0.5291671874999999 0.2390625 0.5354171875 0.228125 0.5416671875 0.2109375 0.5416671875 0.1953125 0.5354171875 0.1953125 0.5375 0.1984375 0.55 0.203125 0.5583328125
3 0.6421875 0.42291718749999996 0.6328125 0.44166718749999995 0.6234375 0.45416718749999996 0.6109375 0.46458281250000005 0.6015625 0.46666718749999997 0.5890625 0.475 0.5765625 0.4895828125 0.5609375 0.51875 0.5546875 0.5354171875 0.5453125 0.5770828125 0.5421875 0.65 0.5546875 0.7145828125 0.559375 0.7166671874999999 0.5640625 0.7125 0.56875 0.69375 0.578125 0.6708328125 0.578125 0.65625 0.5734375 0.64375 0.5734375 0.6229171874999999 0.58125 0.5916671874999999 0.621875 0.5041671875 0.665625 0.43333281250000005 0.6671875 0.42291718749999996 0.6640625 0.41458281250000006 0.653125 0.40208281250000005 0.6515625 0.40416718749999997 0.646875 0.40833281250000003 0.6421875 0.42291718749999996
3 0.190625 0.0583328125 0.1890625 0.0708328125 0.1953125 0.0875 0.221875 0.1333328125 0.259375 0.18125 0.3390625 0.2583328125 0.4171875 0.325 0.4296875 0.33125 0.44375 0.33125 0.45625 0.3208328125 0.46875 0.3375 0.4765625 0.3395828125 0.4875 0.3291671875 0.490625 0.3208328125 0.4921875 0.3041671875 0.490625 0.2958328125 0.4875 0.2895828125 0.471875 0.2833328125 0.4671875 0.2770828125 0.465625 0.2666671875 0.4515625 0.2416671875 0.44375 0.2354171875 0.434375 0.2333328125 0.41875 0.2229171875 0.3953125 0.2125 0.375 0.2083328125 0.3609375 0.1895828125 0.3546875 0.1729171875 0.3453125 0.1604171875 0.3015625 0.1166671875 0.2546875 0.075 0.2109375 0.0520828125 0.209375 0.0520828125 0.2 0.05 0.190625 0.0583328125
4 0.36875 0.0854171875 0.359375 0.09375 0.3578125 0.1020828125 0.3484375 0.1208328125 0.35 0.1541671875 0.3609375 0.1854171875 0.371875 0.2020828125 0.3828125 0.2083328125 0.39375 0.2083328125 0.40625 0.2145828125 0.4328125 0.2145828125 0.45 0.2041671875 0.45625 0.1958328125 0.4671875 0.1458328125 0.4671875 0.13125 0.4578125 0.1083328125 0.4453125 0.0958328125 0.4328125 0.0875 0.4171875 0.08333281249999999 0.40625 0.08333281249999999 0.4046875 0.08125 0.403125 0.08125 0.3796875 0.08125 0.36875 0.0854171875
5 0.6640625 0.6020828125000001 0.6640625 0.60625 0.653125 0.63125 0.6515625 0.64375 0.6765625 0.64375 0.6921875 0.65 0.70625 0.6625 0.709375 0.6625 0.7125 0.6583328125000001 0.7171875 0.6354171875 0.7171875 0.59375 0.715625 0.5854171874999999 0.7078125 0.5666671875 0.7015625 0.5583328125 0.6921875 0.5520828125 0.690625 0.5541671874999999 0.678125 0.5729171875 0.6640625 0.6020828125000001
5 0.1796875 0.6916671875 0.1640625 0.6916671875 0.140625 0.7041671875 0.1328125 0.7125 0.1203125 0.73125 0.1109375 0.75625 0.109375 0.7875 0.1109375 0.7979171875 0.11875 0.8166671875 0.13125 0.8354171875 0.140625 0.84375 0.15625 0.8520828125 0.171875 0.85625 0.196875 0.8583328124999999 0.2203125 0.8458328125 0.2328125 0.83125 0.246875 0.7979171875 0.25 0.7833328125000001 0.25 0.7604171875 0.2453125 0.7375 0.2421875 0.73125 0.2265625 0.7104171874999999 0.2046875 0.69375 0.1984375 0.6916671875 0.196875 0.6916671875 0.18125 0.6895828125000001 0.1796875 0.6916671875
5 0.2265625 0.2895828125 0.215625 0.2979171875 0.2078125 0.3104171875 0.203125 0.3208328125 0.2 0.3375 0.1984375 0.3625 0.2 0.3645828125 0.2015625 0.3895828125 0.2046875 0.3979171875 0.209375 0.40208281250000005 0.228125 0.40208281250000005 0.2296875 0.40416718749999997 0.2515625 0.40625 0.2640625 0.41041718749999995 0.2796875 0.425 0.2875 0.4270828125 0.29375 0.42083281250000004 0.29375 0.41458281250000006 0.275 0.3916671875 0.265625 0.3645828125 0.265625 0.3479171875 0.26875 0.3354171875 0.26875 0.325 0.2828125 0.2916671875 0.2609375 0.28125 0.259375 0.28125 0.2421875 0.2833328125 0.2265625 0.2895828125
5 0.640625 0.3416671875 0.640625 0.3645828125 0.64375 0.3791671875 0.65 0.3916671875 0.6609375 0.40625 0.671875 0.4166671875 0.678125 0.4166671875 0.7015625 0.3854171875 0.7 0.3791671875 0.6875 0.36875 0.6765625 0.3541671875 0.66875 0.3375 0.6671875 0.3291671875 0.6625 0.3208328125 0.6609375 0.29375 0.659375 0.2958328125 0.6515625 0.3041671875 0.640625 0.3416671875
5 0.4734375 0.6708328125 0.4734375 0.6770828125 0.4609375 0.69375 0.4421875 0.70625 0.4375 0.7125 0.4390625 0.7416671874999999 0.45 0.7666671875 0.4578125 0.7708328125 0.4671875 0.7708328125 0.4796875 0.775 0.4953125 0.7833328125000001 0.4984375 0.7875 0.521875 0.7854171875 0.5453125 0.7604171875 0.55 0.7416671874999999 0.55 0.7291671875 0.553125 0.7229171875 0.553125 0.7145828125 0.54375 0.6770828125 0.53125 0.6604171875 0.5125 0.6479171874999999 0.49375 0.6458328125 0.48125 0.65 0.48125 0.6520828125 0.4796875 0.6625 0.4734375 0.6708328125
1 0.328125 0.275 0.309375 0.2770828125 0.2875 0.2916671875 0.2765625 0.3083328125 0.271875 0.3208328125 0.2671875 0.3541671875 0.2703125 0.3770828125 0.278125 0.39375 0.2859375 0.40416718749999997 0.3015625 0.41875 0.31875 0.42916718749999994 0.3375 0.43125 0.35625 0.425 0.3765625 0.40625 0.3875 0.3875 0.39375 0.3541671875 0.39375 0.34375 0.38125 0.3020828125 0.365625 0.2833328125 0.3578125 0.2770828125 0.3453125 0.2729171875 0.34375 0.2729171875 0.3296875 0.2729171875 0.328125 0.275
1 0.4 0.3458328125 0.3953125 0.3625 0.3921875 0.4 0.396875 0.425 0.4 0.43333281250000005 0.4203125 0.4583328125 0.440625 0.46458281250000005 0.4578125 0.46458281250000005 0.4703125 0.46041718749999994 0.484375 0.45 0.5015625 0.42291718749999996 0.509375 0.3979171875 0.509375 0.3791671875 0.5046875 0.3583328125 0.4984375 0.34375 0.490625 0.3354171875 0.4859375 0.3354171875 0.4796875 0.3416671875 0.4703125 0.3416671875 0.45625 0.3270828125 0.4515625 0.3270828125 0.4421875 0.3354171875 0.43125 0.3354171875 0.41875 0.3291671875 0.4171875 0.3291671875 0.409375 0.3333328125 0.4 0.3458328125
1 0.5875 0.3895828125 0.615625 0.3770828125 0.6375 0.3291671875 0.6359375 0.2645828125 0.6078125 0.2375 0.5828125 0.2333328125 0.5671875 0.24375 0.5515625 0.2791671875 0.5375 0.3166671875 0.5375 0.34375 0.546875 0.3708328125 0.5875 0.3895828125
1 0.6 0.46041718749999994 0.6015625 0.41875 0.5859375 0.3916671875 0.5703125 0.38125 0.534375 0.3833328125 0.5109375 0.425 0.509375 0.46458281250000005 0.53125 0.5041671875 0.553125 0.5208328125 0.6 0.46041718749999994
1 0.3484375 0.5895828125 0.3703125 0.55625 0.3875 0.5458328125 0.3921875 0.5333328125000001 0.3859375 0.48333281250000004 0.3671875 0.4583328125 0.35 0.4479171875 0.3296875 0.4479171875 0.3046875 0.46458281250000005 0.2765625 0.5166671875 0.275 0.5458328125 0.2828125 0.5604171874999999 0.3390625 0.59375 0.3484375 0.5895828125
1 0.3015625 0.7395828125 0.328125 0.7208328125000001 0.3390625 0.7083328125 0.35 0.66875 0.3390625 0.6083328125 0.309375 0.5833328125 0.275 0.58125 0.246875 0.5895828125 0.2328125 0.60625 0.21875 0.64375 0.2234375 0.7 0.2453125 0.7270828125000001 0.2796875 0.7416671874999999 0.3015625 0.7395828125
1 0.6890625 0.7979171875 0.709375 0.7708328125 0.7203125 0.7083328125 0.7109375 0.6708328125 0.6984375 0.65625 0.6734375 0.6458328125 0.65 0.65 0.6109375 0.6958328125000001 0.6109375 0.7541671875 0.6390625 0.7875 0.678125 0.8020828124999999 0.6890625 0.7979171875
1 0.6421875 0.98125 0.6578125 0.9708328125 0.671875 0.9479171875000001 0.675 0.8791671875 0.6515625 0.8395828125 0.6390625 0.8333328124999999 0.6296875 0.8708328125 0.609375 0.9020828125 0.58125 0.9229171875000001 0.5421875 0.9229171875000001 0.540625 0.9333328125 0.5546875 0.95625 0.621875 0.98125 0.6421875 0.98125
1 0.4765625 0.9229171875000001 0.50625 0.8916671875000001 0.503125 0.8145828125 0.496875 0.79375 0.4796875 0.7791671874999999 0.446875 0.775 0.43125 0.7833328125000001 0.4078125 0.8291671875000001 0.4046875 0.8625 0.409375 0.8833328125 0.43125 0.9145828125 0.4765625 0.9229171875000001
1 0.3359375 0.2645828125 0.2640625 0.1875 0.2578125 0.1833328125 0.2421875 0.2020828125 0.240625 0.24375 0.2625 0.2791671875 0.2890625 0.2875 0.3359375 0.2645828125
0 0.215625 0.6520828125 0.2359375 0.5958328125000001 0.2046875 0.5833328125 0.1765625 0.5895828125 0.1484375 0.61875 0.1390625 0.6479171874999999 0.140625 0.6979171875 0.190625 0.6875 0.2203125 0.7020828125 0.215625 0.6520828125
0 0.434375 0.7125 0.4765625 0.66875 0.4796875 0.6229171874999999 0.4734375 0.5916671874999999 0.453125 0.55625 0.434375 0.54375 0.4 0.5416671875 0.371875 0.5583328125 0.346875 0.6041671875 0.3453125 0.6291671875 0.353125 0.6583328125000001 0.4046875 0.7083328125 0.434375 0.7125
0 0.5328125 0.6291671875 0.5421875 0.6041671875 0.5515625 0.5395828125000001 0.5296875 0.50625 0.5078125 0.49166718749999994 0.4796875 0.49166718749999994 0.4609375 0.5 0.4375 0.5354171875 0.471875 0.58125 0.484375 0.64375 0.5171875 0.64375 0.5328125 0.6291671875
0 0.7421875 0.34375 0.78125 0.3229171875 0.7875 0.3041671875 0.7875 0.2708328125 0.7765625 0.2395828125 0.7328125 0.2145828125 0.6953125 0.2229171875 0.675 0.2458328125 0.665625 0.2708328125 0.665625 0.325 0.68125 0.3604171875 0.7 0.3791671875 0.7421875 0.34375
0 0.49375 0.3270828125 0.515625 0.325 0.528125 0.3166671875 0.5484375 0.28125 0.5546875 0.2479171875 0.5515625 0.2041671875 0.5359375 0.18125 0.5109375 0.1666671875 0.471875 0.175 0.4375 0.2208328125 0.4390625 0.2270828125 0.4515625 0.2395828125 0.49375 0.3270828125
