2 0.024090624999999997 0.17907656249999998 0.0116390625 0.18979375 0.0122578125 0.31946093750000004 0.016454687500000002 0.3257828125 0.035276562500000004 0.3401703125 0.060328124999999996 0.34998125 0.0811875 0.35503125 0.122871875 0.3573203125 0.1416046875 0.3529609375 0.16862656250000002 0.33937343750000004 0.1831609375 0.3286921875 0.197659375 0.3101984375 0.20797343750000002 0.28850937499999996 0.20796562500000002 0.286946875 0.2098859375 0.2526140625 0.20777968750000003 0.247890625 0.1825796875 0.2068359375 0.1616453125 0.1861625 0.1407546875 0.1748625 0.10111718750000001 0.1647984375 0.0802796875 0.164434375 0.078203125 0.16596093750000002 0.0511203125 0.16705 0.024090624999999997 0.17907656249999998
2 0.3008296875 0.0979875 0.2842625 0.11956875 0.2822390625 0.1320296875 0.290640625 0.1462359375 0.30105312500000003 0.1448546875 0.34051875 0.1189875 0.3675640625 0.1100859375 0.39880625 0.10750781250000001 0.411325 0.11085 0.42174375 0.11103125 0.4196515625 0.1094328125 0.415440625 0.09998749999999999 0.4008015625 0.088796875 0.38618437499999997 0.08229375 0.3799328125 0.082184375 0.37158281249999997 0.0789140625 0.342409375 0.0784046875 0.32992187500000003 0.0813109375 0.32576875 0.08436249999999999 0.3216015625 0.084290625 0.3008296875 0.0979875
2 0.276553125 0.25065312500000003 0.2953828125 0.266603125 0.301678125 0.276084375 0.31011875 0.2981015625 0.3144265625 0.3278578125 0.30409687500000004 0.34642343750000004 0.310371875 0.35121875 0.32498125 0.3561609375 0.34581875 0.35652343750000004 0.3520546875 0.353509375 0.35407968749999996 0.341046875 0.3602859375 0.3317828125 0.36021875 0.31772187500000004 0.3643578125 0.3115453125 0.364328125 0.30529687499999997 0.3746640625 0.28829375 0.3933375 0.2714359375 0.41413124999999995 0.2624265625 0.41412343749999997 0.2608640625 0.41201718749999994 0.256140625 0.40368125 0.25599531249999996 0.38495 0.2603546875 0.34118125 0.258028125 0.32239062500000004 0.249890625 0.3161171875 0.24509375000000003 0.3015078125 0.24015312500000002 0.282753125 0.2398265625 0.27652343749999997 0.244403125 0.276553125 0.25065312500000003
2 0.2907828125 0.17591874999999998 0.290925 0.2056015625 0.29514375 0.216609375 0.3077359375 0.235575 0.33073281250000003 0.2515984375 0.357853125 0.2583203125 0.3932703125 0.257375 0.407834375 0.25294374999999997 0.43273593750000006 0.2315078125 0.4534546875 0.206875 0.47412187499999997 0.17130625 0.4741140625 0.1697453125 0.4740921875 0.1650578125 0.46356875000000003 0.1430046875 0.42801718749999995 0.11582812499999999 0.41550624999999997 0.11404687499999999 0.4008984375 0.10910625 0.3654875 0.1116125 0.334290625 0.12356562499999998 0.3010671875 0.14797968749999998 0.2969296875 0.15415625 0.2907828125 0.17591874999999998
2 0.5370609375 0.26144687499999997 0.53715 0.28019375 0.5413484375000001 0.286515625 0.5957515625 0.334328125 0.5999265625 0.3359640625 0.6186812500000001 0.336290625 0.6374203125 0.33349375000000003 0.647809375 0.3274265625 0.6622625 0.2995609375 0.6622390625000001 0.2948734375 0.666384375 0.290259375 0.6684234375 0.280921875 0.67256875 0.27630781249999997 0.672546875 0.271621875 0.6766921875 0.2670078125 0.676684375 0.2654453125 0.6808078125 0.25614375 0.6786796875000001 0.246734375 0.6598437500000001 0.229221875 0.6473109375 0.2227546875 0.6306171875000001 0.21777656250000002 0.6014437499999999 0.21726874999999998 0.586871875 0.2201375 0.572315625 0.2261328125 0.5494828125 0.24447968750000001 0.5370609375 0.26144687499999997
3 0.16592656249999999 0.647065625 0.195278125 0.68506875 0.19529375 0.68819375 0.20577968750000003 0.7024359375 0.2140921875 0.6978953125 0.21408437500000002 0.6963328125 0.2161546875 0.6932437499999999 0.2140625 0.6916453125 0.2138015625 0.6369671875 0.2074765625 0.621234375 0.19487656250000002 0.6007078124999999 0.19272499999999998 0.5866109374999999 0.18855 0.584975 0.1782203125 0.603540625 0.15541093749999998 0.626575 0.16592656249999999 0.647065625
3 0.1709109375 0.38159062499999996 0.1291453125 0.362115625 0.081203125 0.35815625 0.05825781249999999 0.35306875 0.029025000000000002 0.3400609375 0.014431250000000001 0.3382453125 0.0123546875 0.3397703125 0.0126671875 0.4053859375 0.0168421875 0.4070203125 0.029307812500000002 0.39942812499999997 0.0709171875 0.38609375 0.110503125 0.3852234375 0.11259375 0.386821875 0.12718125 0.3870765625 0.1522171875 0.3937609375 0.1793734375 0.40829375 0.1981953125 0.4226828125 0.2128859375 0.4448078125 0.21921249999999998 0.460540625 0.2172625 0.48862500000000003 0.211084375 0.5041375 0.1903734375 0.5303328125 0.19041875 0.5397062499999999 0.1967515625 0.557 0.1968640625 0.5804343750000001 0.1989546875 0.5820328124999999 0.20116562500000001 0.608628125 0.2179703125 0.6370390625 0.21807343750000002 0.6589109375 0.2201796875 0.663634375 0.21398125 0.6744609374999999 0.216071875 0.676059375 0.21616093749999998 0.69480625 0.218253125 0.6964046875000001 0.2391125 0.70145625 0.2537 0.701709375 0.2599296875 0.6971328125 0.26199062500000003 0.6924812499999999 0.259765625 0.6627625 0.2618421875 0.6612359375 0.26170781249999997 0.6331156250000001 0.3031984375 0.5947859375 0.309375 0.5792734375 0.3093078125 0.5652125 0.311384375 0.5636875 0.30929375000000003 0.5620875 0.3113171875 0.5496265625000001 0.3092265625 0.548028125 0.3091359375 0.52928125 0.30281875 0.5151109375 0.30067499999999997 0.5025765625 0.2943703125 0.49153125 0.2796875 0.4709671875 0.2608359375 0.45033124999999996 0.20853281250000003 0.4056796875 0.1709109375 0.38159062499999996
3 0.6252156249999999 0.395765625 0.6189265625 0.3878453125 0.6104937500000001 0.36739062499999997 0.6042125 0.3610328125 0.602084375 0.35162187500000003 0.5894921875 0.33265781250000004 0.5664734375 0.3119484375 0.562275 0.3056265625 0.5267234375000001 0.27845 0.5121078125 0.271946875 0.5016515625 0.263953125 0.48077500000000006 0.255778125 0.4682734375 0.255559375 0.45996718750000004 0.2616640625 0.49960468750000003 0.271728125 0.526746875 0.2831359375 0.543484375 0.2974875 0.5434984375 0.3006125 0.5518859375 0.31169375 0.54998125 0.3491515625 0.552071875 0.35075 0.552109375 0.3585609375 0.55005625 0.3647734375 0.539696875 0.377090625 0.521015625 0.3923859375 0.5210390625 0.397071875 0.527334375 0.4065546875 0.537784375 0.41298593749999996 0.5587265625 0.435221875 0.5650593749999999 0.45251562500000003 0.5651484375 0.47126250000000003 0.55481875 0.489828125 0.5444375 0.4974578125 0.534078125 0.5097734375 0.5320609375 0.523796875 0.523815625 0.5424 0.53011875 0.55344375 0.5301703125 0.5643796875 0.523934375 0.5673953125 0.52184375 0.565796875 0.509384375 0.5749515625 0.5094140625 0.5812015625 0.5156953125 0.587559375 0.5136265625 0.590646875 0.5157484375 0.5984953125 0.513671875 0.600021875 0.5137453125 0.61564375 0.5179515625 0.623528125 0.528384375 0.6268343749999999 0.538796875 0.625453125 0.5512703125 0.6194234375 0.56370625 0.60558125 0.576075 0.577678125 0.5843796875 0.5715749999999999 0.607271875 0.565725 0.6280515624999999 0.553590625 0.6363421875 0.5443625 0.6466484375 0.5211109375 0.6466421875 0.5195484375 0.648703125 0.5148984375000001 0.6485015625 0.47271718749999997 0.6464109375 0.47111875000000003 0.6463578125 0.4601828125 0.6400328125 0.44444999999999996 0.637875 0.42879218750000003 0.6315703125 0.417746875 0.6315328124999999 0.40993593749999996 0.6252375 0.400453125 0.6252156249999999 0.395765625
4 0.6363640625 0.54905 0.6176921875 0.5659078125 0.61774375 0.5768421874999999 0.6303359375 0.5958078125 0.6574859375 0.6087796875 0.6762546875 0.61223125 0.7012671874999999 0.6142296875000001 0.7033437499999999 0.612703125 0.7325109375000001 0.61165 0.7387546875 0.610196875 0.7449828125 0.60561875 0.751190625 0.5963546875 0.7511828125 0.5947921875 0.7573671875 0.580840625 0.7572859375000001 0.56365625 0.7467984375000001 0.5494140625 0.730084375 0.53975 0.7113078125000001 0.5347359375 0.6779515625 0.5310296875 0.675859375 0.52943125 0.655021875 0.5290671875 0.6467015625 0.532046875 0.6363640625 0.54905
5 0.15538749999999998 0.6218874999999999 0.16577031250000002 0.6142578125 0.1782125 0.601978125 0.19265156249999998 0.5709875 0.19264375 0.5694250000000001 0.1904546875 0.5475171875 0.1841515625 0.5364734375 0.1779 0.5363640625 0.15294687499999998 0.5468625 0.1404578125 0.5497687499999999 0.10296406250000001 0.5522390625 0.10298750000000001 0.5569265624999999 0.13865 0.6075375000000001 0.1512203125 0.621815625 0.15538749999999998 0.6218874999999999
5 0.22443593750000002 0.24505625000000003 0.21404687500000003 0.2511234375 0.210071875 0.29167031250000003 0.2038875 0.30562187500000004 0.187321875 0.3272015625 0.16240468749999998 0.3455125 0.1332984375 0.3590640625 0.17507187500000002 0.3801015625 0.1834140625 0.381809375 0.225090625 0.38253593750000003 0.24590625 0.3782125 0.2625484375 0.3722546875 0.2791734375 0.36317187500000003 0.2999375 0.34791249999999996 0.30820625 0.33399843749999997 0.30819843750000003 0.3324359375 0.31027499999999997 0.330909375 0.310178125 0.3106 0.3080859375 0.3090015625 0.3080421875 0.299628125 0.3017015625 0.280771875 0.2932984375 0.26656562500000003 0.2661203125 0.247346875 0.2494265625 0.24236875000000002 0.2369234375 0.24215 0.22443593750000002 0.24505625000000003
5 0.434053125 0.07063125 0.42786875 0.08458281250000001 0.42587343750000006 0.10329375 0.4300859375 0.11273906250000001 0.45726562499999995 0.131959375 0.4677359375 0.1430765625 0.474046875 0.155684375 0.4803140625 0.1589171875 0.501175 0.16396875 0.54701875 0.16476875 0.5678265625 0.1588828125 0.5803 0.1528515625 0.603140625 0.1360671875 0.61553125 0.11285156249999999 0.6154875 0.103478125 0.6175640625 0.1019515625 0.61755625 0.10038906249999999 0.61326875 0.0753203125 0.60276875 0.05795312500000001 0.5860296875000001 0.043603125 0.565146875 0.033865624999999996 0.5526296875 0.0305234375 0.5109390625 0.026670312499999998 0.49219843750000003 0.02946875 0.46308437500000005 0.0414578125 0.44648125 0.0552265625 0.434053125 0.07063125
5 0.63573125 0.41625781249999994 0.641990625 0.417928125 0.648234375 0.416475 0.65863125 0.4119703125 0.6690421875 0.4105890625 0.675271875 0.4060125 0.6752640624999999 0.40445000000000003 0.6794015625000001 0.3982734375 0.6771921875 0.37167812499999997 0.652059375 0.34468437500000004 0.637434375 0.33661875 0.6186812500000001 0.336290625 0.6166046875 0.3378171875 0.5999328125 0.3375265625 0.5978796875 0.34373906249999997 0.6104640625 0.3611421875 0.63573125 0.41625781249999994
1 0.344821875 0.584578125 0.32816718749999996 0.5874109375 0.311525 0.5933703125 0.28869375 0.6117171875 0.282509375 0.62566875 0.282575 0.639728125 0.2681234375 0.6675953125 0.2682125 0.6863421875 0.2766 0.6974234375 0.295421875 0.7118109375 0.32882968749999997 0.726453125 0.3559265625 0.7284875000000001 0.35800312500000003 0.7269625 0.3746734375 0.7272531250000001 0.3767640625 0.7288515624999999 0.39969375 0.7308140625 0.42259375 0.7265265624999999 0.441303125 0.71748125 0.4683046875 0.69920625 0.47658750000000005 0.688415625 0.4765796875 0.6868531250000001 0.478640625 0.682203125 0.47854374999999993 0.6618937500000001 0.47645312500000003 0.6602953125 0.47631875 0.6321734375 0.4616203125 0.6084859375 0.44280625 0.5956609375 0.42611406250000006 0.5906828125 0.39901718750000004 0.5886484375000001 0.3864984375 0.5853046875000001 0.344821875 0.584578125
1 0.4316359375 0.437690625 0.4441390625 0.43790781250000005 0.47336406249999996 0.449353125 0.48587499999999995 0.45113281250000004 0.5004906250000001 0.4576375 0.5151296875 0.46882812500000004 0.5235171875 0.47990937499999997 0.5298734375 0.5018890625 0.536125 0.5019984375 0.5485828125000001 0.49284375 0.5589421875 0.4805265625 0.5630421875 0.4665390625 0.5630359375 0.46497656249999997 0.5629828125 0.45404062500000003 0.5587484375 0.4399078125 0.550353125 0.42726406250000004 0.5147875 0.3969640625 0.5085359375 0.39685468749999997 0.4835671875 0.4042296875 0.4398359375 0.409715625 0.41489843750000005 0.42333906250000003 0.410775 0.4326390625 0.4316359375 0.437690625
1 0.42455 0.2626078125 0.39334375 0.27299843749999997 0.3891921875 0.27605 0.38089375 0.283715625 0.3664265625 0.30845781250000004 0.3644546875 0.3318546875 0.3728859375 0.35230937500000004 0.3875765625 0.37443593750000004 0.3938515625 0.37923125 0.393865625 0.38235625 0.41059531250000003 0.3951453125 0.4293796875 0.40172187499999995 0.475225 0.402521875 0.47729999999999995 0.4009953125 0.48772031250000003 0.40117812500000005 0.514771875 0.3938390625 0.533459375 0.38010625 0.5458875 0.36470156249999997 0.54588125 0.3631390625 0.5479578125 0.3616125 0.5498171875 0.31478125 0.5414078124999999 0.2990140625 0.5309437499999999 0.28945781249999997 0.524684375 0.2877875 0.5163203125 0.2813921875 0.5121515624999999 0.2813203125 0.505878125 0.27652343749999997 0.45580781249999996 0.263153125 0.42455 0.2626078125
1 0.6484875 0.4695921875 0.650578125 0.47119062500000003 0.6508015625 0.518059375 0.6570828125 0.5244171875 0.6654265625 0.5261250000000001 0.7029421874999999 0.528340625 0.70501875 0.526815625 0.7154375 0.526996875 0.73209375 0.5241640624999999 0.7528875 0.515153125 0.7694984375 0.502946875 0.7736359375 0.4967703125 0.7839140625 0.46726875 0.78390625 0.46570625000000004 0.7796640625 0.4500109375 0.760828125 0.43249843749999994 0.7336703124999999 0.417965625 0.708634375 0.41128125000000004 0.6794546875 0.409209375 0.6503171875 0.4165109375 0.6420046875 0.421053125 0.642109375 0.44292499999999996 0.6463140625 0.45080937499999996 0.6484875 0.4695921875
0 0.2747984375 0.756753125 0.264446875 0.77063125 0.264484375 0.7784421874999999 0.33793125 0.8875109374999999 0.3525859375 0.9018265624999999 0.388003125 0.9008828125000001 0.42335312500000005 0.885878125 0.44619375000000006 0.8690921875000001 0.45656093750000004 0.8583390625 0.4669046875 0.8428984375 0.4730671875 0.8242593749999999 0.47305937499999995 0.8226968749999999 0.47299375 0.8086375 0.47090156250000004 0.8070390625 0.4687359375 0.7898171875 0.44775625 0.7597703124999999 0.4247671875 0.7453109375 0.39346562500000004 0.735390625 0.385121875 0.7336843749999999 0.33719375 0.732846875 0.2955703125 0.74305625 0.2747984375 0.756753125
0 0.4658765625 0.1899078125 0.463821875 0.196121875 0.45966874999999996 0.1991734375 0.4472625 0.21926406250000002 0.43067500000000003 0.23615781249999998 0.43071875000000004 0.24553124999999998 0.43910625000000003 0.2566125 0.44537343749999997 0.259846875 0.4537078125 0.2599921875 0.4599375 0.2554140625 0.4703421875 0.252471875 0.48076093750000004 0.25265312500000003 0.4974609375 0.25919375 0.5162671875 0.27045625 0.524603125 0.2706015625 0.5287640625 0.2691125 0.5370234375 0.2536359375 0.5453140624999999 0.2444078125 0.582696875 0.21850312500000002 0.5847515624999999 0.212290625 0.58474375 0.21072812500000002 0.5826078125 0.19975625 0.5762968749999999 0.18714843750000001 0.5574453125 0.1665125 0.509525 0.16723749999999998 0.49492343749999995 0.163859375 0.478253125 0.16356874999999998 0.4741671875 0.18067968750000002 0.47001406250000005 0.1837328125 0.4700296875 0.18685625 0.4658765625 0.1899078125
0 0.6432640625 0.685075 0.6367515625 0.6302875 0.592790625 0.5873421875 0.5781875000000001 0.5839640625 0.55750625 0.6164078125 0.522140625 0.6282875 0.505321875 0.5967515624999999 0.490734375 0.5964968749999999 0.47413906250000004 0.611828125 0.480746875 0.6869265625 0.5079484375 0.7108328125 0.54135 0.7239125 0.599675 0.7202437500000001 0.6308421875 0.7020421875 0.6432640625 0.685075
0 0.5151453125 0.4719515625 0.49005625 0.45433124999999996 0.439978125 0.43939843749999996 0.3920359375 0.43543750000000003 0.3566625 0.4457546875 0.3338375 0.4656640625 0.3173375 0.5013046875 0.31747187499999996 0.5294265625000001 0.32591875 0.5530046875 0.3468546875 0.573678125 0.45734062499999995 0.5849796875 0.49684531249999997 0.5669234375000001 0.515471875 0.5406921875 0.5257953125 0.5205640625 0.5151453125 0.4719515625
0 0.2271890625 0.385696875 0.2126703125 0.39950312499999996 0.2147984375 0.4089125 0.275475 0.461521875 0.3048421875 0.50265 0.34418906250000003 0.45178593749999996 0.3920203125 0.4323125 0.3772546875 0.3945640625 0.3208578125 0.3654609375 0.285425 0.36328125 0.2271890625 0.385696875
1 0.1084265625 0.3867484375 0.06468125 0.389109375 0.012696875 0.41163437500000005 0.012779687500000001 0.42882031249999997 0.105040625 0.5507140625 0.1508546875 0.5452640625 0.1841296875 0.5317859375 0.20899375 0.5025390625 0.21515625 0.4839015625 0.212915625 0.45105781250000004 0.1919359375 0.4210109375 0.154315625 0.396921875 0.1084265625 0.3867484375
1 0.28449375 0.16799843750000001 0.2550890625 0.119059375 0.20705 0.0947890625 0.1653734375 0.0940609375 0.121665625 0.10423437499999999 0.092596875 0.125596875 0.08224375 0.139475 0.0823265625 0.156659375 0.1609421875 0.1840671875 0.1825578125 0.2021484375 0.20984843749999998 0.244803125 0.22026718750000002 0.24498437499999998 0.272221875 0.21620937499999998 0.2845984375 0.1898703125 0.28449375 0.16799843750000001
