2 0.59311875 0.8392484375 0.6061593750000001 0.8262218750000001 0.618028125 0.8026453124999999 0.6216203124999999 0.7905765625 0.6219328125 0.7822843749999999 0.6166265625 0.7566625 0.6063984375 0.736703125 0.5972640625000001 0.72936875 0.595703125 0.7291828125 0.5754015625 0.7267671874999999 0.562753125 0.7294265625 0.5414359375 0.7539640624999999 0.5330015625 0.7696203125000001 0.5311281250000001 0.777728125 0.5305796875000001 0.792240625 0.5371374999999999 0.8263406249999999 0.561496875 0.8458984375 0.5724265625 0.8472 0.59311875 0.8392484375
2 0.444778125 0.6966484375 0.42354062499999995 0.6774609375 0.42197968750000003 0.6772750000000001 0.41581093750000003 0.674459375 0.41417187499999997 0.6763453125 0.41174999999999995 0.698965625 0.4066734375 0.7087749999999999 0.42080624999999994 0.7083734374999999 0.449615625 0.734709375 0.467653125 0.713946875 0.46952812499999996 0.705840625 0.453990625 0.701909375 0.444778125 0.6966484375
2 0.370596875 0.791946875 0.371690625 0.762921875 0.37333125 0.761034375 0.37583125 0.7363421875 0.36357343750000004 0.7286359375 0.3526421875 0.7273359375 0.351159375 0.7250765625 0.349596875 0.724890625 0.34483437499999997 0.7264062499999999 0.3446 0.7326265624999999 0.34873750000000003 0.7476953125 0.34623750000000003 0.7723890625000001 0.330853125 0.8059609375000001 0.344515625 0.818 0.36317656249999997 0.8223015625000001 0.372703125 0.8192703124999999 0.3759828125 0.8154953125000001 0.370596875 0.791946875
2 0.42228125 0.8355828125 0.43336874999999997 0.8327359375000001 0.43985 0.827259375 0.44828437499999996 0.8116031250000001 0.4541421875 0.7810625 0.453440625 0.758071875 0.44938124999999995 0.740928125 0.44048125000000005 0.727375 0.420728125 0.7104468749999999 0.4191671875 0.7102609375 0.41448124999999997 0.709703125 0.3922296875 0.71746875 0.38075000000000003 0.7306796875 0.375284375 0.7508546875000001 0.3722359375 0.790059375 0.3761390625 0.81135 0.3849609375 0.8269765625 0.39714062499999997 0.83675625 0.4142390625 0.8408734375 0.42228125 0.8355828125
2 0.32173124999999997 0.5903765625 0.35038749999999996 0.579209375 0.364209375 0.54545 0.364678125 0.5330109375000001 0.360228125 0.526234375 0.357496875 0.515496875 0.347034375 0.50175625 0.3331375 0.4959375 0.331575 0.49575312499999996 0.3065125 0.494853125 0.29214531250000003 0.5014734375 0.28230625 0.5127984375 0.277153125 0.5246796875 0.2762921875 0.547484375 0.28183437499999997 0.5668875 0.28776875 0.5759234375 0.310721875 0.5911500000000001 0.3123625 0.5892625 0.32173124999999997 0.5903765625
3 0.7300187499999999 0.41196093749999996 0.5691765625 0.392825 0.5569765624999999 0.7162453125 0.7178171875 0.7353828124999999 0.7300187499999999 0.41196093749999996
3 0.336253125 0.621259375 0.34585625000000003 0.6161546875 0.3726375 0.61309375 0.372715625 0.6110203125 0.363425 0.6078328125 0.358896875 0.603128125 0.354446875 0.5963515625 0.35023125 0.5833546875 0.34866874999999997 0.58316875 0.32649531249999997 0.5888609375 0.321653125 0.59245 0.3044765625 0.59040625 0.295340625 0.583071875 0.292140625 0.5847734375 0.294871875 0.5955109375000001 0.30525625 0.6113234375000001 0.323446875 0.628065625 0.32969375 0.628809375 0.336253125 0.621259375
3 0.4885125 0.53525 0.487028125 0.5329906249999999 0.48382812499999994 0.5346921874999999 0.46821250000000003 0.532834375 0.46672812500000005 0.530575 0.46516718749999997 0.530390625 0.4588421875 0.5317203125 0.43736875 0.560403125 0.44010156250000004 0.571140625 0.43970937499999996 0.58150625 0.44439375 0.5820640625 0.4492359375 0.578475 0.471096875 0.5810765625000001 0.48624687499999997 0.5537234375 0.4851546875 0.5410984375 0.4885125 0.53525
3 0.552140625 0.636534375 0.5527624999999999 0.6615984375 0.5580703125 0.6872203125 0.5611937499999999 0.6875921875000001 0.5661140625 0.6819296875 0.5715015625000001 0.663828125 0.571971875 0.6513890625000001 0.5691609375 0.6427234375 0.5697078125 0.6282109375 0.5837656250000001 0.5882343750000001 0.5870453125 0.584459375 0.5992265625 0.5525890625 0.609378125 0.5329703125 0.6095359375 0.528825 0.629525 0.4978828125 0.631478125 0.487703125 0.625465625 0.4807390625 0.6238265625 0.48262656249999997 0.6172671875 0.4901765625 0.60688125 0.5160140625 0.600321875 0.5235640625 0.5860328124999999 0.5281109374999999 0.5697140625 0.5449109375 0.559484375 0.5666015625 0.55925 0.572821875 0.5540953125 0.584703125 0.5506562500000001 0.6342749999999999 0.552140625 0.636534375
3 0.47391875 0.423140625 0.47860312499999996 0.42369843749999997 0.48305312499999997 0.43047500000000005 0.49086093750000004 0.431403125 0.49757656250000004 0.4197078125 0.49671875 0.4008625 0.4843828125 0.3952296875 0.46970625000000005 0.36849375 0.43418124999999996 0.35385468750000004 0.4155203125 0.34955156249999997 0.3977203125 0.32244375000000003 0.390146875 0.3152953125 0.3870234375 0.31492343749999996 0.37343906250000003 0.30081250000000004 0.32932656250000003 0.26432500000000003 0.301609375 0.250615625 0.300046875 0.2504296875 0.2922390625 0.2495 0.2873203125 0.2551625 0.288334375 0.2698609375 0.32541875 0.3263359375 0.3678125 0.3667828125 0.4105203125 0.3989375 0.4287109375 0.41567968750000006 0.4547890625 0.4312765625 0.46572031249999996 0.43257812500000004 0.47391875 0.423140625
4 0.42957343750000004 0.35122343749999996 0.4514359375 0.353825 0.4626015625 0.34890625000000003 0.4691609375 0.34135624999999997 0.474471875 0.325328125 0.47689375 0.3027078125 0.4757234375 0.29215625 0.46986718749999995 0.28104687500000003 0.46081093749999996 0.2716390625 0.448475 0.26600625 0.4469125 0.265821875 0.4202875 0.2647359375 0.4075609375 0.26946875000000003 0.40264218749999997 0.27513125 0.397409375 0.2890859375 0.39670625 0.3077453125 0.4008421875 0.322815625 0.4110703125 0.342775 0.41715937500000005 0.3476640625 0.428090625 0.3489640625 0.42957343750000004 0.35122343749999996
5 0.681359375 0.6623218750000001 0.6816718749999999 0.654028125 0.6801890625 0.65176875 0.6808140625 0.6351843749999999 0.6783953125 0.6161531250000001 0.668246875 0.5941203125000001 0.6606734375000001 0.5869718749999999 0.65294375 0.5839703125 0.6513828125 0.583784375 0.64661875 0.5852999999999999 0.641621875 0.5930359375 0.6243640625 0.6347140625 0.6222546875 0.649040625 0.6349812499999999 0.6443078125 0.652159375 0.6463515625 0.6644171875 0.6540578125 0.6749562499999999 0.665725 0.6780796875 0.666096875 0.681359375 0.6623218750000001
5 0.2714359375 0.8009734375 0.286815625 0.8090515625 0.3133625 0.8122109375000001 0.32616875 0.805403125 0.337725 0.79011875 0.34655 0.7640953125000001 0.347175 0.7475109375 0.3431953125 0.72829375 0.3328890625 0.7104078125 0.311496875 0.6953671875 0.309934375 0.69518125 0.30064375 0.69199375 0.28955625 0.6948390625 0.2817484375 0.6939109375 0.268865625 0.702790625 0.2589484375 0.7161875 0.25379375 0.72806875 0.2501234375 0.7422109375 0.24957656250000002 0.7567234375 0.25949062500000003 0.784975 0.2714359375 0.8009734375
5 0.34406875000000003 0.4972390625 0.35617031250000003 0.509090625 0.3608546875 0.5096484375 0.364134375 0.5058734375 0.36436875 0.49965468749999997 0.34945624999999997 0.47913750000000005 0.3439140625 0.45973593749999997 0.344540625 0.44315 0.35188125000000003 0.41486718749999996 0.3442296875 0.4097921875 0.34266874999999997 0.40960625000000006 0.3317375 0.40830625 0.32065 0.4111515625 0.3110453125 0.41625625 0.3044875 0.42380625 0.2975359375 0.441721875 0.2976125 0.4812984375 0.3034671875 0.49240781250000004 0.3347765625 0.49405 0.33626093749999997 0.49630937499999994 0.34406875000000003 0.4972390625
5 0.5009125 0.747059375 0.502396875 0.74931875 0.511765625 0.7504328124999999 0.5224624999999999 0.757953125 0.5349546875 0.759440625 0.5612703125 0.7271687499999999 0.563065625 0.721134375 0.55424375 0.7055078124999999 0.5564312499999999 0.6891078125 0.5550265624999999 0.6847749999999999 0.5490921875 0.6757390625 0.5354296875 0.6637015625 0.5338671875000001 0.6635156249999999 0.5135671875 0.6611 0.5088046875 0.662615625 0.498809375 0.6780859375 0.4952953125 0.68808125 0.48381718749999997 0.7012921875 0.4774140625 0.7046953125 0.47702343750000004 0.7150624999999999 0.48240937500000003 0.7386109375000001 0.4899046875 0.7478328125 0.5009125 0.747059375
5 0.640771875 0.449240625 0.627421875 0.42890937500000004 0.6218015625 0.41158124999999995 0.6202390624999999 0.4113953125 0.6170375 0.41309687500000003 0.6132890625 0.42931093750000004 0.6139125 0.45437500000000003 0.6181281249999999 0.467371875 0.6240609375 0.4764078125 0.631634375 0.48355625 0.63631875 0.48411406250000005 0.6479546875 0.46675468750000004 0.64990625 0.45657500000000006 0.640771875 0.449240625
1 0.5818203125 0.4734640625 0.60329375 0.44478125 0.6066546875000001 0.39728281249999997 0.5965843750000001 0.373178125 0.564103125 0.36098281249999997 0.5560609375000001 0.36627343749999997 0.538490625 0.41624531249999996 0.5375515625 0.441125 0.5477000000000001 0.46315625000000005 0.5818203125 0.4734640625
1 0.5662828125 0.46953281249999995 0.544421875 0.46693125 0.5247437500000001 0.48958124999999997 0.5216968750000001 0.5287859375 0.5515984375 0.567746875 0.5878296875 0.5220765625 0.584396875 0.4883484375 0.5662828125 0.46953281249999995
1 0.477659375 0.5318765625 0.4967890625 0.5237406250000001 0.5169359375 0.4886515625 0.513659375 0.45077656250000003 0.49866875000000005 0.4323328125 0.45158750000000003 0.432978125 0.4369078125 0.44789218750000004 0.43659218749999995 0.49783437499999994 0.4589984375 0.5275734375 0.477659375 0.5318765625
1 0.41129375 0.5031546875 0.431284375 0.47221250000000003 0.433784375 0.4475203125 0.42543125000000004 0.41945468750000003 0.4027125 0.3980078125 0.36320312499999996 0.405803125 0.3480546875 0.43315468749999997 0.3496125 0.47499062500000006 0.37975 0.50773125 0.41129375 0.5031546875
1 0.394265625 0.6219140624999999 0.4067578125 0.6234015625 0.43822656249999997 0.579246875 0.43182656250000007 0.541 0.40910624999999995 0.5195546875 0.3854484375 0.5229874999999999 0.363975 0.5516703125 0.355228125 0.5756203125 0.357490625 0.598796875 0.394265625 0.6219140624999999
1 0.3792671875 0.7284203125000001 0.4102671875 0.69670625 0.41300156250000003 0.66579375 0.40472656249999994 0.6356546875 0.383490625 0.6164671875 0.3361734375 0.6233328124999999 0.3223515625 0.657090625 0.3241453125 0.6927078125 0.35584375 0.725634375 0.3792671875 0.7284203125000001
1 0.5338578125 0.830115625 0.5279265625 0.7794296875 0.5147328124999999 0.7549515625 0.4835015625 0.7512359375 0.46202812499999996 0.77991875 0.46194687500000003 0.8236421875 0.48591562499999996 0.8535656250000001 0.5157421875 0.8529500000000001 0.5338578125 0.830115625
1 0.6479359375 0.7583046875 0.669175 0.7358421875000001 0.6756578125 0.688715625 0.665821875 0.658390625 0.6536421875 0.6486109375 0.630140625 0.647896875 0.600703125 0.679796875 0.5992953125 0.717115625 0.6125671875 0.73951875 0.6479359375 0.7583046875
1 0.5711765625 0.8803703125 0.6380109375 0.8966531249999999 0.6545640625 0.8736328125 0.6550374999999999 0.81954375 0.6478546875 0.802028125 0.6249 0.7868015625 0.6127171875 0.8186734375 0.593040625 0.841321875 0.5629796875 0.8481578125 0.5607921874999999 0.8645578125 0.5711765625 0.8803703125
1 0.37991406250000004 0.3786359375 0.33439687500000004 0.3378171875 0.31846874999999997 0.3442515625 0.314640625 0.3625390625 0.325725 0.40134375 0.3551609375 0.41109375000000004 0.3856125 0.393890625 0.37991406250000004 0.3786359375
0 0.6547484375 0.4529859375 0.7068296875 0.4029546875 0.7019124999999999 0.3669671875 0.6823171875 0.3458921875 0.6494453124999999 0.3440640625 0.6333609375 0.35464531250000003 0.6247703125 0.3744484375 0.6260953125000001 0.42250468750000003 0.6469406249999999 0.45205624999999994 0.6547484375 0.4529859375
0 0.4953140625 0.39653125 0.5018703125 0.43063124999999997 0.5224046875 0.42682656249999995 0.5406 0.40191875 0.543959375 0.3544203125 0.5292828125 0.32768437499999997 0.49508437499999997 0.31945 0.4806390625 0.32814375 0.46728593749999997 0.3494640625 0.46377187500000006 0.3594578125 0.4953140625 0.39653125
0 0.477734375 0.571453125 0.472659375 0.5812625 0.487884375 0.5934859375 0.501078125 0.6179640625 0.507478125 0.656209375 0.5404265625 0.655965625 0.5495640625 0.62165 0.55276875 0.5782984375 0.548396875 0.5694484375 0.5348124999999999 0.5553359375 0.51310625 0.5485890625 0.4877296875 0.5559828125 0.477734375 0.571453125
0 0.4494625 0.6972046875 0.485534375 0.6973328125 0.5041203125 0.6620578125 0.499515625 0.617778125 0.4740640625 0.5855937499999999 0.43963125 0.5835796875 0.41339531249999995 0.613778125 0.40902031250000004 0.646578125 0.414640625 0.6639062499999999 0.4494625 0.6972046875
0 0.3207125 0.658978125 0.3264140625 0.632584375 0.30627031250000003 0.626021875 0.287296875 0.6300125000000001 0.26582343750000004 0.6586953125 0.2642578125 0.7001593749999999 0.2975984375 0.6895484374999999 0.32398906250000004 0.696853125 0.3207125 0.658978125
0 0.6637187499999999 0.5894171874999999 0.64818125 0.5854859375 0.62608125 0.6307546875 0.6222546875 0.649040625 0.650596875 0.646165625 0.6797984375 0.6621359375 0.679721875 0.622559375 0.6637187499999999 0.5894171874999999
