2 0.095046875 0.262646875 0.0970375 0.2642703125 0.09611093750000001 0.2798953125 0.09810156249999999 0.2815203125 0.0958328125 0.2845828125 0.09773125 0.2877703125 0.095971875 0.3174578125 0.093796875 0.3189578125 0.09305625 0.3314578125 0.10189843750000001 0.3583296875 0.1075 0.3694515625 0.113471875 0.374325 0.1401859375 0.38137656249999996 0.175509375 0.3839890625 0.19898125 0.37529375 0.21412031250000002 0.36635 0.2251859375 0.355721875 0.23671250000000002 0.33727968750000004 0.23680625000000002 0.3357171875 0.24 0.3170296875 0.23675937500000002 0.30128125 0.22944375 0.283846875 0.21407343750000002 0.261478125 0.191990625 0.2467359375 0.16944375 0.2398078125 0.1403703125 0.2373796875 0.0978703125 0.2502078125 0.09569375 0.251709375 0.095046875 0.262646875
2 0.4664359375 0.40513125 0.4791203125 0.40237656250000003 0.4943515625 0.391871875 0.5081484374999999 0.3703671875 0.508240625 0.3688046875 0.507546875 0.3453046875 0.4958796875 0.33087187500000004 0.48375 0.3242515625 0.45694375000000004 0.3187609375 0.4225 0.3365234375 0.41805624999999996 0.3410875 0.44865781250000003 0.35295156250000004 0.464490625 0.36750781250000003 0.46990781249999997 0.3817546875 0.4664359375 0.40513125
3 0.3376390625 0.25418281249999997 0.303471875 0.26725625000000003 0.28625 0.27613750000000004 0.2579625 0.2956484375 0.24472187500000003 0.307778125 0.2386109375 0.3404671875 0.22055625 0.3634109375 0.20305625 0.3769796875 0.20069374999999998 0.3816046875 0.199490625 0.40191718749999994 0.21342656249999997 0.41328750000000003 0.22680625000000001 0.43403125 0.229490625 0.4591546875 0.22476875000000002 0.46840624999999997 0.2242125 0.47778124999999994 0.228009375 0.48415468749999996 0.247546875 0.506646875 0.2642125 0.507140625 0.27319375 0.49645 0.273471875 0.4917625 0.285278125 0.468634375 0.2882875 0.45307031249999996 0.293009375 0.44381875 0.2936578125 0.43288125 0.30101875 0.4143171875 0.3015734375 0.4049421875 0.306203125 0.397253125 0.3066671875 0.389440625 0.31120312499999997 0.3833140625 0.31148125000000004 0.3786265625 0.323009375 0.3601859375 0.34750000000000003 0.3343015625 0.36708281249999997 0.3207953125 0.38194374999999997 0.3165390625 0.41555625 0.31283906250000004 0.43222187500000003 0.3133328125 0.44699062500000003 0.310640625 0.46194375 0.304821875 0.507778125 0.30618124999999996 0.5141203125 0.304803125 0.5229171874999999 0.2972375 0.523009375 0.295675 0.5216671875000001 0.28311406250000004 0.5072687499999999 0.27955625 0.467778125 0.2768203125 0.46171249999999997 0.2735109375 0.4599078125 0.2687609375 0.445971875 0.2573921875 0.42351875000000005 0.24889999999999998 0.38194374999999997 0.246103125 0.3525 0.2499265625 0.3376390625 0.25418281249999997
3 0.35569375000000003 0.5129828125 0.33268593750000003 0.513865625 0.3241671875 0.5167437500000001 0.311759375 0.5148109375 0.283240625 0.503009375 0.27273125 0.5042625000000001 0.27018593750000003 0.5120140625 0.2721765625 0.5136375 0.27333281249999997 0.5293249999999999 0.297778125 0.539440625 0.30773125 0.5475625 0.3133328125 0.558684375 0.337221875 0.578175 0.37189843749999996 0.5917250000000001 0.41101875000000004 0.600709375 0.4381015625 0.6015125 0.45912031249999996 0.5990046875 0.48467656249999996 0.5903703124999999 0.5153234375 0.566234375 0.529028125 0.5462921875 0.5291203125 0.5447296875000001 0.521990625 0.5241703125 0.5063421875 0.5064890625 0.498009375 0.5062421875 0.4808796875 0.5135609375 0.4653703125 0.5287531249999999 0.4484265625 0.532946875 0.4171765625 0.5320218750000001 0.3823140625 0.521596875 0.37217656250000003 0.5166015625 0.35569375000000003 0.5129828125
3 0.3843515625 0.2759140625 0.3916671875 0.1524765625 0.2541671875 0.148403125 0.2468515625 0.271840625 0.3843515625 0.2759140625
3 0.183009375 0.5391703125 0.188796875 0.54716875 0.20722187500000003 0.5884109375000001 0.21055625 0.6025968749999999 0.21625 0.61215625 0.2183328125 0.61221875 0.22370312499999997 0.5920296875 0.249721875 0.5755828125 0.26342656249999996 0.555640625 0.2666203125 0.5369515625 0.268796875 0.5354515625 0.26819375 0.5103890625 0.26611093750000003 0.510328125 0.25351875 0.5115203125 0.24736093750000002 0.509771875 0.2239359375 0.48246874999999995 0.217778125 0.48072187499999997 0.2107875 0.4930359375 0.2041671875 0.49910156250000004 0.175971875 0.5170484375 0.17569375 0.5217359375 0.1832875 0.5344828125000001 0.183009375 0.5391703125
4 0.7371296875 0.0985375 0.7444437500000001 0.11597187499999999 0.7543984375 0.12409375 0.77523125 0.1247109375 0.7837500000000001 0.1218328125 0.792453125 0.1158296875 0.792546875 0.1142671875 0.794721875 0.11276562500000001 0.795740625 0.095578125 0.7939359375 0.0908296875 0.7820828125 0.07952187499999999 0.7698609375000001 0.0744640625 0.761528125 0.0742171875 0.753009375 0.0770953125 0.7421296875000001 0.0845984375 0.7375 0.0922875 0.7371296875 0.0985375
4 0.33069375 0.44180624999999996 0.31944374999999997 0.455559375 0.3095375 0.48187499999999994 0.31694374999999997 0.497746875 0.3329625 0.509178125 0.37444375 0.5135375 0.3936578125 0.50628125 0.4045375 0.49877656249999996 0.4157875 0.48502343750000004 0.42750000000000005 0.46345625 0.4275921875 0.46189375000000005 0.428796875 0.44158125000000004 0.4129625 0.427025 0.394490625 0.42178281249999994 0.37365781249999996 0.421165625 0.34819374999999997 0.4282375 0.34194375 0.4280515625 0.3354171875 0.4325546875 0.33523125 0.43567968749999997 0.3308796875 0.43868124999999997 0.33069375 0.44180624999999996
5 0.35569375000000003 0.160803125 0.36546249999999997 0.1720484375 0.391296875 0.2291625 0.44509218749999996 0.2370171875 0.453703125 0.23257656249999997 0.46212968749999994 0.2312609375 0.4817125 0.2177546875 0.4908796875 0.2039390625 0.4958796875 0.19 0.49597187500000006 0.18843749999999998 0.4949078125 0.1711875 0.48361093750000006 0.15050468749999998 0.47166718750000003 0.140759375 0.447221875 0.13064375 0.4328234375 0.1270875 0.4160640625 0.12815625 0.3715734375 0.139359375 0.3628703125 0.1453625 0.3560640625 0.154553125 0.35569375000000003 0.160803125
5 0.5083328125000001 0.437678125 0.5104625 0.40174062499999996 0.4542125 0.4000734375 0.45208281250000004 0.43601093750000003 0.5083328125000001 0.437678125
1 0.417778125 0.48664687500000003 0.435046875 0.512203125 0.4578703125 0.5144437500000001 0.45986093749999996 0.51606875 0.4620375 0.5145671875 0.47245312500000003 0.5148765625 0.5023609375 0.503240625 0.5156015625 0.49111093749999996 0.51569375 0.4895484375 0.5202312499999999 0.483421875 0.5216203125 0.459984375 0.512221875 0.4424890625 0.4921296875 0.429371875 0.4715734375 0.424065625 0.450740625 0.4234484375 0.42717656249999997 0.43370781249999996 0.43259218749999995 0.44795468749999995 0.43212968749999997 0.45576718749999995 0.417778125 0.48664687500000003
1 0.4561109375 0.2623875 0.45999999999999996 0.2671984375 0.46018593750000003 0.2640734375 0.460278125 0.2625109375 0.46055624999999994 0.25782343750000003 0.44870312500000004 0.24651562500000002 0.42634218749999997 0.23646250000000002 0.39319375 0.23235 0.3888421875 0.2353515625 0.38865781250000003 0.2384765625 0.3904625 0.24322499999999997 0.40921250000000003 0.24378125 0.43800937500000003 0.2508953125 0.4561109375 0.2623875
1 0.045 0.226728125 0.044721875 0.23141562499999999 0.0523140625 0.2441625 0.06305625000000001 0.2742203125 0.0815734375 0.31389999999999996 0.0873609375 0.32189843749999997 0.0917125 0.31889687499999997 0.09180625 0.317334375 0.09375 0.284521875 0.08680625 0.2608375 0.091528125 0.25158593749999997 0.0906484375 0.2312109375 0.08087968749999999 0.219965625 0.06875 0.2133453125 0.049907812499999996 0.2143515625 0.041389062500000004 0.2172296875 0.0411109375 0.22191718749999997 0.045 0.226728125
0 0.28092656250000003 0.7533796875000001 0.28435156250000004 0.766003125 0.29194375 0.7787499999999999 0.2935640625 0.786625 0.2993515625 0.794621875 0.3076859375 0.79486875 0.3268984375 0.7876125 0.34648124999999996 0.7741046875 0.361990625 0.7589125 0.3620828125 0.75735 0.36898125 0.746596875 0.3703703125 0.723159375 0.3651390625 0.7057875 0.35148125 0.6897296875000001 0.3373609375 0.6814859375 0.3148140625 0.67455625 0.2668984375 0.6731359375 0.249953125 0.6773296875 0.2476859375 0.68039375 0.28092656250000003 0.7533796875000001
0 0.35314843749999997 0.6616046875 0.3945375 0.6675265625 0.434953125 0.6546375 0.45537031250000004 0.6270671875 0.45476875000000005 0.60200625 0.3964359375 0.600278125 0.34101875000000004 0.5845484375 0.32930625 0.6061156249999999 0.35314843749999997 0.6616046875
0 0.3796765625 0.319603125 0.3473140625 0.3374265625 0.313471875 0.38025000000000003 0.3093515625 0.41456406250000005 0.35680625 0.423796875 0.38444375000000003 0.4152234375 0.40629687499999995 0.398653125 0.42101875 0.3615234375 0.40620312500000005 0.3297796875 0.39425937499999997 0.320034375 0.3796765625 0.319603125
1 0.305046875 0.592875 0.28430625 0.59069375 0.2668984375 0.6027 0.2271296875 0.604653125 0.22175937499999998 0.6248421875 0.2290734375 0.6422765625 0.25023125 0.6726421874999999 0.2865265625 0.6705875 0.3417125 0.678484375 0.34944375 0.65366875 0.34249999999999997 0.629984375 0.32125 0.60118125 0.305046875 0.592875
1 0.22587968749999998 0.44965625 0.21125 0.4147875 0.1686109375 0.3947421875 0.12476875000000001 0.3950078125 0.122221875 0.4027578125 0.17407343749999998 0.5138625 0.21097187499999998 0.48991093750000003 0.22587968749999998 0.44965625
1 0.42310156250000003 0.43202187500000006 0.453009375 0.42038593750000003 0.4670828125 0.39419375 0.46240781249999996 0.3674453125 0.4384265625 0.3495171875 0.417778125 0.345775 0.4198140625 0.3818359375 0.38425937499999996 0.4183484375 0.42310156250000003 0.43202187500000006
1 0.183009375 0.18699062500000002 0.1300921875 0.19950937500000002 0.113471875 0.23345312499999998 0.11944375 0.23832499999999998 0.173703125 0.23836875000000002 0.1981484375 0.248484375 0.2413890625 0.2935921875 0.26768593749999997 0.2724578125 0.2738890625 0.23820625 0.25689843749999997 0.2079625 0.2183328125 0.189603125 0.183009375 0.18699062500000002
