2 0.819365625 0.7736484375 0.77975 0.7488937499999999 0.775465625 0.74753125 0.7735218749999999 0.749190625 0.7736531249999999 0.7507515625 0.7700296875 0.7571953125 0.77121875 0.7712453125 0.799925 0.79025 0.8183828125 0.8113125 0.8225359375 0.8111140625000001 0.836275 0.8010546875 0.8553203125 0.77976875 0.8531109375 0.77830625 0.83221875 0.7777359374999999 0.819365625 0.7736484375
2 0.842940625 0.6581 0.8407328125 0.6566375 0.8398078124999999 0.6457109375 0.8326546875 0.6350796875 0.817065625 0.623284375 0.8020046875 0.6177343750000001 0.792284375 0.6260359375 0.7887921875 0.6340390625000001 0.7672765625 0.650740625 0.7674078125 0.652303125 0.7534046875 0.659240625 0.745628125 0.66588125 0.7462890625 0.6736875 0.7596703125000001 0.6840203125000001 0.7735421875 0.6755203125 0.7979265625 0.6680875000000001 0.8228406250000001 0.6668968750000001 0.8376374999999999 0.669325 0.8415250000000001 0.6660046875 0.842940625 0.6581
2 0.8951828125000001 0.7088984375 0.8814046875000001 0.69388125 0.8637390625 0.6821859375 0.842053125 0.67225 0.8208953125 0.6685578125 0.8022109374999999 0.66945 0.7920953125 0.6730671874999999 0.783790625 0.6734640625 0.765765625 0.6821625 0.753478125 0.7093953125 0.7536109375 0.71095625 0.7545359375 0.7218843749999999 0.7752015625 0.7444078125 0.8105328125 0.7678 0.8320859374999999 0.7761750000000001 0.8571312499999999 0.776546875 0.8611515624999999 0.7747875 0.8919921875 0.7451015625 0.9014484375 0.7336765625 0.9029953125000001 0.7273343750000001 0.8951828125000001 0.7088984375
2 0.5874484375 0.6687328124999999 0.5827671875 0.6626875 0.5740671875000001 0.6584 0.555778125 0.6639765625 0.53828125 0.67891875 0.5275421875 0.6998078125 0.5276734375000001 0.70136875 0.5296546875 0.7247859375 0.5391484375 0.7384390625 0.5566828125 0.7485734374999999 0.5778390625000001 0.7522656249999999 0.5882203125000001 0.7517703124999999 0.6124734375 0.742775 0.6316484375 0.72305 0.637575 0.694553125 0.5984890625 0.67604375 0.5874484375 0.6687328124999999
2 1.0 0.5467609375 0.99770625 0.5409890625 0.974040625 0.5076359375 0.9628671875 0.498765625 0.9435218750000001 0.49185156250000006 0.9143234375 0.4916796875 0.8898078125 0.4975515625 0.8684234375000001 0.515815625 0.8629875 0.5254796875000001 0.8631187499999999 0.5270406249999999 0.8580796875000001 0.5413875 0.85926875 0.5554375 0.86708125 0.5738734375 0.9006015625 0.6004875000000001 0.9199468749999999 0.6073999999999999 0.9535609375 0.610496875 0.9679609375 0.6082421874999999 0.9797578124999999 0.5998421875 0.985853125 0.5979828125 0.9994609375 0.5863609375000001 1.0 0.585403125 1.0 0.5467609375
3 0.5839828125000001 0.258234375 0.608946875 0.5532843749999999 0.8248625 0.5429734374999999 0.7998968750000001 0.24792343749999998 0.5839828125000001 0.258234375
3 0.6778171875 0.5296203125 0.67026875 0.51430625 0.6501296875 0.49802656250000005 0.644034375 0.499884375 0.6441656250000001 0.5014453125 0.6558671875 0.5165609375 0.6582453125 0.5446609375 0.6511296875 0.5591078125 0.6593390625 0.5822265625 0.6637562499999999 0.5851515625 0.6793078125 0.5718687499999999 0.6873484375000001 0.56835 0.6869515625 0.5636671875 0.6792703125 0.5467921875 0.6778171875 0.5296203125
3 0.48919375 0.566840625 0.5133140625 0.5562843749999999 0.530678125 0.53978125 0.53209375 0.5318765625 0.5271484375 0.5227078125 0.5088234375 0.5032062500000001 0.49336562500000003 0.492971875 0.4788328125 0.4936671875 0.4711890625 0.5018687500000001 0.4650921875 0.5037265625 0.4592609375 0.5087078125 0.44891718750000004 0.53428125 0.44114062499999995 0.540921875 0.42532500000000006 0.55108125 0.41313281249999995 0.5547984375 0.351415625 0.58909375 0.312534375 0.6223 0.3126671875 0.6238609375 0.3130625 0.62854375 0.3174796875 0.63146875 0.336296875 0.6321375 0.33824062499999996 0.6304765625 0.36509843750000004 0.6276265624999999 0.3814421875 0.6237109375000001 0.40361874999999997 0.6148156250000001 0.4138671875 0.6127578125 0.46988593749999996 0.5850046875 0.48919375 0.566840625
4 0.454184375 0.49797812500000005 0.45157968750000005 0.49183281250000005 0.4363859375 0.48472187499999997 0.420796875 0.4729265625 0.39782812500000003 0.47245625 0.3838234375 0.4793953125 0.370215625 0.491015625 0.3611546875 0.5071234375 0.3612875 0.508684375 0.35792812500000004 0.51825 0.3591171875 0.5323 0.3639296875 0.53990625 0.370553125 0.5442921875 0.391975 0.55110625 0.419096875 0.5513796875 0.43115781249999996 0.5461015625 0.448653125 0.5311578124999999 0.45524062499999995 0.5104671875 0.454184375 0.49797812500000005
5 0.807078125 0.80088125 0.7934328125000001 0.787425 0.7757671875 0.7757296874999999 0.7608374999999999 0.771740625 0.7504578125 0.7722359375 0.7398125 0.769609375 0.7252796874999999 0.7703031250000001 0.717240625 0.773821875 0.7089359375 0.77421875 0.6928546875 0.78125625 0.673546875 0.7994203125 0.6685078125 0.8137671875000001 0.6694312499999999 0.8246953124999999 0.6674875 0.8263562500000001 0.669696875 0.8278171875 0.6704890625 0.837184375 0.6755656250000001 0.8479140624999999 0.6871343750000001 0.86146875 0.7027234375 0.8732640625 0.7219375 0.8786156249999999 0.7552875 0.878590625 0.793903125 0.8422625 0.812946875 0.8209765625 0.811890625 0.8084875 0.807078125 0.80088125
5 0.5706687500000001 0.6428890625 0.5525125 0.6500250000000001 0.52773125 0.6527765624999999 0.5192953124999999 0.6516109375 0.48462500000000003 0.636025 0.47905625 0.644128125 0.47609375 0.6583765625 0.476225 0.6599375000000001 0.48169843749999997 0.6753515625000001 0.48858750000000006 0.6828593749999999 0.508328125 0.69445625 0.525334375 0.6983453125 0.5362046874999999 0.6790171875000001 0.5556453125 0.6624156250000001 0.5760109375 0.6567406250000001 0.577690625 0.6519578125 0.5749531250000001 0.6442515625 0.5706687500000001 0.6428890625
5 0.8650062500000001 0.5739734375000001 0.857325 0.5570984375 0.8571546874999999 0.5304593750000001 0.8485859375 0.527734375 0.8299015624999999 0.5286265625000001 0.8124046875 0.54356875 0.7960609375 0.547484375 0.78868125 0.5588093749999999 0.7840374999999999 0.5778390625000001 0.7841703125 0.5793999999999999 0.7913218750000001 0.59003125 0.796928125 0.6070046875 0.8014765625000001 0.611490625 0.8169328124999999 0.6217234375 0.8361468750000001 0.6270765625 0.848603125 0.62648125 0.8580593750000001 0.6150578125 0.87555625 0.600115625 0.887484375 0.5932765625 0.8650062500000001 0.5739734375000001
1 0.64784375 0.6188265625 0.650675 0.6030171875 0.646259375 0.60009375 0.6212140625 0.599721875 0.60486875 0.6036374999999999 0.5890531250000001 0.613796875 0.577784375 0.6284421874999999 0.5779171875 0.630003125 0.5774265625 0.6488359375 0.5871828125 0.6656109375 0.6070578125 0.6787687499999999 0.6415953125 0.69279375 0.6689437500000001 0.6711109375000001 0.6750406250000001 0.669253125 0.680740625 0.6627109375 0.6629421875 0.6494546875 0.6513734375 0.6359 0.64784375 0.6188265625
1 0.76636875 0.7385609375 0.752459375 0.7219828125000001 0.7512703125 0.7079328125 0.75851875 0.695046875 0.759934375 0.6871421875 0.73564375 0.6710609375 0.7043703125 0.6709875000000001 0.6915171875 0.6668984375 0.6771171875 0.669153125 0.66324375 0.677653125 0.64976875 0.6908359374999999 0.6373484375 0.7165078125 0.63748125 0.71806875 0.6384046875 0.728996875 0.6433500000000001 0.7381656249999999 0.6566 0.7469375 0.672453125 0.7618546875 0.6960828125 0.77013125 0.7126921875 0.7693375 0.735 0.762003125 0.7569125 0.749984375 0.7666328124999999 0.7416828125 0.76636875 0.7385609375
1 0.6542250000000001 0.5464203125 0.6541875 0.52134375 0.6467703124999999 0.507590625 0.6353328125 0.49559687500000005 0.6178 0.4854625 0.6030031250000001 0.483034375 0.5884703124999999 0.483728125 0.57018125 0.48930468749999995 0.5524218750000001 0.501125 0.5450421875 0.5124484375 0.5451734375 0.514009375 0.5398703125 0.5252343749999999 0.539378125 0.5440671874999999 0.5491359375 0.56084375 0.5687453125 0.570878125 0.5815984375000001 0.5749671875 0.598471875 0.577296875 0.6210453125 0.573084375 0.6331046875 0.5678062500000001 0.6487890625 0.556084375 0.6542250000000001 0.5464203125
1 0.5906 0.6074531249999999 0.5896765625 0.596525 0.5849953125 0.5904796875 0.5819953124999999 0.57965 0.5731625 0.573803125 0.5407 0.559678125 0.513578125 0.55940625 0.489325 0.5684015625 0.48349374999999994 0.5733828125 0.4743015625 0.587928125 0.4713375 0.6021765625 0.4714703125 0.6037375 0.47213125 0.6115437499999999 0.4795484375 0.6252953125 0.4954015625 0.6402125 0.5212390625000001 0.6499515625 0.533828125 0.6509171874999999 0.535771875 0.6492578124999999 0.5503046875 0.6485640625 0.5724812499999999 0.6396671875 0.5793328125 0.6220984374999999 0.5906 0.6074531249999999
0 0.5799015625 0.481003125 0.5831296874999999 0.4698765625 0.5818078125 0.454265625 0.5768640625 0.44509687500000006 0.5524421875 0.42745468750000004 0.5310203125 0.420640625 0.5205078125 0.41957500000000003 0.5019546874999999 0.42202812500000003 0.4858734375 0.42906562499999995 0.4743421875 0.44058906249999996 0.4690390625 0.4518140625 0.4691703125 0.45337500000000003 0.47115156249999995 0.47679218749999996 0.476096875 0.485959375 0.48272031249999997 0.4903453125 0.48895 0.49004843749999993 0.4975171875 0.49277499999999996 0.51973125 0.5089546875 0.54256875 0.5078640625 0.5560453125 0.49468125 0.5740703125 0.48598437499999997 0.5799015625 0.481003125
0 0.7867171875000001 0.6341390625 0.7953796875 0.6133484375 0.79471875 0.60554375 0.78690625 0.5871078125 0.7800171875 0.5795984375 0.760540625 0.571125 0.7456109375 0.567134375 0.7244531249999999 0.56344375 0.7057687500000001 0.5643359375 0.6815156250000001 0.5733312500000001 0.66194375 0.588371875 0.652884375 0.6044796875 0.6522609375 0.62175 0.6503171875 0.6234109375 0.6504484374999999 0.6249718750000001 0.6581296875 0.6418468749999999 0.6784 0.6596875 0.69359375 0.6668000000000001 0.7187703125 0.66873125 0.7207140625 0.667071875 0.7434203125 0.6644203125 0.7492515625 0.6594390625 0.7534046875 0.659240625 0.7653328125 0.6524015624999999 0.7867171875000001 0.6341390625
0 0.603534375 0.3168625 0.5840203125000001 0.28331093749999997 0.5806234375 0.2677984375 0.5784140625 0.2663375 0.5641468749999999 0.270153125 0.54859375 0.2834359375 0.5394015624999999 0.29798125 0.5344953125 0.31388906250000004 0.5346265625 0.31545 0.537759375 0.327840625 0.5450453125 0.34003125 0.56505 0.3547515625 0.5780359374999999 0.3604 0.5928328125 0.362828125 0.6196890625 0.359978125 0.623578125 0.3566578125 0.63175 0.3547 0.6335625 0.3514796875 0.603534375 0.3168625
0 0.7938531249999999 0.546021875 0.78201875 0.5293453125 0.7765453124999999 0.5139328125 0.7439515625 0.49824843750000003 0.7284937499999999 0.4880140625 0.7082609375 0.49524999999999997 0.6943890625 0.5037499999999999 0.681440625 0.5231765625 0.67989375 0.5295203125 0.680025 0.53108125 0.684346875 0.5575218750000001 0.689159375 0.565128125 0.6934437499999999 0.5664921875 0.7075812499999999 0.5611140625 0.7200375 0.5605187500000001 0.7582 0.5681015625 0.7733921875 0.5752125 0.7818296874999999 0.576378125 0.7847921875 0.5621296874999999 0.7938531249999999 0.546021875
1 0.652490625 0.42737968750000005 0.67674375 0.41838437500000003 0.676215625 0.4121390625 0.6570968749999999 0.38327187500000004 0.59738125 0.3673140625 0.5766203125 0.3683046875 0.5510828125 0.386765625 0.5471 0.413603125 0.5982859375 0.4519109375 0.631634375 0.4518859375 0.652490625 0.42737968750000005
1 0.6955984374999999 0.4441296875 0.69388125 0.42383437500000004 0.6851796875 0.41954843750000004 0.648603125 0.4307 0.6302187499999999 0.459790625 0.6363531250000001 0.48300937499999996 0.667003125 0.5003546875 0.6981453125 0.4988671875 0.724209375 0.48665156249999997 0.6955984374999999 0.4441296875
1 0.968096875 0.43738593750000004 0.8683687499999999 0.391990625 0.8319234375000001 0.404703125 0.818315625 0.41632499999999995 0.8081046875 0.44345937500000004 0.825675 0.4786703125 0.8603453125 0.49425625 0.897715625 0.492471875 0.9753812500000001 0.44957812500000005 0.968096875 0.43738593750000004
1 0.9890234375 0.63545 0.9880984375 0.624521875 0.9703015625000001 0.6112656249999999 0.9243625 0.6103234375000001 0.883728125 0.5981578125 0.8526234374999999 0.624721875 0.84824375 0.646875 0.8694390625 0.67564375 0.9082625 0.69103125 0.9374593750000001 0.6912046875 0.9890234375 0.63545
