2 0.8740234375 0.2960734375 0.8807562499999999 0.2870875 0.8829640624999999 0.244975 0.8812921875 0.23705156249999998 0.873625 0.2240765625 0.8496406249999999 0.203865625 0.8210859375 0.1912046875 0.790125 0.18465937500000001 0.7671578125 0.18485000000000001 0.7417828125 0.1911546875 0.7224046875 0.2025140625 0.713428125 0.21449375 0.7047796875000001 0.22023437499999998 0.7000453125 0.23090468749999998 0.6999640625 0.23246406249999998 0.6985734375 0.2589796875 0.7024078125 0.2654671875 0.7370390625 0.28162031249999997 0.7531921875 0.291975 0.7791765625 0.3138703125 0.7914953125 0.3177359375 0.8207859375 0.3163578125 0.8335140624999999 0.3124265625 0.8485671874999999 0.30393906249999997 0.8740234375 0.2960734375
2 0.7113625 0.7713828125 0.7149140625 0.7434328125 0.7059031250000001 0.71629375 0.6864874999999999 0.6885343749999999 0.66641875 0.6732515625 0.6418625 0.663959375 0.602415625 0.6600359375 0.5960921875 0.6612218750000001 0.563821875 0.6796328125 0.5526828125 0.6930468750000001 0.5526015625 0.6946078124999999 0.5479499999999999 0.7037171875 0.546559375 0.7302328124999999 0.5536546875 0.7541265625 0.57306875 0.7818875000000001 0.5910578125 0.7970453125 0.599215625 0.8006624999999999 0.655634375 0.7993421875 0.693409375 0.79534375 0.7044671874999999 0.7834875 0.7113625 0.7713828125
3 0.5537390624999999 0.3942640625 0.5937578125 0.3872703125 0.602325 0.38308749999999997 0.63194375 0.375471875 0.6618062499999999 0.36317656249999997 0.6661296875 0.36030625 0.66629375 0.3571859375 0.6522218750000001 0.34695624999999997 0.637821875 0.342965625 0.6338234375 0.339596875 0.6275828125 0.3392234375 0.6092671875 0.3303046875 0.5867093750000001 0.322696875 0.5704734375 0.313903125 0.557990625 0.31315624999999997 0.5411015625 0.316840625 0.49084374999999997 0.3200921875 0.462734375 0.3387515625 0.45016875 0.3395640625 0.444009375 0.33763125 0.4290375 0.344559375 0.42895625 0.34611875 0.42230468749999994 0.35354375 0.421896875 0.36134374999999996 0.42589375 0.3647109375 0.4572640625 0.36345937500000003 0.4655046875 0.365515625 0.47941406249999996 0.378865625 0.4977296875 0.38778437499999996 0.5100484375 0.39165 0.5454984375 0.39220625 0.5537390624999999 0.3942640625
3 0.38244687499999996 0.7157218750000001 0.3888515625 0.7129765625 0.3932578125 0.7085453125 0.39358593750000004 0.70230625 0.39158750000000003 0.7006234375 0.3906515625 0.6786625 0.3790671875 0.6607578125 0.37005625000000003 0.6336203125 0.371528125 0.60554375 0.36793906249999997 0.5943765625 0.36724843749999997 0.5677375 0.37720625 0.5370390625 0.388834375 0.514265625 0.4044609375 0.494859375 0.43040781250000004 0.4776359375 0.4496234375 0.469396875 0.45435625 0.45872812500000004 0.4553375 0.44001093750000003 0.4598265625 0.43402031250000006 0.477125 0.4225390625 0.5045796874999999 0.4163578125 0.5149812500000001 0.41697968750000003 0.5252203125 0.420721875 0.539865625 0.4200328125 0.5466796875 0.4094875 0.5472515625 0.3985703125 0.5411734375 0.3950765625 0.528609375 0.395890625 0.47545312500000003 0.414615625 0.4608890625 0.41374374999999997 0.44232812499999996 0.4095046875 0.42760156250000003 0.411753125 0.41719999999999996 0.41113125000000006 0.372609375 0.425675 0.35114999999999996 0.4369078125 0.32944687500000003 0.452821875 0.3117390625 0.472103125 0.3115765625 0.475221875 0.29586718749999996 0.4961875 0.276525 0.5466640625 0.27644375 0.5482234375 0.2722375 0.588653125 0.27423593749999997 0.5903375 0.2736640625 0.6012546875 0.2807578125 0.6251484375 0.29792968750000004 0.6559046875 0.3136734375 0.6740578125 0.33965625 0.6959515625 0.35780781250000004 0.707990625 0.3720453125 0.7151 0.38244687499999996 0.7157218750000001
3 0.6806125 0.3627359375 0.70426875 0.3891859375 0.7035328125 0.4032234375 0.69215 0.42131875 0.6847624999999999 0.44278125 0.6832906249999999 0.4708578125 0.688878125 0.483709375 0.6842265624999999 0.49281874999999997 0.6573796875 0.5272 0.656971875 0.5349984375 0.662640625 0.5462890625 0.68454375 0.5663750000000001 0.6886234375 0.568184375 0.692865625 0.5668734375 0.6995171874999999 0.5594484375000001 0.709146875 0.5349890625 0.72950625 0.5049140624999999 0.7381562500000001 0.4991734375 0.746478125 0.4996703125 0.7676093749999999 0.4946765625 0.7804203125 0.48918437499999995 0.7955546874999999 0.47913750000000005 0.8093468749999999 0.454928125 0.8096734375000001 0.4486890625 0.8166515625 0.43502343750000005 0.8182046875 0.4053890625 0.8162062499999999 0.4037046875 0.8137624999999999 0.37070156249999997 0.798590625 0.3416296875 0.7710171875 0.3102515625 0.7530296875 0.2950953125 0.7267187500000001 0.2794390625 0.7022437499999999 0.2685875 0.6796046875 0.26253906250000003 0.6692015625 0.26191718750000004 0.667203125 0.2602328125 0.615190625 0.257121875 0.556446875 0.2629953125 0.530990625 0.2708609375 0.530909375 0.2724203125 0.5242578124999999 0.2798453125 0.5240125 0.28452500000000003 0.5279281250000001 0.289453125 0.5361687500000001 0.2915109375 0.5664765625 0.310534375 0.5847921875 0.319453125 0.5951125 0.3216359375 0.6215859375 0.334171875 0.64830625 0.342028125 0.6806125 0.3627359375
4 0.5777140625 0.49427031250000003 0.578121875 0.486471875 0.5744515625 0.47686406249999996 0.5754328125 0.458146875 0.5735171875 0.45490312499999996 0.53945625 0.42783125 0.5189796875 0.42034843750000006 0.5002546875 0.41922812499999995 0.4791234375 0.42422343749999997 0.46623125 0.431275 0.45733750000000006 0.4416953125 0.4561921875 0.46353125000000006 0.4540296875 0.4649671875 0.45394843749999997 0.4665265625 0.457209375 0.4839328125 0.472790625 0.5052046875 0.4927765625 0.522046875 0.515253125 0.531215625 0.5277359374999999 0.5319625 0.54886875 0.5269671875 0.566003125 0.5186046875 0.579140625 0.5068734375 0.581546875 0.5007578125000001 0.5777140625 0.49427031250000003
5 0.9390171875 0.5690796875 0.9053203125 0.5748875 0.8882671875 0.581690625 0.8688890625000001 0.5930484375 0.8578328125000001 0.6049046875 0.8486109374999999 0.6215640625 0.84555 0.64015625 0.8433875000000001 0.6415921875 0.8453859375 0.6432765625 0.8462390624999999 0.666796875 0.8576593750000001 0.6878203125 0.897634375 0.7215046875 0.932265625 0.7376578125 0.982196875 0.74064375 0.986440625 0.7393328125 0.9948625 0.5786781249999999 0.990865625 0.5753109375000001 0.9723046875 0.5710703125000001 0.9390171875 0.5690796875
5 0.53294375 0.3132234375 0.5370234375 0.31503125 0.560153125 0.31172187500000004 0.5603171875 0.3086015625 0.5360046875 0.29462968749999996 0.527765625 0.29257343750000003 0.5276828124999999 0.2941328125 0.529109375 0.306734375 0.53294375 0.3132234375
5 0.584815625 0.796671875 0.5591609375 0.7685375 0.547821875 0.7459546875 0.542725 0.7237453125 0.5434609375 0.7097078125 0.548440625 0.6943578125000001 0.54444375 0.690990625 0.536203125 0.6889328124999999 0.531959375 0.6902437499999999 0.5103375 0.704596875 0.497528125 0.7100890625 0.47664062500000004 0.7104046875 0.474478125 0.7118390625 0.457834375 0.71084375 0.4448609375 0.71945625 0.44477968749999997 0.7210156249999999 0.4354765625 0.739234375 0.43624843750000003 0.7643156249999999 0.4475859375 0.7868984375 0.46349375000000004 0.80193125 0.47573125000000005 0.8073578124999999 0.502859375 0.807415625 0.505021875 0.8059796875 0.5677640625 0.803475 0.584653125 0.799790625 0.584815625 0.796671875
5 0.413446875 0.4030828125 0.4329890625 0.38860625 0.44204687500000006 0.375065625 0.4422921875 0.3703859375 0.44029375000000004 0.36870156249999997 0.4278109375 0.36795625 0.4177359375 0.36109375 0.4180625 0.3548546875 0.4358515625 0.3340140625 0.43201718749999996 0.3275265625 0.41402968749999997 0.31236875 0.39979375 0.3052578125 0.3748265625 0.303765625 0.37568125 0.3272859375 0.368621875 0.3425109375 0.35764687500000003 0.35280625 0.357565625 0.354365625 0.3381875 0.36572343749999997 0.3169734375 0.372278125 0.3186453125 0.38020156250000003 0.32655781250000004 0.3884984375 0.34071250000000003 0.3971671875 0.349034375 0.397665625 0.35960000000000003 0.39516874999999996 0.37624375 0.39616406249999997 0.37840625 0.394728125 0.413446875 0.4030828125
0 0.36903125000000003 0.3347109375 0.3720921875 0.31611875 0.37009375 0.314434375 0.36883125 0.2987125 0.35325 0.277440625 0.33318125 0.26215781250000003 0.302465625 0.2509328125 0.27325625 0.25075 0.23723437500000003 0.26111249999999997 0.22426093749999998 0.269725 0.217528125 0.278709375 0.21695625000000002 0.289628125 0.21479374999999998 0.2910640625 0.2147125 0.29262343749999997 0.2174015625 0.3209484375 0.2309015625 0.3420953125 0.24089531250000001 0.3505171875 0.2571296875 0.3593109375 0.290090625 0.367540625 0.3171359375 0.369159375 0.33826875 0.3641640625 0.34899843750000004 0.358546875 0.3599734375 0.3482515625 0.36903125000000003 0.3347109375
1 0.3986453125 0.6853984375 0.428790625 0.7075421875 0.501934375 0.7056578124999999 0.5343671875 0.684128125 0.545915625 0.6629140625 0.547959375 0.6239203125 0.522384375 0.594228125 0.48575468749999995 0.5763906249999999 0.45030468749999997 0.575834375 0.4206875 0.58345 0.3972296875 0.593 0.3753609375 0.6120328125000001 0.383146875 0.6625671875 0.3986453125 0.6853984375
1 0.30219843750000003 0.7735078125 0.3117828125 0.789728125 0.339846875 0.8117468750000001 0.4360390625 0.8081125 0.4446890625 0.8023718750000001 0.447340625 0.791578125 0.4340859375 0.7657499999999999 0.43870156250000003 0.7175234374999999 0.43070624999999996 0.7107859375000001 0.40814843749999996 0.703178125 0.37396093750000003 0.7183437500000001 0.3414921875 0.70075625 0.307059375 0.7206015625 0.30008124999999997 0.734265625 0.30219843750000003 0.7735078125
1 0.393440625 0.545834375 0.404534375 0.573096875 0.412446875 0.5813921875 0.46719375 0.5721499999999999 0.520959375 0.5816250000000001 0.5478046875 0.54724375 0.548540625 0.53320625 0.5192515625 0.5345828125 0.4926953125 0.5236078125 0.462796875 0.496784375 0.449459375 0.4725171875 0.421678125 0.4849375 0.39515781250000004 0.5130796875 0.393440625 0.545834375
1 0.390725 0.3985953125 0.35743749999999996 0.396603125 0.321415625 0.40696562500000005 0.2968953125 0.43679218750000004 0.3016640625 0.465240625 0.314146875 0.46598750000000005 0.364125 0.428296875 0.4152828125 0.4078875 0.390725 0.3985953125
1 0.7013546875000001 0.20594843749999997 0.680021875 0.17494375 0.65146875 0.1622828125 0.6223421874999999 0.160540625 0.57975 0.17676875 0.5568203125 0.21607812499999998 0.5735 0.2561921875 0.669365625 0.258796875 0.6907421874999999 0.2491234375 0.7013546875000001 0.20594843749999997
1 0.540209375 0.6125046875 0.5643578125000001 0.6295953125 0.650184375 0.6644578125 0.6729875 0.6673859375 0.6899578125 0.6621421875 0.701178125 0.6471671875 0.6820906250000001 0.61316875 0.6823 0.5693703125 0.654728125 0.5379937499999999 0.61976875 0.5280781250000001 0.5946390625 0.5297046875 0.556371875 0.5430625 0.5410734374999999 0.5562296875 0.530625 0.596284375 0.540209375 0.6125046875
1 0.6825812499999999 0.603809375 0.6935109374999999 0.6341921875 0.7155781250000001 0.6511578124999999 0.754371875 0.6675609375 0.7939828125 0.6683656250000001 0.8345750000000001 0.6504531250000001 0.8443687499999999 0.622875 0.869053125 0.5899296875 0.8683624999999999 0.5632890625 0.8445421874999999 0.539959375 0.809990625 0.5222453125000001 0.7580609375 0.517575 0.7221203125 0.526378125 0.6991890625 0.5656875 0.6842171875 0.5726140625 0.6825812499999999 0.603809375
1 0.9907203125 0.4188375 0.980690625 0.3712984375 0.956425 0.3166484375 0.9176328125 0.30024687499999997 0.878103125 0.29788125 0.8161343750000001 0.32546875000000003 0.8065859375000001 0.3483671875 0.822775 0.3978390625 0.8386828124999999 0.412871875 0.9228828124999999 0.3991328125 0.9907203125 0.4188375
1 0.887734375 0.27342343750000003 0.918859375 0.27685 0.9337500000000001 0.2714828125 0.9423984375 0.265740625 0.940971875 0.25313906249999996 0.9084296875 0.1573140625 0.850503125 0.147590625 0.8144 0.1595125 0.79020625 0.18309999999999998 0.8334875 0.19351093749999998 0.8678734374999999 0.21434375 0.8833734375000001 0.23717656250000002 0.887734375 0.27342343750000003
0 0.8481828124999999 0.7889546875 0.9571859375 0.779828125 0.9858671875 0.7502515625 0.9841140625 0.7438875 0.9301031249999999 0.7390921875 0.8914734375 0.7195703124999999 0.8594125 0.6941843750000001 0.840734375 0.6523859375 0.7726875 0.6764796875 0.7854875 0.7507828125 0.8192203125 0.78409375 0.8481828124999999 0.7889546875
0 0.6528921875 0.5331890625 0.6845546875 0.4865796875 0.6817828125000001 0.4598140625 0.6925578125 0.41352031250000004 0.6580890625 0.394246875 0.6412828125 0.3963703125 0.6086843749999999 0.42102031249999994 0.586571875 0.44473124999999997 0.5791859374999999 0.4661953125 0.5896234375 0.5059359375 0.6363296875 0.530634375 0.6528921875 0.5331890625
0 0.575678125 0.4534671875 0.6198234375 0.4076046875 0.656009375 0.394121875 0.6127281250000001 0.38371093749999996 0.5638140625 0.40112500000000006 0.5457796874999999 0.4266453125 0.575678125 0.4534671875
3 0.7686078125 0.6746703125 0.7053390625 0.647415625 0.6832265625 0.671128125 0.7154874999999999 0.7325140625000001 0.7206203125 0.7938421875 0.7605578125 0.7884078125 0.779 0.7550890625 0.7783109375 0.7284484375 0.7686078125 0.6746703125
