2 0.5193218749999999 0.764521875 0.5433046874999999 0.7512671875 0.5529828125 0.73438125 0.5239078125 0.70674375 0.5175468750000001 0.7080875 0.5174234375 0.7096484375000001 0.48878750000000004 0.7290046875 0.47581875 0.7348140625 0.458940625 0.7373546875 0.44230937499999995 0.7367734375 0.43802812500000005 0.7381890624999999 0.43765625 0.742875 0.45695781249999995 0.762340625 0.481159375 0.77258125 0.4936328125 0.7730187500000001 0.5193218749999999 0.764521875
2 0.5202453125 0.700353125 0.516584375 0.6939609375 0.513665625 0.6782 0.51465625 0.6657078125 0.521884375 0.6534328125 0.5227515625 0.642503125 0.5051578125 0.62779375 0.48694375 0.62089375 0.4640765625 0.62009375 0.46212187499999996 0.618459375 0.44096250000000003 0.6224171875 0.4180671875 0.6482359375 0.41781875 0.651359375 0.39235000000000003 0.6833515625000001 0.392225 0.6849140625000001 0.387571875 0.6910140625000001 0.386953125 0.6988218749999999 0.394153125 0.7131671875000001 0.41174687499999996 0.7278749999999999 0.43191562499999997 0.736409375 0.4759421875 0.7332515625 0.4911140625 0.725953125 0.5109390625 0.7125546875000001 0.5199984375 0.703475 0.5202453125 0.700353125
2 0.34645156250000003 0.6050187499999999 0.33068749999999997 0.59350625 0.3215328125 0.5775265625 0.3137140625 0.5709906250000001 0.30760156250000004 0.5692109375000001 0.286565625 0.57160625 0.282159375 0.5745843749999999 0.247134375 0.6219015625 0.24701093749999997 0.6234625 0.2441890625 0.632759375 0.2573765625 0.6504453125 0.27742187500000004 0.6605421875 0.30224375000000003 0.6629765625 0.3234046875 0.65901875 0.3475109375 0.644203125 0.36122343749999997 0.6290234375 0.36429374999999997 0.6166031249999999 0.3625859375 0.611846875 0.34645156250000003 0.6050187499999999
2 0.67035 0.6476640625 0.6813640624999999 0.6402203125 0.69765 0.6188671875 0.7003765625 0.5845140625 0.698421875 0.5828796875 0.6995375 0.568825 0.6906296875 0.5497234375 0.679271875 0.5352328125 0.659475 0.5220140625 0.6287890625 0.5146765624999999 0.60384375 0.5138046875 0.5719171875 0.5220828125 0.5587 0.531015625 0.55184375 0.5386062500000001 0.5373875 0.5631546875 0.5372640625 0.564715625 0.535653125 0.585015625 0.5385718749999999 0.6007765625 0.5506453125 0.6325171875 0.55443125 0.637346875 0.572271875 0.6489328125 0.5843734375 0.654053125 0.6068687500000001 0.6595375 0.6297359375 0.6603375 0.6488171875 0.65630625 0.67035 0.6476640625
3 0.542678125 0.41771250000000004 0.5479499999999999 0.40380312500000004 0.5642375000000001 0.3824515625 0.5774546875000001 0.37351718749999996 0.5860171875 0.3706859375 0.5882484375 0.342578125 0.5737234375 0.31545 0.5698140625 0.31218124999999997 0.5700624999999999 0.3090578125 0.5623671875 0.30095937500000003 0.557121875 0.2882484375 0.5532125 0.28498125 0.5529640625 0.288103125 0.5486828125 0.2895203125 0.5457359375 0.300378125 0.5410828125 0.306478125 0.5212578125 0.319878125 0.5052187499999999 0.3381078125 0.5026437500000001 0.34428125 0.5025203125 0.34584375 0.4984578125 0.37075468749999996 0.5004125 0.37238906250000003 0.49929843749999997 0.38644375000000003 0.5073375 0.41647656250000004 0.518446875 0.4340890625 0.5337140625 0.4518484375 0.5532640625 0.46819062499999997 0.54435625 0.44908906249999997 0.5414375 0.43332812499999995 0.542678125 0.41771250000000004
3 0.323984375 0.572915625 0.3276734375 0.5526875 0.32571875 0.5510531249999999 0.3265859375 0.5401234374999999 0.3406703125 0.520259375 0.351684375 0.5128140625000001 0.35205625 0.5081296875 0.3246875 0.48525 0.317859375 0.46622031249999996 0.321921875 0.441309375 0.3309796875 0.4322296875 0.33113281250000004 0.40404999999999996 0.333334375 0.4025609375 0.3339546875 0.394753125 0.348534375 0.36864375 0.359671875 0.3596375 0.36004375 0.354953125 0.35002187500000004 0.3499046875 0.34623593750000003 0.345075 0.3484390625 0.3435859375 0.3498015625 0.326409375 0.346140625 0.3200171875 0.3422296875 0.3167484375 0.3318359375 0.316384375 0.316540625 0.3252453125 0.3067375 0.34369375 0.30611875 0.35150156250000003 0.30109375 0.3622859375 0.294484375 0.366753125 0.27515625 0.37390625 0.261690625 0.3859625 0.26156718749999996 0.38752343749999996 0.254215625 0.401359375 0.2521078125 0.42790625000000004 0.25928125 0.4688703125 0.26989375 0.49272968749999996 0.2712296875 0.5021718749999999 0.2950328125 0.5437171875 0.3103 0.561475 0.3100515625 0.5645984375 0.31970312500000003 0.57433125 0.323984375 0.572915625
4 0.0 0.9217375000000001 0.0023640625 0.9218203125000001 0.0109265625 0.9189875000000001 0.02414375 0.9100546875 0.028796875 0.9039531249999999 0.02929375 0.8977078125 0.0203859375 0.8786046875 0.012567187499999998 0.8720687500000001 0.000340625 0.868509375 0.0 0.8685609375000001 0.0 0.9217375000000001
4 0.55944375 0.521646875 0.5640968749999999 0.5155453125 0.5679109375 0.4937578125 0.5607109375 0.4794125 0.53321875 0.45809375 0.49995781250000004 0.45693124999999996 0.489315625 0.459690625 0.47256093750000006 0.4606703125 0.442465625 0.4721453125 0.42472031250000003 0.48561718750000005 0.4245953125 0.48717812499999996 0.4221453125 0.491790625 0.4200375 0.5183375 0.4235765625 0.526290625 0.45119218749999995 0.546046875 0.47148593749999995 0.5530203124999999 0.48395781250000003 0.55345625 0.507196875 0.549571875 0.5478109375 0.5368984375 0.559071875 0.5263312499999999 0.55944375 0.521646875
5 0.5404578124999999 0.550734375 0.5475625 0.540021875 0.5178390625 0.5468124999999999 0.51110625 0.5528390625 0.5109828125 0.5544015625000001 0.5096203125 0.571578125 0.5160765625 0.5952921875 0.5292640625 0.6129781249999999 0.5412421875 0.6196609375000001 0.5363687500000001 0.602265625 0.5371125 0.592896875 0.533575 0.58494375 0.5354328125000001 0.5615203125 0.5399625 0.55698125 0.5404578124999999 0.550734375
5 0.4122828125 0.799925 0.42121718750000003 0.7924078125 0.43567343750000004 0.767859375 0.4371609375 0.7491203125 0.42971250000000005 0.7378984375 0.40954375 0.7293640625 0.3842546875 0.7065578125 0.36566875 0.704340625 0.363465625 0.7058296875 0.3363171875 0.7064468749999999 0.3190671875 0.713671875 0.296790625 0.731684375 0.2921375 0.737784375 0.2840421875 0.760990625 0.28599687500000004 0.762625 0.285253125 0.77199375 0.2923296875 0.7878999999999999 0.30185625 0.7991937499999999 0.3117546875 0.8058046875 0.33608125 0.8144843749999999 0.3506328125 0.81499375 0.3525875 0.816628125 0.354790625 0.8151390624999999 0.3693421875 0.815646875 0.4122828125 0.799925
5 0.5900796875000001 0.3457734375 0.58834375 0.3676359375 0.5904234374999999 0.3677078125 0.60314375 0.365021875 0.6032671875 0.36345937500000003 0.5960671875 0.3491140625 0.5900796875000001 0.3457734375
5 0.27085781249999996 0.50685625 0.26254218749999997 0.506565625 0.2539796875 0.509396875 0.2493265625 0.5154984375 0.24858281249999997 0.5248671875 0.2463796875 0.52635625 0.24625625 0.5279171875 0.24563593749999998 0.535725 0.24905 0.545240625 0.26835156250000003 0.56470625 0.2783734375 0.5697546874999999 0.290846875 0.5701906250000001 0.30772499999999997 0.5676484375 0.3079734375 0.5645265625 0.296615625 0.5500359375 0.2747671875 0.510125 0.27085781249999996 0.50685625
1 0.23320781249999997 0.37713593749999996 0.21778749999999997 0.3875578125 0.20590625 0.405934375 0.2057828125 0.40749531250000004 0.20761406249999997 0.410690625 0.211771875 0.4108359375 0.22241249999999999 0.40807656249999996 0.24943749999999998 0.409021875 0.257409375 0.387378125 0.27099843749999997 0.3737609375 0.26280625 0.3719078125 0.260603125 0.37339687499999996 0.24605156250000002 0.3728890625 0.23320781249999997 0.37713593749999996
1 0.78111875 0.6703296875 0.781490625 0.6656453124999999 0.77758125 0.6623765625 0.76135 0.630490625 0.757440625 0.627221875 0.7208218750000001 0.56330625 0.7167875 0.5616 0.7101796874999999 0.566065625 0.7055265625 0.5721671875000001 0.7046578125 0.5830968750000001 0.70245625 0.5845859375 0.7023312500000001 0.5861484375 0.70450625 0.611278125 0.7114578125000001 0.6287453125 0.709971875 0.647484375 0.70764375 0.650534375 0.7096 0.65216875 0.7089796875000001 0.6599765625 0.716428125 0.6711984375 0.7323140625 0.6811499999999999 0.7468671875 0.6816578125 0.78111875 0.6703296875
1 0.450178125 0.348709375 0.494328125 0.343990625 0.5146499999999999 0.3243453125 0.5220015625000001 0.310509375 0.5350937499999999 0.3031375 0.535465625 0.298453125 0.54011875 0.2923515625 0.543809375 0.272125 0.5349015625 0.253021875 0.5270828125 0.2464859375 0.5110718750000001 0.238096875 0.480509375 0.22919843750000002 0.4388078125 0.2293046875 0.43061718750000005 0.22745312499999998 0.422178125 0.22872343750000002 0.38780000000000003 0.2416140625 0.3766625 0.2506203125 0.3765390625 0.25218124999999997 0.37213281249999997 0.25515937499999997 0.3672328125 0.2643828125 0.3653734375 0.28780625 0.367328125 0.289440625 0.3677953125 0.3098140625 0.37695 0.3257921875 0.39258906250000003 0.338865625 0.404690625 0.3439875 0.42523125000000006 0.3478375 0.450178125 0.348709375
1 0.4203140625 0.48859531250000005 0.43170000000000003 0.476465625 0.3579765625 0.4597953125 0.340259375 0.44664843750000005 0.334765625 0.43706093749999997 0.33073281250000003 0.43535312499999995 0.32620312500000004 0.43989218750000003 0.3260796875 0.4414546875 0.32142499999999996 0.4475546875 0.3200625 0.4647328125 0.3231046875 0.47893125000000003 0.3267671875 0.48532343750000007 0.3562140625 0.508275 0.36452968750000003 0.508565625 0.3858140625 0.503046875 0.40036562499999995 0.50355625 0.41932187499999996 0.5010875 0.4203140625 0.48859531250000005
1 0.68034375 0.6793312499999999 0.677425 0.6635703125 0.67205625 0.652421875 0.6658203125 0.652203125 0.6294890625 0.6634609375 0.6149359375000001 0.6629515625 0.61298125 0.6613171875 0.5923171875000001 0.6590281250000001 0.5700703125000001 0.6504203125 0.5464875 0.632371875 0.528865625 0.6442828125 0.528740625 0.6458437499999999 0.5191859375 0.6611687500000001 0.5173265625 0.6845921875000001 0.5206171875 0.6956671875 0.527940625 0.7084515625 0.5473656250000001 0.7263546875 0.5716921875 0.7350359375 0.5967625 0.7343468750000001 0.6697984375 0.7071484375 0.67885625 0.6980703125 0.68034375 0.6793312499999999
1 0.6710140625000001 0.4817046875 0.604975 0.3682171875 0.596659375 0.3679265625 0.5880953124999999 0.3707578125 0.56851875 0.381034375 0.5499046875 0.4054375 0.54978125 0.40700000000000003 0.5446328125 0.419346875 0.5449765625 0.44128125 0.5499734375 0.4571140625 0.557296875 0.46989843750000004 0.567071875 0.47806875 0.5911500000000001 0.48987187499999996 0.62000625 0.4940125 0.622209375 0.492525 0.6452 0.4917625 0.6710140625000001 0.4817046875
1 0.26257031249999996 0.47994531250000005 0.25537031250000003 0.4656015625 0.255990625 0.45779375 0.24965781250000002 0.43251718749999996 0.24931406250000002 0.41058281250000006 0.2348859375 0.40851249999999995 0.2326828125 0.4100015625 0.2202109375 0.40956562500000004 0.211646875 0.4123984375 0.20333125000000002 0.41210781250000006 0.184003125 0.4192609375 0.16625625 0.4327328125 0.1557109375 0.46055 0.1555859375 0.4621109375 0.15692187500000002 0.47155312499999996 0.166325 0.484409375 0.180009375 0.4958484375 0.194065625 0.5026046875 0.21448125 0.508015625 0.239303125 0.51045 0.24150624999999998 0.5089609375 0.2519 0.509325 0.2691515625 0.5020984375 0.26257031249999996 0.47994531250000005
1 0.45687812499999997 0.6057484375 0.472915625 0.58751875 0.478065625 0.575171875 0.479428125 0.5579953125 0.4530234375 0.5492421875 0.43322656249999997 0.5360234375 0.4195421875 0.5245828125 0.4166234375 0.508821875 0.40855625 0.5054078125 0.37932968749999996 0.5059515625000001 0.355965625 0.5113984375 0.34495156250000003 0.5188421875 0.32854218749999997 0.5417562499999999 0.32841718750000004 0.54331875 0.3283890625 0.5699375 0.32618749999999996 0.5714265625 0.3255671875 0.579234375 0.332890625 0.5920171875 0.3486546875 0.6035296875 0.3688234375 0.6120640625 0.3996328125 0.617840625 0.4225 0.6186390625 0.4373 0.6160249999999999 0.45687812499999997 0.6057484375
0 0.50926875 0.20828125000000003 0.4450609375 0.0979890625 0.43553437500000003 0.0866953125 0.43150000000000005 0.0849890625 0.42098281249999997 0.0861859375 0.3928421875 0.0992953125 0.377175 0.112840625 0.360640625 0.137315625 0.360515625 0.13887812500000002 0.35769375000000003 0.1481734375 0.35964843750000003 0.1498078125 0.35840937500000003 0.1654234375 0.361575 0.17806093750000002 0.374515625 0.1988703125 0.39614375 0.21528593749999997 0.4287859375 0.22425625 0.4704859375 0.22415 0.5066937499999999 0.21445468750000002 0.50926875 0.20828125000000003
0 0.42787031249999996 0.6297890625 0.4199265625 0.6248125 0.4072046875 0.6275000000000001 0.393025 0.6223062500000001 0.3805515625 0.6218703125 0.360975 0.632146875 0.3473875 0.6457640625 0.32303281250000004 0.663703125 0.3229078125 0.6652640625 0.32154531249999996 0.6824421875 0.3344859375 0.7032499999999999 0.3426765625 0.705103125 0.361634375 0.7026343749999999 0.3824234375 0.7033609375000001 0.38487343749999997 0.69875 0.3831671875 0.6939921874999999 0.3880671875 0.68476875 0.4273734375 0.636034375 0.42787031249999996 0.6297890625
0 0.4556828125 0.4632125 0.47709062500000005 0.45613125 0.483821875 0.45010312499999994 0.48419375000000003 0.44541875 0.49741093750000004 0.4364859375 0.5020640625 0.43038437500000004 0.5006046875 0.42250468750000003 0.5031796875000001 0.41633125 0.4953875 0.383175 0.4960078125 0.37536718750000003 0.4923453125 0.368975 0.480615625 0.3591703125 0.46839062499999995 0.3556109375 0.4434453125 0.35473750000000004 0.41055624999999996 0.348890625 0.3980828125 0.348453125 0.3682359375 0.3568046875 0.35269218750000003 0.3687890625 0.340934375 0.3856015625 0.33578593749999996 0.39794843750000003 0.33566093750000003 0.3995109375 0.33330625 0.4291796875 0.3385515625 0.441890625 0.3521125 0.45489218749999993 0.362134375 0.45994062500000005 0.37045 0.46023125 0.40101250000000005 0.4691296875 0.42167656249999996 0.4714171875 0.4236328125 0.47305156249999997 0.4340265625 0.473415625 0.4556828125 0.4632125
0 0.30748125000000004 0.33432343750000004 0.3145859375 0.3236109375 0.331959375 0.31482343749999997 0.3444328125 0.315259375 0.350296875 0.3201625 0.3535875 0.3312390625 0.3523484375 0.3468546875 0.35833750000000003 0.3501953125 0.3645734375 0.35041406249999996 0.38818437499999997 0.34184375 0.3884328125 0.3387203125 0.376703125 0.328915625 0.36559375 0.3113015625 0.3639140625 0.2799265625 0.36195937499999997 0.2782921875 0.3681 0.2534515625 0.3542921875 0.2435734375 0.33595312499999996 0.238234375 0.29633125 0.23841562500000002 0.28776875 0.241246875 0.254603125 0.2651421875 0.2544796875 0.266703125 0.24982656250000002 0.272803125 0.248215625 0.29310468749999996 0.2501703125 0.2947375 0.251009375 0.3104265625 0.26004062499999997 0.3279671875 0.28337500000000004 0.34913906250000004 0.288496875 0.3634109375 0.2947328125 0.3636296875 0.2991375 0.3606515625 0.30748125000000004 0.33432343750000004
