2 0.48743125000000004 0.8679328125 0.5044562499999999 0.8711203125000001 0.5058812500000001 0.8733015625 0.5199203125 0.8742093750000001 0.521615625 0.8722296875 0.530975 0.872834375 0.5455515625 0.865421875 0.5554484375000001 0.8577078124999999 0.5690031249999999 0.8418749999999999 0.579840625 0.8196 0.5828796875 0.796821875 0.5845734375 0.7948421875 0.5843578125 0.77394375 0.5754546875 0.7420390625 0.5567875 0.71576875 0.5326359375 0.7016765625 0.531075 0.7015765625 0.50313125 0.6976828125 0.4823140625 0.7046921875 0.4708578125 0.7123046875 0.4606921875 0.7241796875000001 0.4516828125 0.7423953125 0.44369531249999994 0.76903125 0.4420828125 0.793990625 0.4507171875 0.8300546875 0.4665328125 0.8519625 0.48743125000000004 0.8679328125
2 0.5616703125 0.3735546875 0.5733953125 0.36178125 0.5822703125 0.345646875 0.6095140625 0.3119 0.61099375 0.289021875 0.60623125 0.2657390625 0.5991046875 0.2548359375 0.5765109374999999 0.24084374999999997 0.5749515625 0.24074374999999998 0.5532468749999999 0.237253125 0.53555 0.2444640625 0.5204359375000001 0.2601953125 0.5076343750000001 0.288609375 0.505753125 0.31772812500000003 0.5120734375 0.3411109375 0.522053125 0.356375 0.532434375 0.3654 0.5507500000000001 0.37285 0.5616703125 0.3735546875
3 0.64521875 0.7047749999999999 0.6251562500000001 0.7243640625000001 0.604421875 0.754353125 0.5901953125 0.7805859374999999 0.58626875 0.7928640625 0.5850593749999999 0.8115828125 0.568465625 0.8501937500000001 0.5647031250000001 0.9084312499999999 0.5681734374999999 0.9274531250000001 0.5686578124999999 0.9441937499999999 0.5763234374999999 0.9467765625 0.6053421875 0.9340328124999999 0.620053125 0.9245390625000001 0.6187625 0.9202796875000001 0.6069546875 0.9090734375 0.5969765625 0.8938078125000001 0.5876703125 0.86814375 0.584334375 0.8470421874999999 0.58661875 0.8116843749999999 0.5937984375 0.797528125 0.594203125 0.7912874999999999 0.604771875 0.7731734375 0.6217140624999999 0.7533828125 0.6379859375 0.743990625 0.649175 0.7405359375 0.669453125 0.741846875 0.692315625 0.751678125 0.710228125 0.7653671875 0.7266328125 0.753896875 0.7410765625 0.7485640625000001 0.755384375 0.7453109375 0.7678640624999999 0.7461171875 0.7695578125 0.7441375 0.8007562500000001 0.7461546875 0.807265625 0.7423968750000001 0.8150656250000001 0.7429015625 0.8310671875000001 0.7376703124999999 0.845778125 0.728178125 0.8585265625 0.7248234375 0.9083109374999999 0.7301296875000001 0.9244468749999999 0.7228171875 0.9337249999999999 0.7004421875 0.934396875 0.69004375 0.9187984374999999 0.6890359375 0.91385 0.6928921875 0.898115625 0.6939640625 0.896421875 0.69594375 0.8871968750000001 0.693259375 0.8855015625 0.6952375 0.8667828125 0.694028125 0.847175 0.6823187500000001 0.8302859375 0.67705 0.8169171875 0.6657437500000001 0.8055140625 0.648296875 0.8039531249999999 0.648196875 0.801103125 0.6438359375 0.7917421874999999 0.64323125 0.7903171875 0.64105 0.7544390625 0.63873125 0.7527453125 0.6407109375 0.7402656249999999 0.6399046875 0.7099546875 0.6483890625 0.6904281250000001 0.6596578125 0.670634375 0.6750875 0.64521875 0.7047749999999999
3 0.867996875 0.7964484374999999 0.875528125 0.8011125 0.8817671875 0.8015156250000001 0.9187218749999999 0.7871937499999999 0.9545187500000001 0.7665328125 0.9448078125 0.7471078125 0.9288578125000001 0.7272796875 0.9272984375 0.7271796875 0.9243124999999999 0.7248984375 0.90505625 0.7320078125 0.850459375 0.7284796874999999 0.827678125 0.741628125 0.7959421875 0.7479312499999999 0.8017796875000001 0.754575 0.817109375 0.7597421875 0.8364484375 0.7756125 0.8651453124999999 0.7920874999999999 0.867996875 0.7964484374999999
3 0.610940625 0.31408125 0.585525 0.34376875 0.56465625 0.3758375 0.5626921874999999 0.3819765625 0.5703578125 0.384559375 0.5720515625 0.38258125 0.609759375 0.380840625 0.617290625 0.385503125 0.6348 0.40543281249999996 0.646525 0.39365937500000003 0.6612375 0.384165625 0.6747921875 0.3683328125 0.6974375 0.35726562500000003 0.7101859375 0.35391249999999996 0.7195453125 0.3545171875 0.7347406249999999 0.3617640625 0.7465484375 0.3729703125 0.7603187499999999 0.37803749999999997 0.7871890625 0.3985703125 0.8013625 0.39739843750000003 0.819275 0.4110875 0.8291187499999999 0.42843125000000004 0.8430249999999999 0.43141875 0.8638406249999999 0.42440937500000003 0.8660734375000001 0.4141109375 0.8649156250000001 0.4077703125 0.8535125000000001 0.390325 0.829896875 0.3679125 0.8241953125 0.359190625 0.8270984374999999 0.3384921875 0.8259421874999999 0.3321515625 0.8106640625000001 0.3019234375 0.7919984375 0.2756546875 0.7711 0.259684375 0.7695390625 0.25958281250000004 0.76499375 0.25720156250000004 0.7322359374999999 0.255084375 0.7305421875 0.2570625 0.7227421875 0.25655937500000003 0.6876171875 0.266821875 0.6601578124999999 0.27966718749999997 0.63229375 0.298753125 0.6272109375 0.3046890625 0.6240921875 0.3044875 0.610940625 0.31408125
3 0.8380750000000001 0.4352765625 0.8274250000000001 0.43041093750000003 0.8207000000000001 0.41326718749999997 0.8056390625000001 0.403940625 0.8027875 0.399578125 0.7870546875 0.40065 0.7719921875 0.3913234375 0.7631703125 0.3823984375 0.752384375 0.3796125 0.75225 0.38169375 0.7519812499999999 0.385853125 0.7640046875000001 0.417959375 0.7630640625 0.43251875 0.7913593750000001 0.4552328125 0.808465625 0.4814015625 0.817690625 0.4840859375 0.8305734375 0.47865156249999996 0.8406046875 0.4688578125 0.8429718749999999 0.456478125 0.8380750000000001 0.4352765625
4 0.62569375 0.7160453125 0.6354562500000001 0.710409375 0.6454890625 0.700615625 0.660871875 0.6807234375 0.6670296875 0.658146875 0.6685078125 0.6352671875 0.665171875 0.6141656249999999 0.6610296875 0.60554375 0.6561343749999999 0.5843421875 0.637871875 0.5518328125 0.630340625 0.54716875 0.6287812500000001 0.54706875 0.5990078125 0.5472328125 0.5838921874999999 0.562965625 0.5716296875 0.5830578125 0.5678375 0.59325625 0.565553125 0.628615625 0.5687546875 0.6517968749999999 0.5763671875 0.679440625 0.5862109375 0.696784375 0.6026984375 0.7082937499999999 0.62569375 0.7160453125
4 0.5165234375 0.6358890625 0.5287859375 0.615796875 0.516090625 0.594090625 0.5028046875000001 0.6057625 0.48341406249999996 0.614953125 0.461575 0.6135421875 0.446378125 0.6062937500000001 0.43898281250000004 0.59955 0.43728749999999994 0.6015296875 0.4323390625 0.6053875 0.428546875 0.615584375 0.425375 0.6404421874999999 0.4316140625 0.6408453125 0.44151093750000003 0.63313125 0.45751406250000004 0.6279 0.47609843749999997 0.6311890625000001 0.4911609375 0.6405171875 0.5082671875 0.666684375 0.5165234375 0.6358890625
5 0.7330125 0.8733578124999999 0.7460296875 0.8658453125 0.7668453125 0.8588359375 0.786371875 0.847565625 0.79430625 0.845990625 0.79769375 0.84203125 0.831528125 0.827509375 0.8429859375 0.8198953124999999 0.8433890625 0.8136546875 0.8355078125000001 0.790171875 0.8242375 0.7706453125 0.8138546874999999 0.7616203125000001 0.789434375 0.7516890625 0.7878734374999999 0.7515875000000001 0.7661687500000001 0.748096875 0.764475 0.750075 0.75355625 0.7493703125 0.727925 0.7581562500000001 0.7147734375 0.76775 0.7156609375 0.77825 0.7240796875 0.7934140625 0.7304015625 0.816796875 0.7283328124999999 0.87305625 0.7330125 0.8733578124999999
5 0.5358906250000001 0.6997984374999999 0.5418609375 0.7043625 0.546540625 0.7046640625 0.5599078125 0.7159703125 0.5757234375 0.7378796875 0.587746875 0.769984375 0.59595 0.7642484375 0.625425 0.7202046875 0.6194546875 0.7156421875000001 0.5964578125 0.707890625 0.5890625 0.701146875 0.5875015625 0.7010453125 0.57338125 0.6771578125 0.56488125 0.6390140625 0.5641796875 0.601375 0.5595 0.6010718749999999 0.5336000000000001 0.61401875 0.5199109375 0.6319312499999999 0.511925 0.6585671875 0.5131625 0.6878875 0.518865625 0.6966109375 0.5358906250000001 0.6997984374999999
5 0.6175828125 0.3082453125 0.6358171875 0.2927140625 0.6861906249999999 0.264640625 0.6780406250000001 0.24531718749999998 0.6713703125 0.2031140625 0.669809375 0.20301249999999998 0.662009375 0.202509375 0.65238125 0.2060640625 0.640925 0.213678125 0.623846875 0.2355484375 0.6184953125 0.2456453125 0.6109109375 0.26604218749999997 0.6102390625 0.276440625 0.6126875 0.2870421875 0.612903125 0.3079421875 0.6175828125 0.3082453125
5 0.3691015625 0.44465625 0.37908125 0.4599203125 0.387903125 0.46884531249999994 0.39699375 0.473609375 0.423378125 0.47740312500000004 0.4430390625 0.46405312500000007 0.4533390625 0.4500984375 0.46105625000000006 0.4276234375 0.4634765625 0.39018437499999997 0.46143124999999996 0.37334375 0.45626718750000006 0.3563015625 0.4404515625 0.33439375 0.42993437500000004 0.3274484375 0.42837500000000006 0.32734687500000004 0.409790625 0.3240578125 0.40185624999999997 0.32563437500000003 0.390534375 0.33116875 0.37894218749999997 0.34086249999999996 0.3720296875 0.35085781250000003 0.36458124999999997 0.369175 0.3611390625 0.39819218749999996 0.362565625 0.4003734375 0.3625125 0.4254328125 0.3691015625 0.44465625
1 0.79693125 0.5871734375 0.796878125 0.6122328125000001 0.80293125 0.6397765625 0.8171859375 0.6615828125000001 0.8260078125 0.6705078125 0.84744375 0.678159375 0.8654921874999999 0.68976875 0.9013703124999999 0.6920859375 0.9173718750000001 0.6868546875 0.9289640625000001 0.6771609375 0.9385109375 0.6506265625000001 0.9397203125000001 0.63190625 0.94155 0.627846875 0.9402578125 0.6235875 0.9419531250000001 0.6216078125 0.9406609375 0.617346875 0.9423562499999999 0.61536875 0.945259375 0.5946703125 0.962121875 0.5518984375 0.957225 0.5306968750000001 0.945821875 0.5132515625 0.9340140625 0.5020453125000001 0.92024375 0.49697812499999994 0.9158328125 0.49251562499999996 0.9142718750000001 0.492415625 0.8989421875 0.487246875 0.8785281250000001 0.4880171875 0.8694375000000001 0.4832515625 0.8553984375000001 0.4823453125 0.834446875 0.491434375 0.8176375 0.5091453125000001 0.804971875 0.535478125 0.8010453125 0.5477562500000001 0.7955062500000001 0.58499375 0.79693125 0.5871734375
1 0.836934375 0.11355937499999999 0.8104156250000001 0.1118453125 0.792584375 0.1211359375 0.7870984375 0.1333140625 0.7986359375000001 0.1486796875 0.8044203124999999 0.18038125 0.8025390625 0.20950000000000002 0.7865640625 0.262771875 0.796678125 0.27595625 0.8185171875 0.27736875 0.858375 0.2423484375 0.8732734375 0.20571718749999998 0.8735953125 0.176496875 0.8619749999999999 0.1381515625 0.836934375 0.11355937499999999
1 0.6777968750000001 0.1763765625 0.67701875 0.2368953125 0.6894453125 0.2627625 0.721315625 0.254378125 0.7788999999999999 0.2601875 0.7948203125 0.2319765625 0.8017031250000001 0.17394062500000002 0.7983671875 0.15283906249999998 0.769453125 0.1154640625 0.7387921875 0.1051296875 0.71485625 0.1119359375 0.6945234375 0.1356859375 0.6777968750000001 0.1763765625
1 0.6987046875 0.43462500000000004 0.7212156249999999 0.42563593749999995 0.7615046875 0.4324171875 0.75055625 0.383671875 0.7223953125 0.358878125 0.682725 0.3667578125 0.6377859375 0.40771406250000003 0.6523375 0.4734015625 0.6608906250000001 0.4864859375 0.6987046875 0.43462500000000004
1 0.5702234374999999 0.3866390625 0.5523921875 0.39593124999999996 0.528484375 0.450778125 0.52681875 0.500796875 0.5448125 0.5374656250000001 0.5642859375 0.5512546875 0.5844296875 0.5546453125 0.611890625 0.5418000000000001 0.6353421875 0.5182515624999999 0.6444859375 0.49795625 0.6479265625 0.46893906249999995 0.642278125 0.43515625 0.6329703125 0.4094921875 0.61105 0.3851 0.5702234374999999 0.3866390625
1 0.6080265625 0.7712953125 0.5900078125 0.8077249999999999 0.5890953125 0.870325 0.6173375 0.9180984375 0.6587015625 0.9082390625000001 0.7120609375 0.882446875 0.72548125 0.86869375 0.7294609375000001 0.83135625 0.7238109374999999 0.7975749999999999 0.7069734375000001 0.7672453124999999 0.6799703125 0.7487921875 0.64890625 0.744696875 0.624834375 0.753584375 0.6080265625 0.7712953125
1 0.4022734375 0.6828109375 0.39883125 0.711828125 0.406040625 0.7457125 0.4350890625 0.78100625 0.4415984375 0.77725 0.4556078125 0.7301171875 0.4726859375 0.708246875 0.512759375 0.6941265624999999 0.5079984375000001 0.6708453125 0.493878125 0.6469578125 0.4667390625 0.630584375 0.42666562499999994 0.644703125 0.4022734375 0.6828109375
1 0.46111250000000004 1.0 0.565134375 0.9502312500000001 0.5614484375 0.910309375 0.5446109375 0.8799812499999999 0.49184218749999997 0.8723953124999999 0.4590015625 0.8472984374999999 0.44611875 0.85273125 0.43724375000000004 0.8688671875 0.4388609375 0.965046875 0.452228125 1.0 0.46111250000000004 1.0
0 0.8954906250000001 0.2739875 0.8608515625000001 0.3009890625 0.8317781249999999 0.33879375 0.828740625 0.361571875 0.8664765624999999 0.407871875 0.8687890625 0.42055312499999997 0.8582203125 0.4386671875 0.8804093749999999 0.4588984375 0.905234375 0.462590625 0.9406281249999999 0.44816874999999995 0.9655046875 0.4268015625 0.98925 0.3924609375 0.9912078125000001 0.326346875 0.9734875000000001 0.279028125 0.9586953125000001 0.265540625 0.9274968749999999 0.2635234375 0.8954906250000001 0.2739875
0 0.52116875 0.4670140625 0.5388375 0.41176406249999997 0.558146875 0.37959375 0.52334375 0.3606359375 0.50508125 0.3281265625 0.47775468749999994 0.3388921875 0.46393125 0.35888593750000003 0.4629671875 0.44654375 0.5019125 0.4741234375 0.52116875 0.4670140625
0 0.6985703125 0.43670468749999997 0.6834546875 0.4524375 0.6693625 0.4765890625 0.658740625 0.5197640625 0.658284375 0.5510625 0.673025 0.5896109375 0.705596875 0.6188671875 0.750565625 0.62595 0.7910421875 0.6055906249999999 0.79765625 0.5517140625 0.8125546874999999 0.5150828125 0.8137640625 0.4963640625 0.7939421875 0.46375312500000004 0.7598109375 0.434396875 0.722640625 0.4278171875 0.6985703125 0.43670468749999997
2 0.44771875000000005 0.46435624999999997 0.42466875000000004 0.4816640625 0.413965625 0.5018578125000001 0.41386093749999997 0.551978125 0.44196718749999997 0.60183125 0.46625468750000004 0.61384375 0.48666875000000004 0.613075 0.5029390625 0.6036828125 0.5218453125 0.577753125 0.527115625 0.5446765625000001 0.5240484375000001 0.5194140625 0.5160328125 0.4980109375 0.4926875 0.4714390625 0.47450625 0.461909375 0.44771875000000005 0.46435624999999997
