2 0.60625 0.5833328125 0.59375 0.6 0.5921875 0.6125 0.5859375 0.6333328125000001 0.5859375 0.6458328125 0.596875 0.6645828125000001 0.6109375 0.6645828125000001 0.6265625 0.6604171875 0.64375 0.6604171875 0.6546875 0.65625 0.6671875 0.625 0.6640625 0.5979171875 0.659375 0.5875 0.6453125 0.5729171875 0.640625 0.5708328125000001 0.6390625 0.5708328125000001 0.6203125 0.5729171875 0.60625 0.5833328125
2 0.3171875 0.5479171875 0.309375 0.55625 0.30625 0.5666671875 0.309375 0.5916671874999999 0.3203125 0.6083328125 0.325 0.6125 0.346875 0.6125 0.3484375 0.6104171875 0.3640625 0.6104171875 0.3734375 0.6 0.384375 0.58125 0.384375 0.5541671874999999 0.38125 0.54375 0.3734375 0.53125 0.365625 0.525 0.3640625 0.525 0.35625 0.525 0.3171875 0.5479171875
2 0.4859375 0.5916671874999999 0.471875 0.6 0.4578125 0.6208328125 0.453125 0.6458328125 0.453125 0.6604171875 0.4546875 0.6708328125 0.459375 0.6791671874999999 0.5109375 0.6791671874999999 0.5125 0.6770828125 0.5203125 0.6770828125 0.5234375 0.6729171875 0.528125 0.65625 0.528125 0.6354171875 0.51875 0.6083328125 0.5078125 0.5958328125000001 0.50625 0.5958328125000001 0.5 0.5916671874999999 0.4859375 0.5916671874999999
3 0.5921875 0.47083281250000003 0.5890625 0.47291718749999995 0.5828125 0.48125 0.5703125 0.5083328125000001 0.56875 0.5166671875 0.56875 0.5416671875 0.5734375 0.55625 0.5734375 0.5625 0.5796875 0.5729171875 0.5796875 0.5770828125 0.590625 0.6 0.5953125 0.6 0.5984375 0.5916671874999999 0.60625 0.58125 0.6265625 0.5666671875 0.6203125 0.55 0.61875 0.5291671874999999 0.615625 0.5208328125 0.615625 0.5145828125 0.61875 0.5083328125000001 0.61875 0.49166718749999994 0.6140625 0.475 0.6125 0.475 0.60625 0.47083281250000003 0.5921875 0.47083281250000003
3 0.4859375 0.40833281250000003 0.4796875 0.40833281250000003 0.4703125 0.40208281250000005 0.4546875 0.40208281250000005 0.4453125 0.40625 0.4171875 0.4270828125 0.403125 0.4479171875 0.3890625 0.47708281250000006 0.384375 0.4895828125 0.378125 0.51875 0.378125 0.5354171875 0.3828125 0.5416671875 0.3859375 0.5520828125 0.3875 0.56875 0.3859375 0.5708328125000001 0.3859375 0.58125 0.396875 0.60625 0.409375 0.6229171874999999 0.41875 0.625 0.421875 0.6208328125 0.4203125 0.5541671874999999 0.425 0.5229171874999999 0.4421875 0.47708281250000006 0.4546875 0.4625 0.465625 0.4583328125 0.484375 0.44583281250000006 0.4953125 0.42916718749999994 0.5 0.4270828125 0.515625 0.40833281250000003 0.5203125 0.3979171875 0.51875 0.39375 0.5171875 0.39375 0.503125 0.3979171875 0.4859375 0.40833281250000003
3 0.5015625 0.4270828125 0.4953125 0.43125 0.4828125 0.45 0.475 0.45625 0.478125 0.4625 0.4859375 0.46666718749999997 0.4953125 0.47708281250000006 0.496875 0.475 0.4984375 0.45416718749999996 0.5078125 0.4375 0.5140625 0.42916718749999994 0.5296875 0.41875 0.534375 0.4125 0.534375 0.40208281250000005 0.53125 0.3979171875 0.5296875 0.3979171875 0.521875 0.3979171875 0.5015625 0.4270828125
5 0.34375 0.63125 0.334375 0.6354171875 0.325 0.6416671875 0.3140625 0.6583328125000001 0.309375 0.675 0.309375 0.69375 0.3109375 0.6958328125000001 0.334375 0.6958328125000001 0.3359375 0.69375 0.3515625 0.69375 0.353125 0.6916671875 0.3890625 0.6895828125000001 0.4 0.6854171874999999 0.4 0.6770828125 0.39375 0.65625 0.3828125 0.6416671875 0.3703125 0.6333328125000001 0.36875 0.6333328125000001 0.3671875 0.63125 0.34375 0.63125
5 0.328125 0.6208328125 0.315625 0.6395828125 0.3140625 0.6541671874999999 0.325 0.6395828125 0.34375 0.6291671875 0.3671875 0.6291671875 0.3828125 0.6395828125 0.390625 0.65 0.3921875 0.6458328125 0.390625 0.6395828125 0.384375 0.6270828125000001 0.3640625 0.6125 0.3625 0.6125 0.3484375 0.6125 0.328125 0.6208328125
5 0.534375 0.5916671874999999 0.525 0.6 0.5203125 0.6083328125 0.528125 0.6270828125000001 0.5296875 0.64375 0.53125 0.6479171874999999 0.534375 0.6479171874999999 0.54375 0.6395828125 0.5546875 0.6354171875 0.565625 0.6354171875 0.584375 0.64375 0.584375 0.6333328125000001 0.5875 0.6229171874999999 0.5859375 0.6145828125 0.5703125 0.59375 0.5546875 0.5875 0.553125 0.5875 0.5453125 0.5875 0.534375 0.5916671874999999
5 0.3390625 0.4895828125 0.325 0.5 0.3203125 0.50625 0.3140625 0.5229171874999999 0.3140625 0.5458328125 0.31875 0.5458328125 0.35625 0.5229171874999999 0.365625 0.5229171874999999 0.371875 0.5291671874999999 0.375 0.5291671874999999 0.3765625 0.5104171875 0.365625 0.49583281250000005 0.3640625 0.49583281250000005 0.353125 0.4895828125 0.3390625 0.4895828125
5 0.6171875 0.5125 0.61875 0.5291671874999999 0.621875 0.525 0.6296875 0.50625 0.6296875 0.5020828125000001 0.628125 0.5041671875 0.621875 0.50625 0.6171875 0.5125
1 0.440625 0.5125 0.428125 0.5333328125000001 0.425 0.54375 0.4234375 0.575 0.428125 0.5916671874999999 0.434375 0.6020828125000001 0.446875 0.6145828125 0.4578125 0.6166671874999999 0.471875 0.5979171875 0.4796875 0.5916671874999999 0.4984375 0.5895828125 0.503125 0.58125 0.5046875 0.5729171875 0.5046875 0.5520828125 0.4984375 0.53125 0.4890625 0.5166671875 0.4765625 0.50625 0.475 0.50625 0.465625 0.5041671875 0.440625 0.5125
1 0.565625 0.38125 0.5453125 0.41041718749999995 0.5453125 0.41875 0.553125 0.42083281250000004 0.5703125 0.43958281250000003 0.5796875 0.46458281250000005 0.5796875 0.475 0.58125 0.47708281250000006 0.5953125 0.46666718749999997 0.6015625 0.46666718749999997 0.609375 0.45625 0.615625 0.44166718749999995 0.615625 0.42291718749999996 0.609375 0.40416718749999997 0.6 0.3895828125 0.59375 0.3854171875 0.5921875 0.3854171875 0.584375 0.3791671875 0.565625 0.38125
1 0.359375 0.3895828125 0.34375 0.3979171875 0.328125 0.41875 0.325 0.42916718749999994 0.3265625 0.44375 0.3328125 0.4625 0.3453125 0.48125 0.35625 0.4875 0.371875 0.4875 0.3828125 0.48333281250000004 0.3875 0.47708281250000006 0.4046875 0.44166718749999995 0.4046875 0.4270828125 0.4 0.41458281250000006 0.390625 0.40208281250000005 0.3765625 0.3916671875 0.375 0.3916671875 0.3734375 0.3895828125 0.359375 0.3895828125
0 0.5984375 0.3291671875 0.5875 0.34375 0.584375 0.3520828125 0.584375 0.375 0.5984375 0.3854171875 0.609375 0.4 0.61875 0.42083281250000004 0.61875 0.425 0.6203125 0.425 0.6375 0.41458281250000006 0.646875 0.4 0.6515625 0.3833328125 0.6515625 0.3541671875 0.65 0.3479171875 0.6453125 0.3354171875 0.6328125 0.3229171875 0.63125 0.3229171875 0.6046875 0.325 0.5984375 0.3291671875
0 0.5296875 0.42083281250000004 0.51875 0.4270828125 0.503125 0.4479171875 0.4984375 0.4625 0.4984375 0.4875 0.50625 0.5083328125000001 0.51875 0.5208328125 0.5390625 0.525 0.540625 0.5229171874999999 0.55 0.5229171874999999 0.5671875 0.5083328125000001 0.5734375 0.49375 0.5765625 0.4791671875 0.5765625 0.4625 0.571875 0.44583281250000006 0.5640625 0.43333281250000005 0.5546875 0.425 0.553125 0.425 0.546875 0.42083281250000004 0.5296875 0.42083281250000004
0 0.4765625 0.35 0.46875 0.3625 0.4640625 0.375 0.4609375 0.3916671875 0.4625 0.3979171875 0.484375 0.40625 0.5109375 0.3916671875 0.5296875 0.39375 0.53125 0.3916671875 0.53125 0.3833328125 0.5234375 0.3583328125 0.5125 0.3458328125 0.5078125 0.34375 0.50625 0.34375 0.490625 0.3416671875 0.4765625 0.35
0 0.6109375 0.45625 0.6109375 0.46041718749999994 0.615625 0.46458281250000005 0.61875 0.47291718749999995 0.63125 0.47291718749999995 0.6390625 0.46666718749999997 0.64375 0.45 0.64375 0.43125 0.6390625 0.42083281250000004 0.63125 0.42083281250000004 0.61875 0.4270828125 0.61875 0.42916718749999994 0.6171875 0.44375 0.6109375 0.45625
1 0.6671875 0.6 0.6796875 0.59375 0.690625 0.5395828125000001 0.690625 0.51875 0.6828125 0.5 0.6703125 0.4895828125 0.65 0.4895828125 0.63125 0.5020828125000001 0.621875 0.5208328125 0.621875 0.5458328125 0.6296875 0.5666671875 0.6515625 0.575 0.6671875 0.6
4 0.584375 0.3416671875 0.553125 0.30625 0.5359375 0.30625 0.521875 0.3270828125 0.51875 0.3479171875 0.5390625 0.3958328125 0.58125 0.3729171875 0.584375 0.3416671875
