2 0.15437343750000002 0.32171249999999996 0.15481875 0.3357484375 0.1594890625 0.3516421875 0.17041875 0.3679875 0.191684375 0.38196093750000004 0.21692499999999998 0.389996875 0.2482296875 0.3922453125 0.272925 0.3831265625 0.2892234375 0.3718484375 0.2952375 0.3645 0.304978125 0.343415625 0.304928125 0.34185625000000003 0.3064203125 0.3232921875 0.30413437499999996 0.316903125 0.282175 0.2810953125 0.2587234375 0.263853125 0.225084375 0.2536578125 0.1959171875 0.2531203125 0.16709687499999998 0.2634984375 0.1531328125 0.2827234375 0.1522359375 0.320003125 0.15437343750000002 0.32171249999999996
2 0.3726109375 0.244021875 0.3712671875 0.2672640625 0.3825953125 0.296084375 0.39337656249999997 0.3077515625 0.418865625 0.323584375 0.42935 0.32589375 0.4375984375 0.3233734375 0.45429375 0.324571875 0.47705156249999997 0.31998125 0.4830640625 0.3126328125 0.4959859375 0.2606578125 0.4959375 0.2590984375 0.4973296875 0.237415625 0.4950453125 0.2310265625 0.47994062499999995 0.21438281250000002 0.4588234375 0.2050875 0.43164375 0.2015796875 0.42960624999999997 0.20299062499999998 0.41917187499999997 0.202240625 0.3986 0.2101 0.3804140625 0.227465625 0.3726109375 0.244021875
2 0.5757796875000001 0.347296875 0.575978125 0.3535359375 0.6146328125 0.3905421875 0.61885625 0.3924015625 0.6397265625 0.3938984375 0.6417640625 0.39248906250000004 0.6521984375 0.3932390625 0.664421875 0.38477968749999997 0.6782859375 0.3624359375 0.6840515625 0.34729062499999996 0.6840015625 0.34573125 0.68559375 0.3302859375 0.6768984375 0.31876875 0.666215625 0.310221875 0.640925 0.3006265625 0.6242296875 0.299428125 0.6138453125 0.3002390625 0.593371875 0.3112171875 0.5918812499999999 0.32978125 0.5879546875 0.33727968750000004 0.5757796875000001 0.347296875
3 0.30863125 0.654871875 0.31270625 0.652053125 0.308334375 0.645515625 0.3080359375 0.6361578125 0.3100734375 0.6347484375 0.309578125 0.619153125 0.311615625 0.61774375 0.309478125 0.616034375 0.3089828125 0.6004390625 0.29800312500000004 0.582534375 0.29293749999999996 0.5541625 0.285184375 0.572278125 0.26699687499999997 0.58964375 0.2672453125 0.5974421875 0.3000859375 0.648034375 0.300184375 0.651153125 0.30445781250000004 0.654571875 0.30863125 0.654871875
3 0.20649062499999998 0.3892484375 0.16634374999999998 0.37080625 0.12460625 0.367809375 0.1227171875 0.37389843749999996 0.1446765625 0.40970625 0.15978125 0.42634999999999995 0.180253125 0.41537187500000006 0.20504843749999999 0.409371875 0.2447 0.41221874999999997 0.26154375 0.418096875 0.28062343749999996 0.4288015625 0.2999515625 0.44730468749999996 0.30005000000000004 0.4504234375 0.30874531250000004 0.461940625 0.3095375 0.48689218749999996 0.3057609375 0.49906875 0.289709375 0.51814375 0.2899078125 0.5243828125000001 0.2966640625 0.5404265625 0.300040625 0.581125 0.30441250000000003 0.5876625 0.3045609375 0.5923406250000001 0.31325625 0.6038578125 0.3105203125 0.648784375 0.31479218750000004 0.652203125 0.3358109375 0.6583796875 0.344109375 0.6574187499999999 0.3458984375 0.6482109375 0.34376093750000003 0.6465015625 0.3431671875 0.6277874999999999 0.3452046875 0.626378125 0.346646875 0.6062546875 0.3749703125 0.5802796875 0.38053750000000003 0.5588968750000001 0.3804875 0.5573359375 0.3797453125 0.5339437499999999 0.3752234375 0.522728125 0.3749765625 0.5149296875 0.36826875000000003 0.5004453125 0.344321875 0.46760624999999995 0.312125 0.43728749999999994 0.288625 0.41848437499999996 0.250415625 0.3955140625 0.225371875 0.393715625 0.20649062499999998 0.3892484375
3 0.5769703125000001 0.3847265625 0.5778625 0.412796875 0.5576375 0.4315734375 0.557934375 0.4409296875 0.56449375 0.45073749999999996 0.5773609375000001 0.462553125 0.58396875 0.47391875 0.5889359375 0.4991703125 0.581084375 0.5141671875 0.564884375 0.5285640625 0.5611078125 0.540740625 0.5551437499999999 0.5496484374999999 0.557975 0.573190625 0.5518625 0.5774203124999999 0.545503125 0.5738515625 0.541428125 0.5766703125 0.5391921875000001 0.5718421874999999 0.53710625 0.5716921875 0.5376015625 0.5872875 0.541875 0.59070625 0.540234375 0.6045921875 0.54256875 0.6125390625 0.548978125 0.6176671875 0.5552390625 0.6181171875 0.5634875 0.615596875 0.5736734375 0.6085484375 0.5815750000000001 0.5951125 0.59365 0.581975 0.608159375 0.5799046875 0.62669375 0.57345625 0.6389671875 0.5665578124999999 0.6529812500000001 0.5488921875 0.6568578125 0.5398343750000001 0.65825 0.51815 0.6602875 0.516740625 0.6602390625 0.51518125 0.652490625 0.46794531250000004 0.6411640625 0.43912500000000004 0.6234765624999999 0.4067359375 0.6104093749999999 0.38868281250000003 0.59321875 0.3718890625 0.5697171875 0.3530859375 0.557146875 0.35062812499999996 0.5765734375 0.37225 0.5790078125 0.383315625 0.5769703125000001 0.3847265625
5 0.30522499999999997 0.3512140625 0.2953359375 0.36761875 0.27709843749999996 0.383425 0.256528125 0.391284375 0.2545390625 0.394253125 0.2630859375 0.401090625 0.2799796875 0.408528125 0.3176421875 0.41434375 0.325890625 0.4118234375 0.3321515625 0.4122734375 0.3507359375 0.407384375 0.37324531250000004 0.3949953125 0.38527187500000004 0.38029999999999997 0.38715937500000003 0.3742109375 0.38711093750000003 0.37265156250000003 0.3866640625 0.358615625 0.38204375 0.34428125 0.368928125 0.3246671875 0.3497984375 0.3124015625 0.3288796875 0.30934375 0.306171875 0.31549375 0.3087046875 0.3296796875 0.3066671875 0.3310890625 0.30706406249999996 0.343565625 0.30522499999999997 0.3512140625
5 0.5011609375 0.16144843749999999 0.48530937500000004 0.1867609375 0.483915625 0.2084453125 0.4905734375 0.2213703125 0.49921875 0.2313265625 0.5162609375 0.2434421875 0.541403125 0.248359375 0.5603828125 0.2559453125 0.57081875 0.2566953125 0.5853265624999999 0.254625 0.6038609375 0.24817499999999998 0.6201109375 0.23533750000000003 0.62995 0.2173734375 0.6299015625 0.21581250000000002 0.6314921874999999 0.20036718750000002 0.6293562500000001 0.1986578125 0.6291078125 0.1908609375 0.62245 0.177934375 0.6138046875 0.167978125 0.5967625 0.1558640625 0.58200625 0.1501359375 0.5443921875 0.1458796875 0.519596875 0.1518796875 0.5011609375 0.16144843749999999
5 0.273059375 0.58385625 0.28309687499999997 0.572128125 0.29085 0.5540140625000001 0.2908 0.5524546875 0.2902546875 0.5352984375000001 0.285734375 0.5240828125 0.2794734375 0.5236328125 0.27127500000000004 0.5277125 0.258853125 0.5299328125 0.2256109375 0.5322140625 0.254128125 0.577828125 0.26063749999999997 0.586075 0.2648609375 0.587934375 0.273059375 0.58385625
5 0.641015625 0.434446875 0.6523421875000001 0.46326718749999996 0.6606390625 0.4623078125 0.6688390625 0.45822812500000004 0.6854843749999999 0.45786718750000005 0.691596875 0.45363749999999997 0.691546875 0.452078125 0.6934843749999999 0.44755 0.692840625 0.427275 0.681959375 0.41249062500000006 0.66273125 0.39710625 0.6480734375 0.3944984375 0.6460359375 0.3959078125 0.61890625 0.3939609375 0.6190546875 0.3986390625 0.6299359375 0.4134234375 0.641015625 0.434446875
0 0.34370781250000004 0.7102937500000001 0.348228125 0.721509375 0.38101875 0.7705421875 0.38111875 0.7736609375 0.3875765625 0.78035 0.4007921875 0.80308125 0.40933906249999996 0.8099187499999999 0.43850625 0.81045625 0.4632015625 0.8013375 0.48561249999999995 0.78583125 0.49565000000000003 0.7741046875 0.49947656250000005 0.7634875 0.499428125 0.7619281250000001 0.4987828125 0.741653125 0.4919765625 0.72405 0.47900937499999996 0.7091140625000001 0.4620171875 0.698559375 0.44089999999999996 0.6892625 0.430415625 0.6869546875 0.384503125 0.6836578125 0.3659203125 0.6885484374999999 0.3536953125 0.69700625 0.34370781250000004 0.7102937500000001
1 0.6566140625 0.4666859375 0.6611312500000001 0.543253125 0.6780734374999999 0.5522484375000001 0.7094765625 0.5576156250000001 0.74669375 0.5493953125 0.7707453125 0.520003125 0.77025 0.5044078125 0.7571328125 0.48479374999999997 0.71475 0.4615234375 0.670975 0.4599375 0.6566140625 0.4666859375
1 0.6352890625 0.5818531250000001 0.6731515625 0.5939062500000001 0.7106171875 0.593484375 0.7371015625 0.5751578125 0.74058125 0.553625 0.71365 0.5579156249999999 0.6591421875 0.546221875 0.6329546875000001 0.5739062500000001 0.6352890625 0.5818531250000001
1 0.151240625 0.3541625 0.155165625 0.34666406250000004 0.1491578125 0.2886625 0.1648625 0.2586703125 0.14334843749999998 0.2368984375 0.0871 0.235971875 0.0458578125 0.2485703125 0.116109375 0.36253281249999997 0.151240625 0.3541625
1 0.2794234375 0.5220734375 0.29567343749999997 0.5092359375 0.307303125 0.4820640625 0.295728125 0.44544531249999997 0.24897343749999998 0.4156375 0.2030109375 0.41078281250000004 0.1619171875 0.428059375 0.22759843750000003 0.5292453125 0.2794234375 0.5220734375
1 0.447765625 0.5777265625 0.3955921875 0.57398125 0.3648828125 0.5904484375 0.3474890625 0.632765625 0.3566796875 0.659878125 0.4031375 0.6803281250000001 0.4387140625 0.68599375 0.46370781250000004 0.6862328125 0.496503125 0.669915625 0.506490625 0.656628125 0.5028671874999999 0.6081328125 0.47717968749999995 0.5860624999999999 0.447765625 0.5777265625
1 0.34707187500000003 0.226628125 0.3088140625 0.20209843749999998 0.2775109375 0.19985 0.24446718750000002 0.2083703125 0.22404375 0.2209078125 0.2141546875 0.2373140625 0.218775 0.2516484375 0.262896875 0.2641515625 0.27780312500000004 0.2745578125 0.30393593750000003 0.310665625 0.345228125 0.29962656249999997 0.36515624999999996 0.27149375 0.362425 0.2510703125 0.34707187500000003 0.226628125
1 0.5170984375 0.3353046875 0.481521875 0.32963906249999997 0.45876406249999996 0.334228125 0.436403125 0.3512953125 0.42860156250000003 0.36785 0.44246093750000004 0.41085625 0.47868125 0.43679687500000003 0.5328921875 0.4391328125 0.5535140625 0.43283281249999994 0.575725 0.4110875 0.5701640625 0.367121875 0.5508859375 0.350178125 0.5170984375 0.3353046875
4 0.4871390625 0.3098140625 0.4751125 0.32451093750000004 0.559134375 0.3476578125 0.5838296875 0.3385390625 0.5914843750000001 0.31730468749999996 0.5776234375 0.2742984375 0.5435890624999999 0.251628125 0.5184968750000001 0.2482703125 0.49991250000000004 0.2531609375 0.4871390625 0.3098140625
0 0.598121875 0.5916328125 0.5897249999999999 0.5894734374999999 0.5573750000000001 0.6198265625 0.54053125 0.61395 0.5359609375 0.6011734375 0.5112640625 0.6102921875 0.510615625 0.6553687499999999 0.5365015625 0.6836781249999999 0.5661640625000001 0.6998125 0.6099390625 0.7013984375 0.6486484375 0.6746140625 0.638715625 0.624109375 0.598121875 0.5916328125
0 0.45244375000000003 0.4629203125 0.4172640625 0.46973125 0.3910765625 0.49741406250000003 0.3901796875 0.5346921874999999 0.4141265625 0.56753125 0.4957640625 0.581171875 0.5265718749999999 0.5678234375 0.5445609375 0.5442203125 0.548040625 0.5226859375 0.534578125 0.49215625 0.47545000000000004 0.466128125 0.45244375000000003 0.4629203125
0 0.3692703125 0.400934375 0.325990625 0.4149421875 0.30775312499999996 0.43075 0.355053125 0.4777125 0.37696406250000003 0.5119609374999999 0.38322500000000004 0.5124093750000001 0.40295312499999997 0.4780390625 0.41925156250000006 0.4667609375 0.4503078125 0.46121093750000003 0.44101875 0.43098125 0.39645 0.40444218750000005 0.3692703125 0.400934375
1 0.52811875 0.48546875 0.5564875 0.5264046875 0.5749234375000001 0.5168359375 0.58685 0.4990203125 0.5731375 0.46069375 0.5494390625000001 0.435653125 0.47897968750000003 0.44615312500000004 0.464915625 0.46225937500000003 0.52811875 0.48546875
