2 0.9187140625 0.44092343749999996 0.9291921875 0.4355203125 0.9355015625 0.4304046875 0.9440468750000001 0.4126578125 0.9546203125 0.3994484375 0.9589203124999999 0.388234375 0.9591109375 0.372625 0.9468734375000001 0.3516390625 0.9221296875 0.3315203125 0.8993375 0.3221828125 0.8764890624999999 0.3175265625 0.8410781249999999 0.31842031249999997 0.8285359375000001 0.3224078125 0.79498125 0.3418875 0.7801453125 0.3631890625 0.7801265625 0.36475 0.7779859375 0.3695765625 0.7777375 0.3898671875 0.78378125 0.40660468749999995 0.7940109375 0.421490625 0.8146437499999999 0.437215625 0.8291359375 0.444009375 0.8478171874999999 0.4489546875 0.86240625 0.44794375000000003 0.8791359375000001 0.44210625 0.9187140625 0.44092343749999996
2 0.72406875 0.6930156249999999 0.7468796875 0.7007921875 0.7906265625 0.699321875 0.79901875 0.6940609375 0.8178140624999999 0.689640625 0.8366468749999999 0.6820984375 0.85559375 0.6651906249999999 0.8619796875000001 0.65383125 0.8620359375 0.6491484375 0.8662812499999999 0.6426171875 0.8666421874999999 0.6129609375 0.86069375 0.5884203125 0.8422796874999999 0.5616234375 0.823675 0.5504359375 0.777996875 0.539565625 0.7675765625000001 0.5402875 0.7487421875 0.5478296874999999 0.7236765625 0.55424375 0.7131984375 0.5596484375 0.7005609374999999 0.5714406249999999 0.691978125 0.5923093749999999 0.6919593749999999 0.5938703125 0.69173125 0.6126 0.6896078125 0.6158671874999999 0.6916734375 0.6172828124999999 0.691578125 0.6250875 0.68941875 0.631475 0.6914828125 0.6328921875 0.6912546875000001 0.651621875 0.6993437499999999 0.6713359375 0.7116781249999999 0.6845171875 0.72406875 0.6930156249999999
2 0.8983703125 0.743321875 0.9026343750000001 0.7352296875000001 0.9027484375 0.7258640625 0.8925562499999999 0.7078562500000001 0.88226875 0.6976515625 0.8615984375 0.6850484375 0.8491515625 0.68123125 0.840815625 0.681809375 0.832421875 0.68706875 0.8073359375000001 0.6950453125 0.788484375 0.7041484375 0.746859375 0.7023531249999999 0.729940625 0.7238 0.7255625 0.7412578125 0.727646875 0.7411125000000001 0.773515625 0.7363765625 0.7922343749999999 0.7381984375 0.8150640625 0.7444140625 0.8295578125 0.7512078125 0.850209375 0.7653734375 0.8768640624999999 0.7993953125 0.8810515625 0.797546875 0.8917765624999999 0.7718515625 0.8982765625000001 0.7511265625 0.8983703125 0.743321875
2 0.7240484375 0.6945765625 0.7034171875 0.67885 0.6952140625000001 0.6685015625 0.6891515625 0.6533265625 0.68949375 0.62523125 0.6874671875 0.62069375 0.6895703125 0.6189875 0.6899124999999999 0.5908921874999999 0.6984578124999999 0.5731468750000001 0.694328125 0.5703125 0.6818234375000001 0.5711796875 0.6797203125 0.572884375 0.6816140625 0.5883484375 0.6795109375 0.5900546875 0.67721875 0.6073671875 0.6686921875 0.623553125 0.6581375 0.6352015625 0.65395 0.6370515625000001 0.6539312500000001 0.6386125 0.6308359375 0.654246875 0.6161890624999999 0.6599406250000001 0.6181593750000001 0.6691609374999999 0.6345468750000001 0.69141875 0.6552171875 0.7040234375 0.67598125 0.7088234375 0.7134765625 0.707784375 0.732290625 0.701803125 0.7344125 0.6985375 0.7240484375 0.6945765625
2 0.56044375 0.791684375 0.5583781250000001 0.7902671875 0.55855 0.7762203125 0.5545718749999999 0.7609 0.538221875 0.7355203125 0.51131875 0.7217890625 0.4864046875 0.7157171875 0.4718171875 0.716728125 0.4425625 0.7249921875 0.4237296875 0.732534375 0.41113125000000006 0.7412046875 0.3942875 0.7564078125 0.3815546875 0.7760046875 0.38149687499999996 0.7806859375 0.370809375 0.8032609374999999 0.37079062500000004 0.804821875 0.37245625000000004 0.839015625 0.3764921875 0.849653125 0.3826484375 0.8570234375 0.43249531250000006 0.86760625 0.442859375 0.8715671875 0.48236249999999997 0.8766281250000001 0.5116921875 0.8621203124999999 0.5411546875 0.8366859375000001 0.556046875 0.8107031250000001 0.56044375 0.791684375
3 0.629234375 0.443821875 0.7376078125000001 0.4363140625 0.7397109375 0.43460937499999996 0.78143125 0.4286 0.7918890625 0.42475625 0.791946875 0.42007500000000003 0.781696875 0.4067484375 0.775615625 0.393134375 0.7759390625 0.3666 0.7823249999999999 0.35524062500000003 0.757296875 0.35853437499999996 0.7426515625000001 0.36422656249999996 0.7217718750000001 0.3687921875 0.7071828124999999 0.369803125 0.6968015624999999 0.367403125 0.6176437499999999 0.36976718750000004 0.6072609375 0.3673671875 0.598925 0.3679453125 0.5677765625 0.3607453125 0.53861875 0.36120625 0.5260374999999999 0.36831562500000004 0.52179375 0.37484687499999997 0.521775 0.3764078125 0.5237828125 0.3825078125 0.5403796875 0.3875953125 0.5527890625 0.394534375 0.5733640624999999 0.4149421875 0.573325 0.41806406249999994 0.583575 0.4313890625 0.5855640625 0.4390484375 0.5980109375 0.44286562500000004 0.6271703125 0.4424046875 0.629234375 0.443821875
3 0.6140671875 0.66320625 0.607853125 0.66051875 0.60575 0.6622234375 0.580740625 0.66395625 0.5786765625 0.6625390624999999 0.5578546875 0.6624218749999999 0.5371078125000001 0.6560609375 0.5122703125 0.6437468749999999 0.5122515625 0.6453078125 0.510090625 0.6516953125 0.5141453125 0.660771875 0.5245078125 0.66473125 0.5307609375 0.6642984375000001 0.5432078125 0.668115625 0.5619265625 0.6699375 0.6117359375 0.6836421875 0.6180078124999999 0.6816484375 0.618103125 0.67384375 0.6140671875 0.66320625
3 0.7834765625 0.431578125 0.7647203124999999 0.4328765625 0.745925 0.43729843749999997 0.7042437500000001 0.4401859375 0.702140625 0.441890625 0.697990625 0.44061874999999995 0.6917203125 0.44261249999999996 0.6687953125 0.44420000000000004 0.6646453125 0.442928125 0.656290625 0.4450671875 0.6542250000000001 0.44365 0.6437859375 0.4459328125 0.63546875 0.44494999999999996 0.6333656249999999 0.4466546875 0.6354296875000001 0.448071875 0.64575625 0.455153125 0.6623328125 0.461803125 0.6871140625 0.4788 0.7102296875 0.46160468750000005 0.72070625 0.45620000000000005 0.754128125 0.44764687500000006 0.7853890625 0.44548125 0.7938015625 0.438659375 0.793840625 0.4355390625 0.7834765625 0.431578125
3 0.3843875 0.5434375 0.3886328125 0.53690625 0.4075609375 0.5215578125 0.43478593749999994 0.50875625 0.4389546875 0.5084671875 0.4410953125 0.503640625 0.4061796875 0.46395156249999997 0.40438124999999997 0.44068281249999997 0.40231562500000007 0.43926718749999993 0.404609375 0.42195312500000004 0.4067125 0.4202484375 0.4047421875 0.4110265625 0.39854687499999997 0.40677812500000005 0.3923140625 0.40564999999999996 0.379809375 0.40651562500000005 0.36724843749999997 0.412065625 0.3609390625 0.41718124999999995 0.358796875 0.42200781249999997 0.358778125 0.42356875 0.36067187500000003 0.4390328125 0.36476406250000004 0.4449875 0.362109375 0.49195625 0.3661640625 0.5010328125 0.37029375 0.503865625 0.374309375 0.5160640625 0.3739671875 0.544159375 0.3760140625 0.5471375 0.378078125 0.548553125 0.3843875 0.5434375
3 0.42170312499999996 0.727996875 0.43420781249999996 0.7271296875 0.4655828125 0.7156 0.49267656249999997 0.7137234375 0.5113578125 0.7186671875 0.5382796875 0.7308375 0.550784375 0.729971875 0.5904578125 0.7209859375 0.6218328125 0.7094546875 0.6281421875000001 0.7043390625 0.6282953124999999 0.6918515625 0.61796875 0.6847703125 0.6096328125 0.685346875 0.5598234375 0.6716421875 0.5369375 0.670109375 0.5141078125 0.6638921875 0.48707031250000005 0.6610875 0.4580078125 0.6537437500000001 0.43936562500000004 0.645678125 0.41045468749999997 0.6258468749999999 0.3857875 0.5994843750000001 0.3735296875 0.580059375 0.36815312499999997 0.5086937500000001 0.357940625 0.4922453125 0.3603109375 0.46868906250000003 0.36241406249999997 0.46698281250000007 0.3603484375 0.46556718750000003 0.36057656250000003 0.44683593750000006 0.35855000000000004 0.44229843750000003 0.3523546875 0.4380484375 0.3378234375 0.43437656249999995 0.3294296875 0.4396375 0.325128125 0.4508515625 0.3183625 0.493428125 0.28471250000000003 0.5207109375 0.276225 0.533775 0.2719046875 0.5465515625 0.271884375 0.5481125 0.26959218749999997 0.5654250000000001 0.26748906250000004 0.56713125 0.267203125 0.5905437499999999 0.2731703125 0.6135234374999999 0.2874359375 0.639046875 0.3141484375 0.6683874999999999 0.3347609375 0.6856734375 0.3678015625 0.7083375000000001 0.390575 0.7192359374999999 0.42170312499999996 0.727996875
4 0.227490625 0.6026515625 0.229728125 0.5900203125 0.2256546875 0.5825046875 0.219459375 0.5782546875000001 0.1987140625 0.5718953124999999 0.18836875 0.5663734375 0.136228125 0.5731046875 0.11739531249999999 0.580646875 0.09223437500000001 0.594865625 0.08164218749999999 0.6096359375 0.0793109375 0.6300703125 0.0772078125 0.6317765625 0.0771890625 0.6333375 0.0790078125 0.65504375 0.087190625 0.666953125 0.105815625 0.6765796875000001 0.1183203125 0.6757140625 0.1372859375 0.6572453125 0.162465625 0.641465625 0.1875703125 0.6319281250000001 0.20636562500000002 0.6275078125 0.2168421875 0.622103125 0.227490625 0.6026515625
5 0.8485921875000001 0.8980453125000001 0.86361875 0.8611359375 0.87673125 0.810321875 0.862484375 0.7832375 0.8501703125000001 0.7684953125 0.83366875 0.7556015625 0.8005140624999999 0.7423031250000001 0.7818140625 0.7389203125 0.7547390625 0.7392359374999999 0.7526359375 0.7409421875 0.719271875 0.7448125 0.7046265625 0.7505046875 0.67734375 0.767990625 0.654075 0.7976734375000001 0.6476140625 0.8152765625 0.64744375 0.8293234375 0.645340625 0.8310296875000001 0.6453203125 0.8325906249999999 0.6469859375 0.8667843749999999 0.6571984375000001 0.88323125 0.6818640625 0.9095953124999999 0.6963203124999999 0.919509375 0.7253640625 0.9284140624999999 0.754465625 0.9326375 0.7857265625000001 0.930471875 0.808709375 0.9242015625000001 0.8254578125 0.916803125 0.8485921875000001 0.8980453125000001
5 0.3901 0.7582578125 0.41325312500000005 0.7379390625 0.413309375 0.7332562499999999 0.3967515625 0.725046875 0.365565625 0.72096875 0.34889375 0.7221234375 0.346828125 0.72070625 0.313425 0.7277 0.2987609375 0.734953125 0.2714203125 0.7571203125 0.2587453125 0.7720343749999999 0.2521875 0.7974421875 0.25216875 0.799003125 0.2560703125 0.8205656250000001 0.26016249999999996 0.8265203124999999 0.2705078125 0.8320421874999999 0.3390359375 0.84756875 0.3556703125 0.8495359375 0.3702578125 0.8485250000000001 0.36874531250000003 0.80184375 0.3709046875 0.79545625 0.3794890625 0.7745875 0.3901 0.7582578125
5 0.8174796875 0.5461875 0.8237328125 0.5457546875 0.819678125 0.536678125 0.8155484375000001 0.5338453125 0.807496875 0.511009375 0.809809375 0.492134375 0.8204203124999999 0.4758046875 0.8225984375 0.46785625 0.8040328125 0.45354687499999996 0.7832671875 0.448746875 0.754109375 0.44920781249999997 0.75200625 0.4509125 0.7311468750000001 0.4539171875 0.7165 0.459609375 0.6891796875 0.4802171875 0.6785296875 0.49966875 0.678321875 0.5168390625 0.67621875 0.51854375 0.6782828125 0.519959375 0.67815 0.5308859375 0.682146875 0.5446453124999999 0.692396875 0.5579703125 0.70065625 0.5636359375 0.704825 0.5633484375 0.7257984375000001 0.550978125 0.7529484375 0.54441875 0.7634265625000001 0.5390140625 0.7801 0.537859375 0.8174796875 0.5461875
5 0.6432984375 0.314965625 0.6286906250000001 0.3175375 0.6119234375 0.326496875 0.5908734375 0.345109375 0.582384375 0.35817343749999997 0.582365625 0.359734375 0.5844125 0.3627125 0.59479375 0.3651125 0.6197468749999999 0.3680625 0.68225 0.36529218750000003 0.68226875 0.36373125 0.6677953125 0.3553765625 0.6533765625 0.3423390625 0.6472390625 0.3334078125 0.6453640625 0.3163828125 0.6432984375 0.314965625
1 0.59118125 0.6616734375 0.614125 0.6585234375 0.6266671875000001 0.6545359375 0.6413515624999999 0.645721875 0.6623828125 0.62866875 0.6729921875 0.6123390625 0.6773328125 0.598003125 0.677675 0.5699078125 0.6736390625 0.5592703125 0.663409375 0.5443828125 0.6448609375000001 0.5285140625 0.6200046875 0.517759375 0.590903125 0.5135375 0.5700624999999999 0.5149796875 0.5533515625 0.5192578125 0.5198734375 0.5324921875 0.4988796875 0.5464234375 0.48819375000000004 0.5689968750000001 0.4881734375 0.5705578124999999 0.483853125 0.5833328125 0.48364531250000004 0.600503125 0.49175312499999996 0.61865625 0.5061125 0.6363749999999999 0.5309125 0.6518125 0.5537234375 0.6595890625 0.5599765624999999 0.65915625 0.5682750000000001 0.6617 0.589115625 0.66025625 0.59118125 0.6616734375
1 0.43200625 0.395103125 0.446671875 0.38784843750000003 0.4654859375 0.38186718750000004 0.5092515625 0.378834375 0.515484375 0.3799625 0.5175875 0.3782578125 0.517778125 0.3626484375 0.5096515625 0.3460578125 0.48901874999999995 0.33033125 0.4682734375 0.323971875 0.4537234375 0.321859375 0.4203765625 0.3241703125 0.3910859375 0.33555625 0.3721578125 0.350903125 0.36366875 0.3639671875 0.36365 0.365528125 0.3592734375 0.3829859375 0.3613375 0.384403125 0.3611859375 0.3968890625 0.36732343749999996 0.405821875 0.3714546875 0.4086546875 0.37774375 0.4051 0.3944171875 0.4039453125 0.41095625 0.41371562500000003 0.42145312500000004 0.40675 0.43200625 0.395103125
1 0.250503125 0.7648078125 0.2714578125 0.754 0.2967140625 0.7319765625 0.305203125 0.7189109375 0.3073828125 0.7109625 0.3099796875 0.6686765625 0.2956203125 0.65095625 0.2791375 0.6365031250000001 0.26464375 0.629709375 0.241775 0.6266140625000001 0.21051406250000002 0.6287796875 0.1749890625 0.6390390625 0.141453125 0.65695625 0.1288359375 0.6671875 0.1182625 0.680396875 0.11824375000000001 0.6819578125 0.1160078125 0.6945890625 0.12413437499999999 0.71118125 0.12811250000000002 0.7264999999999999 0.12773125000000002 0.7577171875000001 0.1338890625 0.7650890625 0.14008437499999998 0.7693375 0.15668125 0.7744265625 0.177484375 0.7761046875 0.22541875 0.772784375 0.250503125 0.7648078125
0 0.31406875 0.33309375 0.351221875 0.3601515625 0.3616234375 0.360990625 0.3848140625 0.33755 0.40576875 0.326740625 0.457928125 0.31845 0.45630156250000004 0.2811328125 0.44400625 0.2648296875 0.41503750000000006 0.2496828125 0.3546375 0.25074687500000004 0.33364375 0.264678125 0.3124984375 0.2910953125 0.3080265625 0.3163578125 0.31406875 0.33309375
0 0.2345796875 0.533540625 0.26997187500000003 0.5342078124999999 0.30996875 0.49868750000000006 0.3231015625 0.44631406250000005 0.3399265625 0.43267187500000004 0.3317046875 0.423884375 0.2922578125 0.41414062500000004 0.26308125000000004 0.41616093750000005 0.22751875 0.42954218749999995 0.195971875 0.45512031249999996 0.1895859375 0.4664796875 0.195325 0.5081890625 0.2345796875 0.533540625
0 0.44119062500000006 0.4958359375 0.4785328125 0.507284375 0.5285703125000001 0.5022593750000001 0.5600609375000001 0.48136406249999997 0.5812625 0.45026406249999995 0.5773984375000001 0.42557968749999997 0.554815625 0.399071875 0.5113171875 0.3802515625 0.446653125 0.389409375 0.42776249999999993 0.401634375 0.4087015625 0.4279078125 0.4083203125 0.45912499999999995 0.4164671875 0.47415624999999995 0.44119062500000006 0.4958359375
0 0.57008125 0.5134203125 0.6034078125 0.5126703125 0.6386859375 0.5227031249999999 0.6717265625 0.5453671875 0.6849734375 0.48362812499999996 0.6747234375 0.4703015625 0.6333453125 0.448215625 0.5895984375000001 0.44968593749999997 0.5705765625 0.47283749999999997 0.5222421875000001 0.5089359375 0.5241171875 0.5259609375000001 0.57008125 0.5134203125
1 0.3920578125 0.597490625 0.47058906250000004 0.6466328125 0.5038765625 0.64900625 0.5020015625 0.63198125 0.48356875 0.606746875 0.48175 0.5850390625 0.4904109375 0.5579265625 0.517865625 0.52639375 0.4868125 0.511390625 0.4389359375 0.510028125 0.399128125 0.5299406249999999 0.382265625 0.546703125 0.37574687500000004 0.5689890625 0.3920578125 0.597490625
1 0.6513687499999999 0.33624062499999996 0.688503125 0.364859375 0.7322296875000001 0.3649484375 0.7761859375 0.3463078125 0.7865875 0.347146875 0.7929359375 0.3389109375 0.7976171875 0.29647812500000004 0.7915734375000001 0.2797421875 0.754384375 0.25580625 0.7252640625 0.2531453125 0.6960296875 0.2598484375 0.6645390625 0.28074374999999996 0.6518453125 0.29721875 0.6513687499999999 0.33624062499999996
1 0.9190671874999999 0.5828171875 0.9524703125 0.575825 0.9549734375 0.541340625 0.9675921875 0.531109375 0.982903125 0.47078749999999997 0.9394984375 0.4441625 0.8686578125000001 0.4475109375 0.8225046875 0.47565937500000005 0.8118546875 0.4951125 0.8116078124999999 0.515403125 0.8382828124999999 0.547865625 0.8984171875 0.5686515625 0.9190671874999999 0.5828171875
4 0.9148609375 0.5862265625 0.8668890625 0.59266875 0.8662421874999999 0.6457375 0.849209375 0.67655 0.8678328125 0.6861765625 0.9095328125 0.681728125 0.9243124999999999 0.665109375 0.9437921875 0.6044968749999999 0.9148609375 0.5862265625
4 0.7343171875000001 0.7063406249999999 0.69468125 0.71220625 0.6364796875 0.7037609375 0.6154484375 0.7208140625 0.608853125 0.7493421875 0.6463484375 0.7483046875 0.68579375 0.7580484375000001 0.7172453125 0.7402734375 0.7343171875000001 0.7063406249999999
0 0.548825 0.8907390625 0.6443703125 0.9106328124999999 0.67144375 0.9103171874999999 0.6448828125 0.8684890624999999 0.6431984374999999 0.83585625 0.647728125 0.8059109375 0.6815875 0.7614578125 0.6442453125000001 0.750009375 0.61091875 0.7507578125000001 0.5669234375000001 0.7725203125 0.560253125 0.8072921875000001 0.5305625 0.85145625 0.5304296875000001 0.8623828124999999 0.548825 0.8907390625
