2 0.5241718750000001 0.7446578125000001 0.522596875 0.761325 0.5278343750000001 0.7720109374999999 0.54726875 0.781215625 0.55445625 0.7878000000000001 0.5762328125 0.7887390625 0.5993890625 0.7750921875000001 0.6169140625 0.754928125 0.6262671875 0.7385953125 0.63270625 0.7200453125 0.6350703125 0.6950421875 0.6315859374999999 0.6823406249999999 0.6197515625000001 0.6588203125 0.6201453124999999 0.6546531250000001 0.6102421875 0.6437671875000001 0.6086859375 0.6437 0.599746875 0.6391312499999999 0.585746875 0.638528125 0.5729078125 0.6421578125 0.562984375 0.64800625 0.5511109375000001 0.6579546875 0.538646875 0.6741546875 0.529490625 0.688403125 0.5214953125 0.7068859375 0.5197234374999999 0.7256375 0.5241718750000001 0.7446578125000001
2 0.34741093749999996 0.7475031249999999 0.3676328125 0.748375 0.38066875 0.742659375 0.3907890625 0.734728125 0.413375 0.710596875 0.422728125 0.6942640625000001 0.4289703125 0.6777984375 0.43074375 0.659046875 0.42786875 0.6233593749999999 0.42243437500000003 0.6147578125 0.40339375000000005 0.6013859375 0.4018390625 0.60131875 0.3960109375 0.5968843749999999 0.3789 0.596146875 0.3656671875 0.6039453124999999 0.3555453125 0.6118765625 0.3240015625 0.6481734375 0.3175625 0.6667234375 0.3148046875 0.6958921874999999 0.31693125 0.70644375 0.342940625 0.74521875 0.34741093749999996 0.7475031249999999
2 0.276996875 0.765390625 0.2956640625 0.76619375 0.3215375 0.7568484375 0.3349671875 0.7469671875 0.336915625 0.7428671875 0.315178125 0.708459375 0.3128546875 0.6999921875 0.316596875 0.6604062500000001 0.318546875 0.65630625 0.3171875 0.65415625 0.2998796875 0.6555015625 0.29405156250000003 0.6510671875 0.2831625 0.6505984375 0.2798546875 0.652546875 0.2796578125 0.65463125 0.27790625 0.6566468750000001 0.27650625 0.6879671875 0.2747546875 0.6899828125 0.2737703125 0.7003999999999999 0.265578125 0.7209671875 0.25661875 0.7331328125 0.254471875 0.7393171875 0.2554375 0.7456343750000001 0.2635890625 0.7585375 0.276996875 0.765390625
2 0.2333296875 0.53339375 0.2566625 0.5343984374999999 0.28292968749999997 0.5208859375 0.29500000000000004 0.5088546875 0.302403125 0.49662187500000005 0.30691406250000003 0.4654375 0.30305468750000003 0.4401671875 0.2883078125 0.414428125 0.264796875 0.398771875 0.2632421875 0.3987046875 0.24437812499999997 0.399984375 0.2179140625 0.4155796875 0.21090312500000002 0.42364687500000003 0.202909375 0.44212968750000003 0.199384375 0.46289687500000004 0.2007421875 0.46504687499999997 0.1993640625 0.47963125 0.2038140625 0.4986515625 0.21875781249999998 0.52230625 0.2333296875 0.53339375
3 0.5641093749999999 0.5204453124999999 0.551625 0.5533796875 0.5496546875 0.5742140625000001 0.55623125 0.603784375 0.56591875 0.6334890625 0.5701906250000001 0.6378578125 0.606165625 0.637315625 0.6149078125 0.6439671875 0.6218984375 0.6526359375 0.6308171875 0.673940625 0.637984375 0.6972609375000001 0.6385546875 0.7077453125 0.6484593750000001 0.7186312499999999 0.6622625 0.7213171875 0.66344375 0.7088171875 0.66055 0.6898640625 0.6502921875000001 0.649675 0.6318421875 0.630053125 0.6236906249999999 0.61715 0.6176859375 0.5980640625 0.61615 0.5812625 0.6169374999999999 0.572928125 0.6233765625000001 0.554378125 0.6309781250000001 0.5400609375000001 0.6351140625 0.49630937499999994 0.6397999999999999 0.47977499999999995 0.6433046874999999 0.4757421875 0.6437 0.47157499999999997 0.65325 0.453159375 0.6598859375 0.43252499999999994 0.6670921875 0.422375 0.688496875 0.4107453125 0.7159453124999999 0.3847328125 0.71576875 0.37008125000000003 0.7021625 0.3653109375 0.6850515625 0.364575 0.6848546875 0.3666578125 0.6758953125 0.3788234375 0.6626624999999999 0.386621875 0.6521484375 0.3987203125 0.6220015625 0.4036984375 0.6060328125 0.4239296875 0.598234375 0.44032968749999996 0.587325 0.4565953125 0.5752546875 0.4686265625 0.56940625 0.4809265625 0.5641093749999999 0.5204453124999999
3 0.45049374999999997 0.5657593750000001 0.44893906250000004 0.5656921875 0.4285 0.5836390625 0.4154640625 0.5893531249999999 0.3874640625 0.5881484375 0.3872671875 0.59023125 0.3884296875 0.594465625 0.40514687499999996 0.59936875 0.4136921875 0.6081046875 0.41971718750000003 0.61045625 0.428065625 0.6212765625000001 0.4299953125 0.6339109374999999 0.43310624999999997 0.6340453125 0.45084843750000003 0.5950624999999999 0.4526203125 0.5763109375 0.45049374999999997 0.5657593750000001
3 0.307525 0.44245156249999995 0.309828125 0.46765468749999994 0.3080546875 0.48640625000000004 0.310378125 0.4948734375 0.3105546875 0.509525 0.3117171875 0.513759375 0.33369218749999996 0.5126125 0.3471 0.5194671875 0.348853125 0.51745 0.35531250000000003 0.48216562500000004 0.3668125 0.4596484375 0.36760000000000004 0.451315625 0.3738421875 0.4348484375 0.3767765625 0.42033125 0.3960734375 0.3814140625 0.41594218749999995 0.35298281249999997 0.4315171875 0.33691875 0.4414421875 0.33107031249999996 0.488325 0.3142609375 0.51343125 0.296515625 0.5356015625 0.2932859375 0.5437734375 0.28945468750000003 0.5536984375 0.28360625 0.5611015625 0.2713734375 0.5638390625 0.2589390625 0.560925 0.256721875 0.54848125 0.2561859375 0.5070515624999999 0.2648609375 0.50569375 0.26271093749999996 0.497915625 0.26237656249999997 0.490925 0.25370625 0.4759609375 0.24678593750000002 0.47440468750000003 0.24671875000000001 0.44485 0.245446875 0.43045625000000004 0.24901093749999997 0.40925 0.25855625 0.390759375 0.2724046875 0.3498609375 0.3250328125 0.32705937500000004 0.3679828125 0.314378125 0.403 0.310853125 0.42376718750000003 0.30910000000000004 0.425784375 0.307525 0.44245156249999995
3 0.5061640625 0.35686874999999996 0.52524375 0.336771875 0.541784375 0.32702343749999996 0.5515109375 0.323259375 0.563759375 0.325878125 0.5688187499999999 0.3219125 0.5731124999999999 0.3095453125 0.57429375 0.2970453125 0.5676984375 0.284209375 0.5661421875 0.2841421875 0.5583640625 0.2838078125 0.5354046875 0.2953703125 0.513234375 0.29859843750000004 0.48968437500000006 0.3164125 0.4620578125 0.3277734375 0.4618609375 0.3298578125 0.47371406250000003 0.33664375 0.48808749999999995 0.3498140625 0.4999421875 0.35660156249999997 0.5061640625 0.35686874999999996
4 0.27229375 0.63339375 0.277728125 0.641996875 0.2971625 0.6512015625 0.3142734375 0.6519375000000001 0.3224453125 0.64810625 0.355940625 0.607709375 0.37929375 0.5919796875000001 0.3796875 0.5878125 0.37017656250000003 0.572759375 0.35117656249999996 0.52591875 0.3379640625 0.51698125 0.33018593749999997 0.516646875 0.32882812499999997 0.5144953125 0.327271875 0.514428125 0.312878125 0.5179921875 0.307621875 0.5240421875 0.3027578125 0.525925 0.2869859375 0.5440734375 0.2737328125 0.56860625 0.269440625 0.580971875 0.2680609375 0.59555625 0.26979375 0.610275 0.2758 0.6293609375 0.27229375 0.63339375
5 0.634896875 0.5151265625 0.6362546874999999 0.517278125 0.6348765625 0.5318625 0.6379875 0.5319953125 0.64830625 0.5219796875 0.6582296875 0.51613125 0.6726234375 0.51256875 0.6895374999999999 0.5153890624999999 0.70275 0.5243249999999999 0.7074171875 0.5245265625 0.7095828125 0.5016078125 0.70785 0.486890625 0.70416875 0.476271875 0.6933 0.4590671875 0.69174375 0.45899999999999996 0.681446875 0.45228124999999997 0.6581125 0.45127656250000003 0.6528562499999999 0.457325 0.6433046874999999 0.4757421875 0.6427140625 0.48199218750000006 0.638815625 0.49019218750000004 0.637240625 0.506859375 0.6354875 0.5088765625 0.6366484375 0.5131109375 0.634896875 0.5151265625
5 0.16948749999999999 0.7461156250000001 0.1873671875 0.7552531250000001 0.2200328125 0.7566609375 0.24630000000000002 0.7431484375 0.2622703125 0.7229171875 0.27006718749999997 0.7065171875 0.2761328125 0.6753984375 0.274775 0.6732484375000001 0.276153125 0.6586640625 0.26743125 0.6352765625 0.24762187500000002 0.6135046875 0.23110312500000002 0.6065171874999999 0.22954687499999998 0.6064499999999999 0.20932499999999998 0.605578125 0.1916234375 0.6110921874999999 0.1766390625 0.62090625 0.162028125 0.6432890625 0.15363906249999998 0.6659390625 0.1503109375 0.6846234375 0.15182656249999998 0.718159375 0.15415 0.726628125 0.1609421875 0.7373796875 0.16948749999999999 0.7461156250000001
5 0.29549375 0.4210140625 0.302878125 0.42551562499999995 0.3083328125 0.4173828125 0.317509375 0.38639843749999997 0.3315484375 0.3535328125 0.3319625 0.3326296875 0.32963906249999997 0.3241625 0.30709375 0.31482343749999997 0.28864375 0.2952015625 0.2870890625 0.295134375 0.2662765625 0.3005140625 0.2491453125 0.31651093750000003 0.24075625 0.3391609375 0.2393578125 0.37048125 0.241878125 0.376865625 0.2424484375 0.38734999999999997 0.24788281250000002 0.39595156249999997 0.27101875 0.399040625 0.28714531249999997 0.41019375 0.29549375 0.4210140625
5 0.45541406249999994 0.6789375 0.459884375 0.6812218750000001 0.4696109375 0.67745625 0.48983437500000004 0.678328125 0.5119859375 0.6918328125000001 0.52131875 0.6922359375 0.5316359375 0.6822203124999999 0.54644375 0.6577546875 0.5501859375 0.6181687499999999 0.5457359375 0.5991484375 0.5362265625 0.5840953125 0.52768125 0.575359375 0.5261250000000001 0.5752921875 0.512715625 0.5684390625 0.49560468750000003 0.5677015625 0.48121093750000005 0.571265625 0.46291874999999993 0.5830296875000001 0.4504546875 0.599228125 0.4498640625 0.6054796875 0.4459640625 0.6136796875 0.44399531249999996 0.6345140625 0.44553125 0.651315625 0.45541406249999994 0.6789375
1 0.606803125 0.267065625 0.6147781250000001 0.2653171875 0.6348234374999999 0.2515375 0.640475 0.2413203125 0.6406921875 0.22250312499999997 0.63720625 0.2098 0.6185609375000001 0.1922609375 0.6170046874999999 0.1921953125 0.6061156249999999 0.19172499999999998 0.5993031249999999 0.1977078125 0.5973531249999999 0.20180781250000002 0.5918593750000001 0.24341093749999998 0.5840609375 0.2598109375 0.571596875 0.276009375 0.57100625 0.282259375 0.576440625 0.2908609375 0.58421875 0.291196875 0.606803125 0.267065625
1 0.41137187500000005 0.4343734375 0.42381718749999997 0.434909375 0.44033749999999994 0.441896875 0.45471093749999997 0.45506718749999997 0.46404375 0.45546875 0.4739671875 0.4496203125 0.4846796875 0.43543750000000003 0.48785156250000006 0.3853671875 0.48979999999999996 0.3812671875 0.4884421875 0.3791171875 0.4896234375 0.3666171875 0.4863359375 0.35183125 0.4661328125 0.334225 0.46457812499999995 0.3341578125 0.44435624999999995 0.3332875 0.43949218749999996 0.33517031249999996 0.4223609375 0.35116718750000003 0.4110578125 0.37160000000000004 0.40052343749999997 0.400434375 0.387665625 0.4208 0.38473125 0.43531718750000004 0.3858921875 0.4395515625 0.3952265625 0.439953125 0.41137187500000005 0.4343734375
1 0.339940625 0.1656171875 0.34771874999999997 0.1659515625 0.3640421875 0.1750234375 0.3809359375 0.194578125 0.38268749999999996 0.1925625 0.3838703125 0.18006093750000002 0.3829046875 0.17374375 0.37321875000000004 0.1440390625 0.36351093749999996 0.13106875 0.3501015625 0.12421562500000001 0.348546875 0.1241484375 0.3219046875 0.12509375 0.301859375 0.1388734375 0.2905578125 0.15930625 0.2870328125 0.1800734375 0.29150156250000003 0.1823578125 0.2932546875 0.1803421875 0.3072546875 0.1809453125 0.32379375 0.1711984375 0.3284609375 0.1713984375 0.339940625 0.1656171875
1 0.3892171875 0.58613125 0.41566093750000005 0.5872703125000001 0.428696875 0.58155625 0.452640625 0.5595765625 0.4604390625 0.5431765625 0.4618171875 0.5285921874999999 0.4635703125 0.526575 0.46457499999999996 0.49942343749999996 0.45935781249999996 0.47200312499999997 0.45431718749999994 0.45923437500000003 0.4444125 0.44834687500000003 0.43411406250000006 0.441628125 0.432559375 0.4415609375 0.42808906249999995 0.4392765625 0.40475625 0.43827187500000003 0.3870546875 0.443784375 0.3695296875 0.46395 0.362125 0.4761828125 0.35314531250000003 0.5050828125 0.3531265625 0.52181875 0.3721265625 0.568659375 0.38027812499999997 0.5815625 0.3892171875 0.58613125
1 0.5544156250000001 0.8212703125 0.5645171875 0.8300734375 0.5905671875 0.8353796875 0.59950625 0.8399484375 0.6088390625 0.8403499999999999 0.6101984375 0.8425 0.63353125 0.8435062500000001 0.6432578125 0.8397406249999999 0.6555265625 0.8256249999999999 0.6623593750000001 0.8029078125 0.66686875 0.7717234375 0.6645453125 0.7632546875 0.6651359375 0.7570046875 0.65913125 0.73791875 0.6482625 0.7207140625 0.640878125 0.7162124999999999 0.6393234375 0.7161453125 0.636015625 0.7180953125 0.6276265624999999 0.7407453125 0.620221875 0.752978125 0.60600625 0.77119375 0.5824546875000001 0.78900625 0.5777890625000001 0.78880625 0.571171875 0.7927046875 0.55250625 0.7918999999999999 0.548015625 0.8063515625000001 0.5544156250000001 0.8212703125
1 0.633284375 0.4 0.6509859375 0.3944859375 0.66305625 0.3824546875 0.6747328125000001 0.3745890625 0.681940625 0.36444062499999996 0.6860359375 0.35415625 0.688596875 0.327071875 0.6870609375 0.31027031250000003 0.6824140625 0.29333437500000004 0.6773734375 0.28056562500000004 0.6678640625 0.2655125 0.65329375 0.254425 0.6517375000000001 0.2543578125 0.6363796875000001 0.2516046875 0.6278140624999999 0.259603125 0.6048546875 0.27116562499999997 0.58908125 0.2893140625 0.5851828125 0.2975140625 0.583784375 0.3288328125 0.5962078125 0.346103125 0.6080421874999999 0.369625 0.6179265625 0.397246875 0.633284375 0.4
1 0.2849625 0.2845828125 0.2944734375 0.2996359375 0.308846875 0.31280625 0.3177859375 0.3173765625 0.334896875 0.3181125 0.33665 0.316096875 0.35065 0.3167 0.364471875 0.3026515625 0.3718765625 0.29041875 0.38589531250000003 0.2742859375 0.3901890625 0.2619203125 0.3915671875 0.2473359375 0.39022968750000003 0.22845 0.3819 0.2008953125 0.36384531249999996 0.17710625 0.35510156249999997 0.17045468749999998 0.347325 0.17011875 0.345965625 0.16796875 0.3444109375 0.1679015625 0.3220421875 0.1732140625 0.30375 0.184978125 0.29616875 0.182559375 0.2913046875 0.18444218750000002 0.2803953125 0.2007078125 0.2752953125 0.23814375000000002 0.2766546875 0.24029375000000003 0.27566875 0.2507109375 0.279921875 0.2718140625 0.2849625 0.2845828125
0 0.5269125 0.5669593749999999 0.5465640625 0.5573453125000001 0.554165625 0.5430296875 0.55475625 0.536778125 0.5584578125 0.5306625 0.5631453125 0.5141281249999999 0.5662953125 0.48079218749999997 0.565134375 0.476559375 0.55735625 0.4762234375 0.5491843750000001 0.48005624999999996 0.536740625 0.47952031249999993 0.5349875 0.4815359375 0.5336296875000001 0.4793859375 0.524296875 0.478984375 0.49302812500000004 0.4462578125 0.4914734375 0.446190625 0.48680625 0.4459890625 0.471821875 0.45580468749999997 0.462271875 0.47422031249999996 0.46479218749999995 0.48060468749999996 0.46709531249999997 0.5058078125 0.46355 0.543309375 0.46471093750000003 0.54754375 0.4788875 0.5627984374999999 0.4849140625 0.56515 0.5269125 0.5669593749999999
0 0.4497140625 0.2435640625 0.451465625 0.241546875 0.47324374999999996 0.2424859375 0.48218281249999995 0.2470546875 0.4901578125 0.24530625 0.4884453125 0.21385312500000003 0.49588906250000003 0.16815 0.4877375 0.155246875 0.4817125 0.1528953125 0.48015625 0.1528296875 0.465959375 0.154309375 0.45136875 0.15995625 0.435596875 0.1781046875 0.42760156250000003 0.1965890625 0.4240765625 0.21735625 0.422325 0.2193734375 0.42112343750000003 0.24860781250000002 0.42734531249999996 0.2488765625 0.43396093750000003 0.244978125 0.4497140625 0.2435640625
0 0.1902640625 0.6089421875000001 0.20796562500000002 0.603428125 0.2344109375 0.6045671875 0.24646093750000003 0.6092703125 0.26646562500000004 0.628959375 0.2695765625 0.62909375 0.269203125 0.616525 0.26475312500000003 0.59750625 0.2659359375 0.5850046875 0.2743234375 0.5623546875 0.2873796875 0.53990625 0.29438906249999997 0.531840625 0.2947828125 0.5276734375000001 0.29186875 0.52545625 0.29031406249999997 0.5253890625000001 0.28428749999999997 0.5230375 0.25646562500000003 0.5364828125 0.23313125 0.535478125 0.2199203125 0.526540625 0.2136984375 0.5262718750000001 0.199875 0.5403203125 0.1920765625 0.5567203125 0.187390625 0.5732546875 0.1861890625 0.602490625 0.1902640625 0.6089421875000001
0 0.7432578125 0.3105984375 0.7675953125 0.28445156250000003 0.773640625 0.27006718749999997 0.7814593750000001 0.2369328125 0.781871875 0.21603124999999998 0.7762609375 0.192778125 0.7649984375 0.17974218749999998 0.7455640625 0.1705359375 0.744009375 0.1704703125 0.7173671875000001 0.1714140625 0.701025 0.179078125 0.6907062500000001 0.18909375 0.683303125 0.20132656249999997 0.6749140625 0.2239765625 0.6727265625000001 0.26362968750000004 0.690565625 0.3062375 0.71155625 0.315509375 0.7286671874999999 0.3162453125 0.7432578125 0.3105984375
0 0.5478265625 0.4779046875 0.5544421875000001 0.47400624999999996 0.5655281249999999 0.4723921875 0.5824625 0.45847812499999996 0.5953203125 0.4381125 0.6056578125 0.4113609375 0.60821875 0.38427656250000003 0.6062890624999999 0.3716421875 0.589021875 0.33951875 0.575809375 0.33058125 0.574253125 0.3305140625 0.569784375 0.32822968750000003 0.5495625000000001 0.327359375 0.5266031250000001 0.338921875 0.5040171875 0.36305312500000003 0.49367968749999996 0.389803125 0.490528125 0.42313906250000005 0.49361875 0.44000781250000004 0.5103156249999999 0.46164531249999996 0.5276046875 0.477034375 0.5478265625 0.4779046875
0 0.5014203125 0.2583421875 0.5105562499999999 0.260828125 0.5408999999999999 0.2537671875 0.5597640625 0.25248750000000003 0.5642328125 0.254771875 0.566753125 0.26115625 0.5642125 0.2715078125 0.5655718750000001 0.2736578125 0.5721875 0.26975937499999997 0.5844546875 0.25564375 0.590696875 0.23917656250000002 0.593040625 0.23090937500000003 0.5963890625 0.195490625 0.5950296875000001 0.193340625 0.5960156249999999 0.1829234375 0.590796875 0.15550312500000002 0.5814843749999999 0.138365625 0.5544687500000001 0.1267421875 0.5529140625 0.126675 0.5387171875 0.12815625 0.5287921875 0.1340046875 0.5204234375000001 0.1399203125 0.509909375 0.15201875 0.49840937500000004 0.174534375 0.49372343750000003 0.19106875 0.4913390625 0.2328046875 0.493859375 0.2391890625 0.4944296875 0.24967343749999998 0.5014203125 0.2583421875
0 0.68895 0.356375 0.696728125 0.356709375 0.713071875 0.34904531250000004 0.719884375 0.3430625 0.7342984375 0.3227640625 0.7366421875 0.314496875 0.7350859375 0.3144296875 0.7193328125 0.31584375 0.7175812500000001 0.3178609375 0.716221875 0.315709375 0.705334375 0.315240625 0.691728125 0.3104703125 0.689975 0.3124875 0.688990625 0.3229046875 0.6903484375 0.3250546875 0.6875921875000001 0.3542234375 0.68895 0.356375
1 0.428653125 0.780290625 0.44088125 0.79964375 0.45875937499999997 0.8087828125 0.49162343750000004 0.80810625 0.5089515625 0.790025 0.5194859375 0.761190625 0.51255625 0.7023171875 0.48808125 0.68034375 0.4497640625 0.689153125 0.433596875 0.71146875 0.42676406250000004 0.7341859375 0.428653125 0.780290625
1 0.6225890625 0.5627125000000001 0.6186703125 0.587646875 0.62544375 0.615134375 0.6434984375 0.6389234375 0.6629328125 0.648128125 0.6835484375 0.64483125 0.69873125 0.6329343749999999 0.7207656250000001 0.581584375 0.7211796875 0.5606828125 0.706825 0.5307765625 0.6770937499999999 0.5148531249999999 0.64635625 0.5260796875 0.6225890625 0.5627125000000001
