2 0.3792 0.29360624999999996 0.3768765625 0.309134375 0.3640078125 0.3250484375 0.37475468749999996 0.337315625 0.3903234375 0.3453921875 0.41942812500000004 0.34710312499999996 0.4347921875 0.3425234375 0.44420312500000003 0.33569218749999996 0.44443593750000004 0.3341390625 0.45410781250000004 0.3115484375 0.459453125 0.2758359375 0.45625781249999997 0.2691578125 0.44527968749999997 0.25844374999999997 0.43566562500000006 0.25261875 0.423525 0.2496671875 0.40563281250000005 0.25711875 0.37556875 0.2758265625 0.3760046875 0.2869296875 0.3792 0.29360624999999996
2 0.4852453125 0.3277 0.5083359375 0.35557343750000003 0.5181828125 0.35984531249999996 0.5449921875 0.362875 0.5585265625 0.3565109375 0.5810375 0.3322125 0.5812703124999999 0.33065937500000003 0.58153125 0.3148984375 0.5765078124999999 0.3064359375 0.5655281249999999 0.29572031249999997 0.5476656249999999 0.2889640625 0.5332296875 0.2873328125 0.5268109375 0.2881859375 0.512809375 0.29765625 0.4905609375 0.3061953125 0.48803437499999996 0.3090671875 0.4852453125 0.3277
3 0.26063437500000003 0.329153125 0.23768906250000002 0.3423484375 0.2355671875 0.37053125 0.229584375 0.3824875 0.22223593749999998 0.3895515625 0.2215375 0.39420937500000003 0.2398359375 0.41206718750000004 0.25151249999999997 0.418125 0.27602812499999996 0.42247500000000004 0.30812343750000004 0.41820781250000005 0.32441718750000004 0.4074171875 0.3345265625 0.395928125 0.33475781250000003 0.3943765625 0.339609375 0.3759765625 0.3368796875 0.36619375 0.338040625 0.35842968750000004 0.3282234375 0.33995156249999997 0.32868906249999996 0.3368453125 0.3117546875 0.323878125 0.30763124999999997 0.3234125 0.30007968749999997 0.31782187500000003 0.2918296875 0.3168890625 0.26063437500000003 0.329153125
3 0.220609375 0.4004203125 0.22037656249999998 0.4019734375 0.23382343749999998 0.43823125 0.239778125 0.4404828125 0.254678125 0.43900937500000003 0.28355 0.44227343750000003 0.28950468749999997 0.44452499999999995 0.2972890625 0.4485625 0.310096875 0.46106406250000004 0.3167203125 0.472865625 0.318984375 0.485753125 0.317590625 0.49507031250000005 0.3125375 0.500815625 0.3118390625 0.5054734375 0.2900265625 0.5251140624999999 0.26594687499999997 0.531865625 0.2686765625 0.5416484374999999 0.276228125 0.5472390625 0.28860312499999996 0.5486375 0.3037359375 0.5456109375 0.3152078125 0.5390125 0.32784375 0.5246515625 0.3280765625 0.5230984375000001 0.3308359375 0.5186734375000001 0.33525 0.489171875 0.332753125 0.4778359375 0.3179109375 0.45089375 0.3019078125 0.431715625 0.29252500000000003 0.4243390625 0.257234375 0.42192968750000004 0.241434375 0.41540625000000003 0.22473281250000002 0.4008859375 0.220609375 0.4004203125
3 0.45132031250000004 0.33018125 0.47284218750000007 0.340509375 0.487946875 0.351690625 0.4986921875 0.3639578125 0.5016546875000001 0.3721875 0.5009578125 0.37684531250000003 0.4931453125 0.387015625 0.4912859375 0.3994375 0.48576718750000003 0.40828749999999997 0.4690078125 0.4221828125 0.47905625 0.43910937499999997 0.4799578125 0.44710625000000004 0.4760359375 0.4592953125 0.466159375 0.46923125 0.45698125 0.47450937499999996 0.4606125 0.4922890625 0.45898593749999994 0.5031578125 0.44565312500000004 0.522178125 0.42706406250000006 0.5342875 0.4231421875 0.5464765625 0.4245078125 0.55136875 0.4281671875 0.5549390625 0.436415625 0.555871875 0.44306718749999996 0.5534656250000001 0.45294375000000003 0.5435296875 0.4589265625 0.5315734375 0.4665078125 0.52295625 0.48829218750000003 0.517525 0.49770312499999997 0.51069375 0.5055171875 0.5005234375 0.514725 0.48103749999999995 0.51495625 0.479484375 0.5221609375 0.43135 0.52033125 0.4295640625 0.521521875 0.4075921875 0.516759375 0.38336875 0.508771875 0.3666765625 0.5062734375 0.355340625 0.48295000000000005 0.32901875 0.4600625 0.31379999999999997 0.4559390625 0.313334375 0.45132031250000004 0.33018125
4 0.3771609375 0.6154921875 0.38331875000000004 0.6303984375 0.39246875000000003 0.639328125 0.40643906249999995 0.644065625 0.44585468749999996 0.6469421875 0.47016562500000003 0.6386375 0.4703984375 0.6370843749999999 0.4754515625 0.6313390625 0.47707812499999996 0.6204703125 0.47321562500000003 0.60424375 0.46772656250000005 0.5988859375 0.44414218749999995 0.588325 0.4193953125 0.585528125 0.40861875000000003 0.58746875 0.396215625 0.6002765625 0.380153125 0.6095140625 0.3771609375 0.6154921875
5 0.5039515625 0.258759375 0.5328234375 0.2620234375 0.5435984375 0.2600828125 0.554840625 0.2550375 0.5665453125 0.2468875 0.5824046875 0.22499531250000002 0.5826374999999999 0.22344218749999997 0.5837984374999999 0.215678125 0.58016875 0.1978984375 0.5769734375 0.191221875 0.569421875 0.18563125 0.5201015625000001 0.20689843749999998 0.5040390625 0.21613593749999999 0.47284375 0.2284 0.468021875 0.23259218750000002 0.48998125000000003 0.254021875 0.5039515625 0.258759375
5 0.33981249999999996 0.38863125 0.3372859375 0.391503125 0.339115625 0.3932890625 0.34829374999999996 0.3880109375 0.3556421875 0.380946875 0.355875 0.37939375000000003 0.360928125 0.3736484375 0.36395 0.3534640625 0.3582578125 0.33545156249999997 0.35459687500000003 0.33187968749999996 0.3504734375 0.3314125 0.33075156250000004 0.337078125 0.3302859375 0.340184375 0.3387375 0.35377187499999996 0.34100312499999996 0.366659375 0.33981249999999996 0.38863125
5 0.53895 0.40324687499999995 0.549290625 0.3902046875 0.549521875 0.3886515625 0.5516140625 0.37467656250000003 0.546821875 0.3646609375 0.5158875 0.3611640625 0.509934375 0.3589125 0.50946875 0.36201875 0.5174562500000001 0.3787109375 0.52131875 0.3949375 0.5203890624999999 0.4011484375 0.5238171875 0.4062734375 0.53895 0.40324687499999995
0 0.4204125 0.53669375 0.41376093750000004 0.5391 0.4032171875 0.5394875 0.400690625 0.542359375 0.41004218750000004 0.56394375 0.4074859375 0.5810234375000001 0.40931562499999996 0.582809375 0.4443734375 0.5867734375 0.4599421875 0.5948484374999999 0.46819062499999997 0.59578125 0.4748421875 0.593375 0.4856484375 0.577228125 0.48587968750000005 0.575675 0.48750781249999997 0.56480625 0.48547343749999994 0.5503640625 0.46993437499999996 0.52808125 0.4658109375 0.5276156249999999 0.45753281250000005 0.5408906250000001 0.4451296875 0.5536984375 0.43618281249999996 0.5574250000000001 0.427934375 0.5564921875 0.4222125 0.5526875 0.4204125 0.53669375
0 0.3055921875 0.6452984374999999 0.3064921875 0.6532953125 0.316078125 0.6733265625 0.319940625 0.689553125 0.32313593749999997 0.6962296875 0.327028125 0.6982484375 0.343990625 0.6970078125 0.3667046875 0.685365625 0.37887499999999996 0.674109375 0.385090625 0.6606 0.3853234375 0.659046875 0.385584375 0.6432875 0.3789625 0.6314859375 0.3698125 0.6225562499999999 0.35241406249999996 0.6126953125 0.3132328125 0.608265625 0.2981 0.6112921874999999 0.2951078125 0.6172703125 0.298534375 0.62239375 0.29783750000000003 0.6270515624999999 0.3055921875 0.6452984374999999
0 0.4567234375 0.266053125 0.4617484375 0.274515625 0.459859375 0.3011453125 0.46168906249999997 0.30293125 0.48873125 0.304409375 0.4974453125 0.3022359375 0.5153375 0.294784375 0.5270421875 0.286634375 0.5325609375 0.27778281250000003 0.53279375 0.27623125000000004 0.5344203125 0.2653609375 0.532590625 0.263575 0.5016578125 0.2600796875 0.495703125 0.25782656249999997 0.4840265625 0.25177031250000004 0.46366562499999997 0.23367812500000001 0.45495156249999996 0.2358515625 0.44461093749999997 0.24889375 0.44368125 0.2551046875 0.4567234375 0.266053125
0 0.3384453125 0.4958484375 0.33635468749999997 0.5098234374999999 0.3452703125 0.5203046875 0.36473125 0.5304 0.37870312500000003 0.5351375 0.4055109375 0.5381671875 0.41193125 0.5373140624999999 0.431884375 0.5300953125000001 0.44611718749999996 0.5190734375 0.44634999999999997 0.5175203125000001 0.4573875 0.4998203125 0.4546875 0.4758296875 0.4286046875 0.4539328125 0.40891093749999996 0.44539062500000004 0.38163749999999996 0.44546562500000003 0.3616828125 0.452684375 0.34745 0.46370781250000004 0.3396375 0.4738765625 0.336615625 0.49406249999999996 0.3384453125 0.4958484375
1 0.558875 0.4102359375 0.5251812499999999 0.4111640625 0.5190812499999999 0.47995 0.5667453124999999 0.483759375 0.5959078124999999 0.4570546875 0.5874843750000001 0.429259375 0.558875 0.4102359375
1 0.38224843750000004 0.37132187499999997 0.38930625 0.3942265625 0.421575 0.416821875 0.465115625 0.42016406249999994 0.48945625000000004 0.3976515625 0.49822812499999997 0.3670640625 0.460934375 0.3360046875 0.44879218749999994 0.333053125 0.386634375 0.35602812500000003 0.38224843750000004 0.37132187499999997
0 0.3828 0.43770312499999997 0.3862859375 0.4144109375 0.36113125 0.3863046875 0.355178125 0.3840515625 0.31454218749999996 0.41735468750000004 0.2968828125 0.423253125 0.332084375 0.46828593749999997 0.3828 0.43770312499999997
