2 0.013726562500000001 0.0 0.012590625 0.0068578125 0.0104578125 0.0084140625 0.006021875 0.1459296875 0.0387875 0.16320625 0.05118125 0.1663640625 0.0761703125 0.16643125 0.107659375 0.1587 0.1266546875 0.1509359375 0.1479328125 0.1369265625 0.169665625 0.1088546875 0.180934375 0.082315625 0.180984375 0.08075312500000001 0.179709375 0.0557453125 0.1741671875 0.0338515625 0.16024531250000001 0.013498437499999998 0.1453078125 0.0 0.013726562500000001 0.0
2 0.30754375 0.22486562499999999 0.305259375 0.2311109375 0.292159375 0.24982968749999998 0.277178125 0.2622921875 0.27484375 0.2701 0.2808390625 0.2779296875 0.3117234375 0.2889515625 0.350484375 0.31405781250000003 0.35475 0.31094374999999996 0.35495156250000004 0.30469375 0.3491078125 0.29217499999999996 0.3503671875 0.253109375 0.35711875000000004 0.2374984375 0.37011875 0.2219046875 0.391446875 0.2063328125 0.40201093749999994 0.2016734375 0.4166890625 0.1985859375 0.41678906250000003 0.1954609375 0.4147078125 0.1954546875 0.412675 0.1938875 0.40226249999999997 0.193859375 0.3938828125 0.1954 0.375240625 0.192225 0.346540625 0.17808437500000002 0.32145 0.18114375 0.31301875 0.184246875 0.3065703125 0.19048125 0.30845 0.1967375 0.30754375 0.22486562499999999
2 0.3414359375 0.0780515625 0.326103125 0.101453125 0.3229625 0.1342640625 0.32499375 0.13583125000000001 0.3247421875 0.1436453125 0.3306359375 0.15460000000000002 0.3426265625 0.170259375 0.3568515625 0.1812375 0.3877359375 0.1922578125 0.41485781250000003 0.1907671875 0.4230875 0.1939140625 0.429334375 0.19393125 0.4314671875 0.1923734375 0.45650781250000005 0.1908765625 0.47336875 0.1846703125 0.49906562499999996 0.162859375 0.5145500000000001 0.1347703125 0.5146 0.13320625 0.513728125 0.095696875 0.5078828125 0.0831796875 0.4978234375 0.0722140625 0.48156718749999994 0.059668750000000007 0.4672421875 0.051815625 0.44240312499999995 0.0470625 0.4111671875 0.0469796875 0.386025 0.051601562499999996 0.3691640625 0.0578078125 0.3414359375 0.0780515625
2 0.636675 0.222609375 0.613415625 0.2334875 0.6006171874999999 0.2428296875 0.5854859375 0.25998125 0.5786328125 0.27871562499999997 0.586509375 0.2928015625 0.5986015625000001 0.3053359375 0.608409375 0.324115625 0.6124734375 0.32725312500000003 0.6222296875 0.34759531250000003 0.632490625 0.35230937500000004 0.6658109375000001 0.3523984375 0.6889703125 0.3446453125 0.7040015625 0.3306203125 0.7171000000000001 0.3119015625 0.7260359375000001 0.2931703125 0.7260859375 0.2916078125 0.7306546875000001 0.2791171875 0.7312093749999999 0.26192812499999996 0.71936875 0.24158125 0.709259375 0.2321765625 0.696965625 0.22589375 0.682540625 0.2211671875 0.6700453125 0.22113437500000002 0.6680125 0.219565625 0.6492703125 0.21951718750000002 0.636675 0.222609375
3 0.0 0.6027328125 0.022840625 0.592934375 0.031170312500000002 0.5929562500000001 0.051642187500000006 0.60395 0.059971874999999994 0.6039718749999999 0.0642375 0.6008578124999999 0.066775 0.5867984374999999 0.0628609375 0.578975 0.06336562500000001 0.5633484375 0.0701171875 0.5477375 0.0750390625 0.524309375 0.1137828125 0.48534062499999997 0.12658125 0.47599843750000004 0.16451875 0.46203281250000006 0.1709171875 0.4573609375 0.17980156249999998 0.44019375 0.189090625 0.410525 0.189140625 0.4089625 0.190703125 0.3605203125 0.1773359375 0.322978125 0.171340625 0.3151484375 0.1714921875 0.310459375 0.14969375000000001 0.2760203125 0.12372968749999999 0.2415703125 0.08745625 0.20396718749999998 0.0771953125 0.1992515625 0.0831390625 0.20864531249999999 0.09076406249999999 0.23054375 0.0919390625 0.258678125 0.08980625 0.260234375 0.089553125 0.26804843749999996 0.076403125 0.2883296875 0.05700625 0.3085953125 0.037809375 0.322609375 0.0376078125 0.328859375 0.049396875 0.3507703125 0.0531078125 0.3648453125 0.0545359375 0.385165625 0.052403124999999995 0.386721875 0.0519484375 0.40078593749999997 0.0425609375 0.43358125000000003 0.035909375 0.446065625 0.0 0.48431562499999997 0.0 0.6027328125
3 0.5529890625 0.298965625 0.5461859375 0.3161375 0.5248062499999999 0.333271875 0.5058125 0.3410359375 0.5055609375000001 0.34885 0.511303125 0.3644921875 0.529290625 0.38798125 0.5331015625 0.39893125 0.5345296875 0.41925156250000006 0.532396875 0.420809375 0.529759375 0.4379921875 0.5166593749999999 0.45671249999999997 0.45475468750000003 0.5034328125 0.4523703125 0.512803125 0.4100140625 0.5345703125 0.40128125 0.54705 0.39859374999999997 0.5657953124999999 0.4025578125 0.5720578125 0.417134375 0.5720953125 0.4381609375 0.5659 0.47625 0.547246875 0.4866125 0.5488375 0.494790625 0.553546875 0.513534375 0.553596875 0.5261796875 0.5489421875 0.5345093750000001 0.5489640625 0.5682828125 0.5349875 0.5724484375000001 0.5349984375 0.5914921875 0.525671875 0.612871875 0.5085375 0.6261234375 0.48513124999999996 0.6261734375 0.48356875 0.6308421875 0.467953125 0.632909375 0.40388437499999996 0.630878125 0.40231562500000007 0.6238578125 0.3616640625 0.6103390625 0.32880937499999996 0.59646875 0.30689375 0.5704046875000001 0.27556875000000003 0.562225 0.270859375 0.555625 0.28178125 0.5529890625 0.298965625
4 0.5685 0.5928125 0.5741421875 0.61158125 0.573840625 0.62095625 0.577753125 0.6287812500000001 0.5981234375 0.6429 0.6166140625 0.6507625 0.641553125 0.6523921875 0.6622265625 0.6571343749999999 0.6872171875 0.6572 0.69133125 0.6587734375000001 0.6934640625 0.6572171875 0.7038765625 0.65724375 0.7123578125 0.652578125 0.7359703125 0.6307609375000001 0.7360218749999999 0.6291984375 0.7381546875 0.6276421875 0.738809375 0.6073265625000001 0.736928125 0.6010703125 0.71899375 0.57601875 0.692425 0.5603203125 0.65524375 0.5508453125 0.6198406249999999 0.5507515625 0.6072453125 0.5538453125 0.5689031250000001 0.5803109375 0.5685 0.5928125
5 0.0 0.470828125 0.012396875 0.46475625000000004 0.0295109375 0.45073749999999996 0.040578125 0.43045 0.043265625 0.411703125 0.050118750000000004 0.3929671875 0.05016875 0.3914046875 0.050824999999999995 0.371090625 0.0471640625 0.35545312500000004 0.0293796875 0.32571249999999996 0.0001234375 0.3287609375 0.0 0.33259062500000003 0.0 0.470828125
5 0.1054765625 0.1618203125 0.0969453125 0.1680484375 0.0881109375 0.183653125 0.0876578125 0.1977171875 0.1298765625 0.24471250000000003 0.14379843750000001 0.26506562499999997 0.15187656249999998 0.27290156250000003 0.166303125 0.277628125 0.2037875 0.2777265625 0.20592031249999998 0.27616874999999996 0.2204984375 0.2762078125 0.2518859375 0.2716015625 0.27301406250000004 0.26228125 0.28794375 0.25138125 0.2988609375 0.23578125 0.2989109375 0.23421875 0.3056125 0.220171875 0.3062671875 0.1998578125 0.29874375 0.1748328125 0.28065625 0.15446875 0.2663828125 0.145053125 0.22930156249999997 0.132453125 0.173125 0.1307421875 0.15636406249999998 0.1338234375 0.13290156250000001 0.150953125 0.1054765625 0.1618203125
5 0.51423125 0.08007031249999999 0.5139296875 0.08944687500000001 0.519671875 0.105090625 0.5190671874999999 0.1238421875 0.5249625 0.13479687499999998 0.5391359375 0.1473375 0.5534609374999999 0.1551890625 0.5886109375 0.1630953125 0.617715625 0.16473593749999998 0.6344765625 0.161653125 0.655553125 0.1538953125 0.679015625 0.1367671875 0.6877484375 0.1242875 0.6945 0.10867656249999999 0.69455 0.1071140625 0.6934765625 0.07585625 0.675590625 0.049240624999999996 0.6592328125 0.039820312499999996 0.6116890625 0.02875625 0.582484375 0.0302421875 0.563590625 0.0348796875 0.5445453125 0.04420625 0.5338812500000001 0.051992187499999995 0.5187 0.07070625 0.51423125 0.08007031249999999
5 0.7068203125 0.43689687499999996 0.7094921875 0.3540765625 0.622028125 0.3538453125 0.6193562499999999 0.4366671875 0.7068203125 0.43689687499999996
1 0.3700671875 0.2234671875 0.35701875 0.24062343749999998 0.3568171875 0.246875 0.3524 0.2546765625 0.35159375000000004 0.2796796875 0.36109843750000004 0.307834375 0.369175 0.3156703125 0.37308906249999996 0.3234953125 0.4202796875 0.3454984375 0.457815625 0.344034375 0.45984687500000004 0.345603125 0.474425 0.34564218750000003 0.49748281250000004 0.3410140625 0.522775 0.3317046875 0.5355218749999999 0.3239234375 0.5464390625 0.308325 0.55359375 0.28021250000000003 0.5580109375 0.2724109375 0.5580609375 0.2708484375 0.5584140625 0.259909375 0.5487578125 0.2364421875 0.522390625 0.21449375 0.4792140625 0.19718750000000002 0.4584890625 0.19400781250000002 0.45635624999999996 0.19556562500000002 0.42506875 0.19704531249999999 0.39561250000000003 0.20634375 0.3807828125 0.21411875 0.3700671875 0.2234671875
1 0.6612078125 0.4305265625 0.654959375 0.430509375 0.6380484375 0.43827812499999996 0.6358640624999999 0.4413984375 0.635209375 0.46171249999999997 0.6330765625 0.4632703125 0.6303390624999999 0.48357968749999997 0.6192703125000001 0.5038671875 0.606221875 0.5210234375 0.6060203125 0.5272734375 0.6220749999999999 0.5460703125 0.6427984375 0.54925 0.6594578125 0.54929375 0.673884375 0.5540203125 0.68013125 0.5540375 0.711015625 0.5650578125 0.7362078125 0.5588734375 0.7532703125 0.5464156250000001 0.763834375 0.5417562499999999 0.7744984374999999 0.5339703124999999 0.7898328125 0.51056875 0.7898828124999999 0.50900625 0.7963828125 0.501209375 0.79505625 0.47776406250000003 0.7810828125 0.45897343749999997 0.7627953125 0.44485937499999995 0.7443546875 0.435434375 0.717534375 0.42754843749999993 0.68843125 0.425909375 0.6862984375 0.4274671875 0.6696375 0.427421875 0.6612078125 0.4305265625
0 0.0 0.811428125 0.005270312500000001 0.8148046875 0.023759375 0.8226671874999999 0.0320390625 0.824253125 0.08201875 0.824384375 0.0841515625 0.822828125 0.1091921875 0.8213312500000001 0.1197546875 0.8166703125 0.126003125 0.8166859375 0.1470296875 0.8104906250000001 0.16815625 0.8011703125 0.180853125 0.7949531249999999 0.2000484375 0.7809375000000001 0.21518125000000002 0.7637875000000001 0.2308671875 0.729446875 0.2309171875 0.727884375 0.231875 0.69819375 0.222421875 0.668475 0.21449531249999998 0.6559515625000001 0.18406406250000001 0.6308671875 0.161559375 0.6183046875 0.1326578125 0.6104140625000001 0.12016249999999999 0.61038125 0.1056859375 0.6072171875000001 0.0786140625 0.607146875 0.07658125 0.605578125 0.06195468750000001 0.607103125 0.05352343750000001 0.61020625 0.011773437500000001 0.613221875 0.005425 0.6163296875000001 0.0 0.616315625 0.0 0.811428125
0 0.48804687500000005 0.1815828125 0.4834296875 0.1956359375 0.5245234375 0.2129359375 0.5448453125 0.22861718749999999 0.554853125 0.241146875 0.5623765625 0.2661703125 0.5746203125 0.27401718750000004 0.583453125 0.2584125 0.59421875 0.24750156250000002 0.59426875 0.24593906250000003 0.6198640625 0.227253125 0.64515625 0.2179421875 0.6455093749999999 0.2070046875 0.635803125 0.1851 0.61345 0.16785 0.574034375 0.1630578125 0.5410171874999999 0.15359375 0.5199906249999999 0.1597890625 0.494546875 0.1737875 0.48804687500000005 0.1815828125
0 0.5274859375000001 0.7021 0.5427187499999999 0.6818234375000001 0.5447359374999999 0.6193171875 0.5350796875 0.59585 0.510996875 0.56765625 0.48646093749999997 0.5535249999999999 0.471934375 0.551925 0.41286875 0.5752109375 0.3964109375 0.568915625 0.3775671875 0.5719921875 0.343390625 0.59846875 0.3361859375 0.62814375 0.34335625 0.66410625 0.36921875000000004 0.70168125 0.40599687500000003 0.7236578125 0.4539453125 0.722221875 0.5084421875 0.7114265625 0.5274859375000001 0.7021
0 0.42622499999999997 0.354890625 0.36059375 0.3234609375 0.3086328125 0.3201984375 0.2642953125 0.33883593749999996 0.2280359375 0.3653078125 0.2056484375 0.41369531249999997 0.21658125 0.46217031249999996 0.26001093750000004 0.4716625 0.3317875 0.5062328125 0.3821203125 0.49542656249999995 0.42914531250000004 0.45804375 0.44909687500000006 0.42058906250000005 0.4461421875 0.3830734375 0.42622499999999997 0.354890625
1 0.30506875 0.4952234375 0.2805328125 0.4810921875 0.228975 0.465328125 0.17279843749999999 0.46361718749999997 0.1286125 0.477565625 0.07925312500000001 0.52275625 0.06758125000000001 0.561796875 0.0747015625 0.599321875 0.16780781250000001 0.618321875 0.216628125 0.6543953124999999 0.26706093750000004 0.6404625 0.2883390625 0.626453125 0.33230781249999997 0.55468125 0.3252890625 0.5140296875 0.30506875 0.4952234375
1 0.312053125 0.6015125 0.2670109375 0.6420250000000001 0.216678125 0.6528328125 0.23405937500000001 0.6950734375 0.23041406250000002 0.7435109375 0.2365609375 0.746653125 0.2992859375 0.7390046875 0.337628125 0.7125375 0.3471171875 0.67661875 0.3303421875 0.615625 0.3202828125 0.604659375 0.312053125 0.6015125
1 0.151871875 0.0 0.1801125 0.04324375 0.182915625 0.085446875 0.173578125 0.11667812500000001 0.198265625 0.1261203125 0.23981406249999998 0.12935625 0.27556875000000003 0.1185109375 0.29476562500000003 0.10449531249999999 0.3124328125 0.0732859375 0.3130890625 0.052971875 0.29174375 0.00446875 0.28743281249999997 0.0 0.151871875 0.0
