2 0.6080515625 0.8479765625000001 0.608609375 0.8708562499999999 0.615221875 0.88581875 0.6231984374999999 0.8925625 0.6405125 0.8978296875 0.6516171875000001 0.9047750000000001 0.6766546875 0.9063890625000001 0.6997203125 0.8912609375 0.7133468749999999 0.8734484374999999 0.7280828125000001 0.83701875 0.729090625 0.814240625 0.7306046875 0.8122609375 0.729996875 0.787303125 0.7199484375 0.759659375 0.7037953124999999 0.7378515625000001 0.6831484375 0.7240624999999999 0.681584375 0.7239609375 0.67996875 0.72178125 0.656496875 0.72026875 0.642565625 0.7256015625 0.62565625 0.7369718749999999 0.6119796875 0.752703125 0.6029953124999999 0.7687390625 0.59446875 0.8034921875000001 0.5962875000000001 0.8139921875 0.60285 0.826875 0.6080515625 0.8479765625000001
2 0.3511734375 0.8210453125000001 0.35778750000000004 0.8360078124999999 0.37545625 0.8558359375 0.39125624999999997 0.863084375 0.3992328125 0.8698281250000001 0.4227546875 0.8734203125000001 0.45061718749999996 0.8627546875000001 0.45515937500000003 0.8568171875000001 0.46439531250000005 0.8511828124999999 0.47650781249999996 0.83535 0.4943234375 0.797040625 0.5013875 0.766346875 0.5008296875 0.7434671875000001 0.4955265625 0.7182062499999999 0.490528125 0.7054234375 0.4759390625 0.6837171875 0.4583203125 0.6659703125 0.44247031249999996 0.6566421874999999 0.434646875 0.6561375 0.43303125 0.6539578125000001 0.43146562499999996 0.65385625 0.417434375 0.6550296875 0.403553125 0.6624421875000001 0.3929546875 0.6762953125 0.39310625 0.6825359375 0.3794796875 0.7003468749999999 0.3718078125 0.7060828124999999 0.3506609375 0.7358703125 0.34490937499999996 0.7562656249999999 0.345921875 0.7978640625 0.3511734375 0.8210453125000001
2 0.1485328125 0.5193390625000001 0.16281874999999998 0.5285656249999999 0.17720625 0.5419515625 0.19770000000000001 0.5495015624999999 0.2227875 0.5531953125 0.25070000000000003 0.5446093750000001 0.26609375 0.5352187500000001 0.2783078125 0.5235453125 0.2887046875 0.501371875 0.29445625 0.4809765625 0.29536250000000003 0.4540375 0.2901109375 0.43085625 0.2851125 0.418075 0.27203750000000004 0.3943890625 0.2607796875 0.38120468750000003 0.2385171875 0.3652328125 0.20696875 0.35281875 0.20540468750000002 0.35271718750000003 0.17254375 0.35059999999999997 0.152353125 0.35552968749999997 0.14468125 0.36126562500000003 0.1417546875 0.3693828125 0.140746875 0.3921625 0.13529843749999998 0.4250375 0.13565312499999999 0.439596875 0.1304078125 0.48079218749999997 0.1307125 0.4932703125 0.1485328125 0.5193390625000001
2 0.254771875 0.90413125 0.308025 0.9096390624999999 0.324934375 0.8982687500000001 0.3386625 0.884615625 0.349209375 0.8686828125 0.356578125 0.8504671874999999 0.356325 0.8400671875000001 0.34809531250000003 0.822925 0.3446109375 0.8081640625000001 0.34198125 0.764384375 0.34334375 0.7561656250000001 0.33052187499999997 0.7428796875 0.3178515625 0.735834375 0.3162859375 0.7357328125 0.30543437500000004 0.7391875 0.3008921875 0.745125 0.30331874999999997 0.780584375 0.3018046875 0.7825624999999999 0.302209375 0.7992015625 0.29216875 0.8359343750000001 0.2695578125 0.86978125 0.24512968750000003 0.8931281249999999 0.24528124999999998 0.8993671875 0.254771875 0.90413125
3 0.5847578125 0.597278125 0.5851124999999999 0.6118375 0.592384375 0.6538390625 0.5945578125 0.6788984375 0.5997078124999999 0.6979203125 0.6016781250000001 0.7146609374999999 0.6084953125 0.7379421875000001 0.6117765625 0.744384375 0.6164703125 0.7446859375 0.6256062499999999 0.7348921875000001 0.64559375 0.7216421875 0.6626546875 0.7165125 0.6783015625 0.7175203125 0.6763828125 0.702859375 0.66795 0.677396875 0.662596875 0.65005625 0.6617359375 0.614696875 0.6582015625000001 0.59785625 0.6551671875 0.5374375 0.65668125 0.5354593750000001 0.656225 0.5167390625 0.6590499999999999 0.5044625 0.658340625 0.47534375000000006 0.6517265625 0.46038125 0.6501625 0.46027968750000003 0.64693125 0.45591875000000004 0.6422375 0.45561562499999997 0.639209375 0.4595734375 0.636484375 0.47601250000000006 0.623009375 0.5000640625 0.6046890625 0.5175734375000001 0.583034375 0.5265609375 0.5800578125 0.5326 0.5812734374999999 0.5825171874999999 0.5847578125 0.597278125
3 0.2593546875 0.25859062499999996 0.2594046875 0.2606703125 0.277884375 0.3137765625 0.28929375 0.3332015625 0.29686406249999997 0.32330625 0.2967625 0.3191453125 0.3072609375 0.3011328125 0.3314359375 0.2673875 0.331334375 0.2632265625 0.322046875 0.26678125 0.2845421875 0.2664421875 0.2593546875 0.25859062499999996
3 0.29157500000000003 0.42679687499999996 0.2952109375 0.44779843750000003 0.2984921875 0.4542390625 0.2989984375 0.47503906249999994 0.29617343749999997 0.48731562500000003 0.2829515625 0.5217671875 0.2850734375 0.544746875 0.2883046875 0.549109375 0.291434375 0.5493109375 0.32530156250000003 0.5286484375 0.3471078125 0.5259 0.352353125 0.4847046875 0.353209375 0.45568749999999997 0.36001875 0.41459375 0.3747046875 0.37608281250000003 0.403471875 0.3384796875 0.4295671875 0.31939375000000003 0.4529375 0.316746875 0.48085000000000006 0.3081609375 0.4902390625 0.30876562500000004 0.516434375 0.29384062499999997 0.5430359375 0.2955546875 0.5678687499999999 0.288846875 0.5708968750000001 0.2848890625 0.573825 0.2767703125 0.5734703125 0.2622109375 0.5686234375 0.25566875 0.510675 0.249859375 0.491290625 0.223690625 0.47856875 0.214565625 0.4612046875 0.2072171875 0.459640625 0.207115625 0.412746875 0.20617187499999998 0.3956875 0.211303125 0.3756484375 0.222471875 0.3618703125 0.23404375000000002 0.32997187499999997 0.2714453125 0.2954015625 0.327365625 0.2807671875 0.36795468750000004 0.275065625 0.39043125 0.2768328125 0.3988515625 0.29157500000000003 0.42679687499999996
3 0.59299375 0.6787984375 0.5890015625 0.6432375 0.58556875 0.6305578125 0.5852140625 0.6159984374999999 0.58188125 0.6074765625 0.5815265625 0.5929171875 0.57814375 0.582315625 0.5705734375 0.5922109375 0.570675 0.596371875 0.5573015625 0.6245828125 0.546703125 0.6384359374999999 0.5483171875 0.6406171875 0.5562437499999999 0.64528125 0.5756281249999999 0.67145 0.58744375 0.7075140625 0.5899703125 0.7471328125000001 0.5965843750000001 0.7620953125 0.6043578125 0.76051875 0.6086984375 0.7462625 0.60193125 0.7250609375 0.59814375 0.6978203125 0.59299375 0.6787984375
3 0.4576828125 0.319128125 0.4593484375 0.3233890625 0.4800453125 0.33925937500000003 0.497815625 0.363246875 0.5027125 0.37186875 0.5028140624999999 0.376028125 0.507609375 0.380490625 0.519925 0.372978125 0.53809375 0.349228125 0.5488453125 0.34161406250000004 0.573678125 0.3349078125 0.6002796874999999 0.3366203125 0.6033593749999999 0.3347421875 0.6079015625 0.3288046875 0.6090609375 0.3122671875 0.5976 0.2907625 0.5960359375000001 0.2906609375 0.5944203124999999 0.28848124999999997 0.5803375 0.2875734375 0.5788234375 0.28955312499999997 0.5709984375 0.28904843750000003 0.5617625 0.294684375 0.5539390625 0.2941796875 0.54778125 0.2979359375 0.5165359375 0.298 0.49190468750000005 0.3130265625 0.4576828125 0.319128125
4 0.25560312500000004 0.6176078125 0.252878125 0.6340453125 0.2534859375 0.6590046875 0.25681875 0.6675265625 0.2631796875 0.6720890625 0.28095 0.6960765624999999 0.3005875 0.7326453125 0.3349625 0.7327828125 0.34445312499999997 0.7375468749999999 0.3732203125 0.69994375 0.3778640625 0.6981671875 0.38846250000000004 0.6843125 0.3912890625 0.672034375 0.398859375 0.6621390625 0.4046625 0.6438234375 0.4022359375 0.6083640625 0.387240625 0.57001875 0.3678546875 0.5438500000000001 0.35195468750000003 0.5324421874999999 0.3503890625 0.5323421875000001 0.3378203125 0.5294546875 0.33630625 0.531434375 0.3284828125 0.53093125 0.3068796875 0.5419984375 0.3038515625 0.5459578125 0.30072187499999997 0.5457546875 0.28845624999999997 0.5553484375 0.27634375 0.57118125 0.26589687500000003 0.591275 0.25560312500000004 0.6176078125
5 0.70923125 0.5762234375 0.709078125 0.569984375 0.7024640625 0.555021875 0.6863109374999999 0.5332140625 0.670409375 0.52180625 0.66884375 0.52170625 0.6672281250000001 0.519525 0.6594046875 0.519021875 0.6578906250000001 0.521 0.6582453125 0.535559375 0.65673125 0.5375390624999999 0.6596640625 0.593796875 0.66511875 0.6252984374999999 0.6725375 0.6091624999999999 0.6861140625 0.5892703125 0.70923125 0.5762234375
5 0.1113640625 0.8533609375 0.1290328125 0.8731890625000001 0.14336875 0.8844953125 0.1559875 0.8894624999999999 0.1716359375 0.8904703125 0.1732515625 0.89265 0.2139359375 0.895271875 0.21555156250000002 0.8974515625 0.22337500000000002 0.89795625 0.23887031250000001 0.8927250000000001 0.24800624999999998 0.8829296875000001 0.260321875 0.8754156249999999 0.28157031250000003 0.8497890625 0.290553125 0.8337546874999999 0.29918125 0.8031609375000001 0.29958125 0.7554234375 0.290996875 0.7237203125 0.2794859375 0.7001359375 0.264946875 0.680509375 0.24581406249999999 0.6647406250000001 0.214265625 0.652325 0.2127015625 0.6522249999999999 0.18458593750000002 0.6524890625 0.16752499999999998 0.6576203125 0.1597015625 0.6571171875 0.136634375 0.67224375 0.113771875 0.695690625 0.10494062500000001 0.7179656249999999 0.10519375 0.7283640625000001 0.1023171875 0.7385625 0.0981359375 0.8234359375 0.1113640625 0.8533609375
5 0.1476078125 0.353146875 0.1677984375 0.34821875 0.1803171875 0.34902500000000003 0.18183125 0.34704531250000004 0.21004687500000002 0.3509390625 0.24477656250000002 0.3656375 0.263909375 0.38140625 0.26698750000000004 0.379528125 0.271428125 0.3694296875 0.27551562500000004 0.3447734375 0.274653125 0.309415625 0.269503125 0.29039375 0.25789062500000004 0.26265 0.2481984375 0.249565625 0.2321453125 0.23191718749999998 0.209934375 0.21802656250000002 0.20836875 0.21792656250000003 0.180153125 0.21403124999999998 0.1661703125 0.21728437500000003 0.161578125 0.2211421875 0.1587015625 0.231340625 0.150934375 0.29729218749999997 0.1511875 0.3076921875 0.1496734375 0.3096703125 0.1499265625 0.3200703125 0.1471015625 0.3323484375 0.1476078125 0.353146875
5 0.5218812500000001 0.7738968749999999 0.5342984375000001 0.7705421875 0.554640625 0.771853125 0.5673109375000001 0.7788999999999999 0.57356875 0.779303125 0.582553125 0.76326875 0.5868421875000001 0.74693125 0.5879 0.7262328124999999 0.586284375 0.7240515624999999 0.5859296875 0.7094921875 0.5841109375 0.6989921875 0.5740640625 0.6713484375000001 0.5531140625 0.6450796875 0.5420078125 0.638134375 0.5326187499999999 0.6375296875 0.5310046875000001 0.6353484375 0.5294390625000001 0.6352484375 0.50601875 0.635815625 0.4828 0.644703125 0.4705859375 0.6563765625 0.4645796875 0.6663734375 0.4888109375 0.6990828125 0.497040625 0.7162265624999999 0.5041109374999999 0.7499078124999999 0.500228125 0.782884375 0.50194375 0.789225 0.5218812500000001 0.7738968749999999
1 0.2121 0.1787109375 0.2172 0.1956515625 0.2319921875 0.225678125 0.2512765625 0.2476859375 0.2624328125 0.2567125 0.2844921875 0.2643625 0.2954453125 0.26506875 0.296959375 0.2630890625 0.326640625 0.26292499999999996 0.3389546875 0.2554109375 0.36015312499999996 0.22770312499999998 0.36459375 0.21760625 0.36731875 0.20116874999999998 0.3681234375 0.1700703125 0.3665078125 0.16789062500000002 0.366203125 0.15541093749999998 0.3609515625 0.1322296875 0.35257031250000004 0.10884687500000001 0.341059375 0.08526249999999999 0.32813593750000003 0.067815625 0.31854375 0.058892187500000005 0.3090546875 0.054126562499999996 0.3074890625 0.0540265625 0.2809390625 0.0543921875 0.25615625 0.0631796875 0.23111874999999998 0.061567187499999995 0.22496093749999999 0.0653234375 0.217340625 0.07313906249999999 0.21295000000000003 0.08531562499999999 0.20760312500000003 0.12235156250000001 0.20831249999999998 0.1514703125 0.21179687500000002 0.16623125 0.2121 0.1787109375
1 0.6003812500000001 0.34078125 0.6178984375 0.35436875 0.62920625 0.369634375 0.6410203125 0.4056984375 0.6435984375 0.447396875 0.6514234375 0.44790156249999996 0.66686875 0.44058906249999996 0.6850375 0.416840625 0.690840625 0.3985234375 0.6934625 0.3779265625 0.6928046875 0.3508875 0.68921875 0.3319671875 0.6776578125 0.306303125 0.6664 0.2931171875 0.6648343750000001 0.2930171875 0.6616046875 0.2886546875 0.6442390625 0.28130625 0.623896875 0.27999687500000003 0.6068374999999999 0.2851265625 0.60224375 0.28898437499999996 0.6023953125 0.29522499999999996 0.610625 0.3123671875 0.6108781249999999 0.3227671875 0.6080015624999999 0.33296562500000004 0.6003812500000001 0.34078125
0 0.4326265625 0.12438750000000001 0.3964859375 0.11582812499999999 0.3656453125 0.13253125 0.3663109375 0.223946875 0.40800156249999997 0.2037890625 0.45953906250000004 0.20295625 0.4571625 0.1695765625 0.4326265625 0.12438750000000001
0 0.5133875 0.10466875 0.48557656250000003 0.1174140625 0.4646328125 0.155521875 0.46584843749999993 0.2054390625 0.488009375 0.21725 0.5073937500000001 0.24341875000000002 0.5717531250000001 0.25587031250000003 0.5767 0.2665734375 0.5857859375000001 0.2546984375 0.5928484375 0.224003125 0.5902203125 0.180225 0.580171875 0.15258125 0.55750625 0.11997187499999999 0.53524375 0.10400000000000001 0.5133875 0.10466875
0 0.6755796875 0.2210265625 0.6438843750000001 0.266746875 0.6425734375000001 0.277046875 0.6599375000000001 0.2843953125 0.6808375 0.308584375 0.699671875 0.37625000000000003 0.71531875 0.3772578125 0.7400015625 0.3643109375 0.7567062499999999 0.34462031249999997 0.7654375 0.31818749999999996 0.7659374999999999 0.274609375 0.7558906249999999 0.246965625 0.714496875 0.2152265625 0.6755796875 0.2210265625
0 0.54738125 0.3456734375 0.521540625 0.3751578125 0.5101875 0.422190625 0.5093328125000001 0.4512078125 0.51948125 0.4830109375 0.5531515625 0.51840625 0.58141875 0.52438125 0.6061515625 0.5135140625 0.6259359375 0.49194531250000006 0.6377453125 0.46363281250000005 0.6414765625000001 0.4244171875 0.6211796875 0.36081093750000004 0.5909921875 0.3401765625 0.57065 0.338865625 0.54738125 0.3456734375
0 0.11054062499999999 0.6913296875 0.16429375 0.653259375 0.22047500000000003 0.6506484375 0.2473296875 0.6627609375 0.2594359375 0.5825515625000001 0.24 0.554303125 0.1961859375 0.5514812499999999 0.156559375 0.5281625 0.13626875 0.5289312500000001 0.1241546875 0.5447640625 0.11235312500000001 0.6374531250000001 0.11054062499999999 0.6913296875
0 0.5166109375 0.5575859375000001 0.5080828125 0.5923390625 0.48416249999999994 0.636484375 0.5450875 0.63625625 0.5765281250000001 0.5801359374999999 0.5721828125 0.530015625 0.538865625 0.5091796875 0.5098390625 0.47200781249999996 0.4942921875 0.47515937499999994 0.51256875 0.5199453125 0.5166109375 0.5575859375000001
1 0.48631718749999997 0.468415625 0.46551875000000004 0.4483859375 0.41075156249999994 0.4448578125 0.375571875 0.4758171875 0.3608359375 0.5122484375 0.3582140625 0.5328453125 0.3887546875 0.5680390625 0.40546718750000005 0.612725 0.40763906250000004 0.6377859375 0.4171796875 0.6446296874999999 0.44070312500000003 0.6482218750000001 0.47325937500000004 0.637859375 0.5036421875 0.6024359375 0.5137343750000001 0.567784375 0.512721875 0.5261859375 0.5042890625 0.500721875 0.48631718749999997 0.468415625
1 0.36511875 0.431534375 0.365575 0.45025468750000003 0.376934375 0.46759843749999996 0.421553125 0.43932343749999997 0.4654671875 0.44630625 0.4910109375 0.46871718749999997 0.507159375 0.42614843750000003 0.50458125 0.38445 0.49463437499999996 0.360965625 0.4673234375 0.3301328125 0.432796875 0.32375625 0.403725 0.3488796875 0.36511875 0.431534375
1 0.666784375 0.629559375 0.67113125 0.679678125 0.68284375 0.7115828125 0.7004625 0.72933125 0.741146875 0.7319515625 0.76275 0.7208828125 0.783490625 0.67445625 0.78278125 0.6453375 0.772734375 0.61769375 0.7374984375 0.5821984375 0.710846875 0.5784046875 0.6907578125 0.5874937499999999 0.666784375 0.629559375
1 0.459809375 0.9194156250000001 0.4711171875 0.93468125 0.58236875 0.948078125 0.6079046875 0.9061125000000001 0.5997203125 0.8266734375 0.5673609374999999 0.7809796875 0.5484312499999999 0.7735296875000001 0.5250609374999999 0.776178125 0.49603906249999996 0.8033812499999999 0.46929218749999996 0.8598046874999999 0.4608671875 0.8987187499999999 0.459809375 0.9194156250000001
1 0.6110859375000001 0.9083953125 0.61028125 0.9394921875 0.6278484375 0.9551609375 0.7234515625 0.9675484375 0.7445484375 0.93568125 0.749996875 0.90280625 0.742875 0.8670453124999999 0.7282359375 0.8432578124999999 0.7119859374999999 0.88166875 0.69215 0.90115625 0.6720609375000001 0.9102453125000001 0.6186046875 0.8964187499999999 0.6110859375000001 0.9083953125
