2 0.5625 0.6895828125000001 0.5421875 0.7166671874999999 0.534375 0.7333328125 0.5328125 0.7416671874999999 0.5328125 0.75625 0.540625 0.7895828125000001 0.565625 0.80625 0.5765625 0.80625 0.596875 0.7958328125 0.609375 0.78125 0.6203125 0.75625 0.6234375 0.74375 0.6234375 0.7354171875 0.6171875 0.7104171874999999 0.60625 0.6916671875 0.596875 0.6854171874999999 0.5953125 0.6854171874999999 0.575 0.6854171874999999 0.5625 0.6895828125000001
2 0.4125 0.6541671874999999 0.4109375 0.6770828125 0.40625 0.6875 0.4203125 0.6854171874999999 0.45 0.7083328125 0.4671875 0.6854171874999999 0.46875 0.6770828125 0.453125 0.675 0.44375 0.6708328125 0.421875 0.6541671874999999 0.4203125 0.6541671874999999 0.4140625 0.6520828125 0.4125 0.6541671874999999
2 0.3453125 0.71875 0.35 0.7333328125 0.3484375 0.7583328125000001 0.334375 0.79375 0.3484375 0.8041671875 0.3671875 0.80625 0.3765625 0.8020828124999999 0.3796875 0.7979171875 0.3734375 0.775 0.3734375 0.7458328125 0.375 0.74375 0.3765625 0.71875 0.3640625 0.7125 0.353125 0.7125 0.3515625 0.7104171874999999 0.35 0.7104171874999999 0.3453125 0.7125 0.3453125 0.71875
2 0.3921875 0.6979171875 0.38125 0.7125 0.3765625 0.7333328125 0.375 0.7729171874999999 0.3796875 0.79375 0.3890625 0.8083328125 0.4015625 0.8166671875 0.41875 0.81875 0.4265625 0.8125 0.4375 0.8083328125 0.44375 0.8020828124999999 0.4515625 0.7854171875 0.45625 0.7541671875 0.4546875 0.73125 0.45 0.7145828125 0.440625 0.7020828125 0.4203125 0.6875 0.41875 0.6875 0.4140625 0.6875 0.3921875 0.6979171875
2 0.284375 0.49375 0.275 0.50625 0.2703125 0.51875 0.2703125 0.5416671875 0.2765625 0.5604171874999999 0.2828125 0.56875 0.30625 0.58125 0.3078125 0.5791671875 0.3171875 0.5791671875 0.3453125 0.5645828125000001 0.3578125 0.5291671874999999 0.3578125 0.5166671875 0.353125 0.5104171875 0.35 0.5 0.3390625 0.4875 0.325 0.48333281250000004 0.3234375 0.48333281250000004 0.2984375 0.48541718749999996 0.284375 0.49375
3 0.7171875 0.3520828125 0.55625 0.3520828125 0.55625 0.6770828125 0.7171875 0.6770828125 0.7171875 0.3520828125
3 0.3171875 0.58125 0.3 0.58125 0.290625 0.575 0.2875 0.5770828125 0.290625 0.5875 0.3015625 0.6020828125000001 0.3203125 0.6166671874999999 0.3265625 0.6166671874999999 0.3328125 0.6083328125 0.3421875 0.6020828125000001 0.36875 0.5958328125000001 0.36875 0.59375 0.359375 0.5916671874999999 0.3546875 0.5875 0.35 0.58125 0.3453125 0.56875 0.34375 0.56875 0.321875 0.5770828125 0.3171875 0.58125
3 0.43125 0.5354171875 0.434375 0.5458328125 0.434375 0.55625 0.4390625 0.55625 0.44375 0.5520828125 0.465625 0.5520828125 0.4796875 0.5229171874999999 0.478125 0.5104171875 0.48125 0.5041671875 0.4796875 0.5020828125000001 0.4765625 0.5041671875 0.4609375 0.5041671875 0.459375 0.5020828125000001 0.4578125 0.5020828125000001 0.4515625 0.5041671875 0.43125 0.5354171875
3 0.5984375 0.47083281250000003 0.5921875 0.4791671875 0.578125 0.48541718749999996 0.5625 0.5041671875 0.553125 0.5270828125 0.553125 0.5333328125000001 0.5484375 0.5458328125 0.546875 0.5958328125000001 0.5484375 0.5979171875 0.55 0.6229171874999999 0.55625 0.6479171874999999 0.559375 0.6479171874999999 0.5640625 0.6416671875 0.56875 0.6229171874999999 0.56875 0.6104171875 0.565625 0.6020828125000001 0.565625 0.5875 0.578125 0.5458328125 0.58125 0.5416671875 0.5921875 0.5083328125000001 0.6015625 0.4875 0.6015625 0.48333281250000004 0.6203125 0.45 0.621875 0.43958281250000003 0.615625 0.43333281250000005 0.6140625 0.43541718749999997 0.6078125 0.44375 0.5984375 0.47083281250000003
3 0.2703125 0.2479171875 0.271875 0.2625 0.3109375 0.3145828125 0.3546875 0.35 0.3984375 0.3770828125 0.4171875 0.3916671875 0.44375 0.40416718749999997 0.4546875 0.40416718749999997 0.4625 0.39375 0.4671875 0.39375 0.471875 0.4 0.4796875 0.4 0.4859375 0.3875 0.484375 0.36875 0.471875 0.3645828125 0.45625 0.3395828125 0.4203125 0.3291671875 0.4015625 0.3270828125 0.3828125 0.3020828125 0.375 0.2958328125 0.371875 0.2958328125 0.3578125 0.2833328125 0.3125 0.2520828125 0.284375 0.2416671875 0.2828125 0.2416671875 0.275 0.2416671875 0.2703125 0.2479171875
4 0.390625 0.2479171875 0.3859375 0.2541671875 0.38125 0.26875 0.38125 0.2875 0.3859375 0.3020828125 0.396875 0.3208328125 0.403125 0.325 0.4140625 0.325 0.415625 0.3270828125 0.4375 0.3270828125 0.4484375 0.3208328125 0.4546875 0.3125 0.459375 0.2958328125 0.4609375 0.2729171875 0.459375 0.2625 0.453125 0.2520828125 0.44375 0.24375 0.43125 0.2395828125 0.4296875 0.2395828125 0.403125 0.2416671875 0.390625 0.2479171875
5 0.6359375 0.54375 0.6203125 0.5875 0.61875 0.6020828125000001 0.63125 0.5958328125000001 0.6484375 0.5958328125000001 0.6609375 0.6020828125000001 0.671875 0.6125 0.675 0.6125 0.678125 0.6083328125 0.678125 0.6 0.6765625 0.5979171875 0.6765625 0.58125 0.6734375 0.5625 0.6625 0.5416671875 0.6546875 0.5354171875 0.646875 0.5333328125000001 0.6453125 0.5333328125000001 0.640625 0.5354171875 0.6359375 0.54375
5 0.2890625 0.6875 0.28125 0.6875 0.26875 0.6979171875 0.259375 0.7125 0.2546875 0.725 0.2515625 0.7395828125 0.2515625 0.7541671875 0.2625 0.78125 0.275 0.7958328125 0.290625 0.8020828124999999 0.3171875 0.8020828124999999 0.3296875 0.79375 0.340625 0.7770828125 0.3484375 0.75 0.3484375 0.7333328125 0.34375 0.7145828125 0.3328125 0.6979171875 0.3109375 0.6854171874999999 0.309375 0.6854171874999999 0.3 0.6833328125 0.2890625 0.6875
5 0.309375 0.4 0.3 0.40625 0.29375 0.41458281250000006 0.2875 0.43333281250000005 0.2890625 0.47291718749999995 0.2953125 0.48333281250000004 0.3265625 0.48125 0.328125 0.48333281250000004 0.3359375 0.48333281250000004 0.3484375 0.49375 0.353125 0.49375 0.35625 0.4895828125 0.35625 0.48333281250000004 0.340625 0.46458281250000005 0.334375 0.44583281250000006 0.334375 0.42916718749999994 0.340625 0.4 0.3328125 0.3958328125 0.33125 0.3958328125 0.3203125 0.3958328125 0.309375 0.4
5 0.50625 0.6291671875 0.496875 0.6458328125 0.49375 0.65625 0.4828125 0.6708328125 0.4765625 0.675 0.4765625 0.6854171874999999 0.4828125 0.7083328125 0.490625 0.7166671874999999 0.5015625 0.7145828125 0.503125 0.7166671874999999 0.5125 0.7166671874999999 0.5234375 0.7229171875 0.5359375 0.7229171875 0.5609375 0.6875 0.5625 0.68125 0.553125 0.6666671875 0.5546875 0.65 0.553125 0.6458328125 0.546875 0.6375 0.5328125 0.6270828125000001 0.53125 0.6270828125000001 0.5109375 0.6270828125000001 0.50625 0.6291671875
5 0.6015625 0.3833328125 0.603125 0.40833281250000003 0.6078125 0.42083281250000004 0.6140625 0.42916718749999994 0.621875 0.43541718749999997 0.6265625 0.43541718749999997 0.6375 0.4166671875 0.6390625 0.40625 0.6296875 0.4 0.615625 0.38125 0.609375 0.3645828125 0.6078125 0.3645828125 0.6046875 0.3666671875 0.6015625 0.3833328125
1 0.5921875 0.4 0.59375 0.3520828125 0.5828125 0.3291671875 0.55 0.3208328125 0.5421875 0.3270828125 0.5265625 0.3791671875 0.5265625 0.40416718749999997 0.5375 0.425 0.571875 0.43125 0.5921875 0.4
1 0.575 0.44583281250000006 0.55625 0.42916718749999994 0.534375 0.42916718749999994 0.515625 0.45416718749999996 0.5140625 0.49375 0.5453125 0.5291671874999999 0.5796875 0.4791671875 0.575 0.44583281250000006
1 0.4890625 0.49166718749999994 0.5078125 0.45416718749999996 0.503125 0.4166671875 0.4875 0.4 0.440625 0.40625 0.4265625 0.42291718749999996 0.428125 0.47291718749999995 0.4515625 0.5 0.4703125 0.5020828125000001 0.4890625 0.49166718749999994
1 0.421875 0.4479171875 0.4234375 0.42291718749999996 0.4140625 0.3958328125 0.390625 0.3770828125 0.3515625 0.3895828125 0.3375 0.41875 0.340625 0.46041718749999994 0.371875 0.4895828125 0.403125 0.48125 0.421875 0.4479171875
1 0.403125 0.6020828125000001 0.4328125 0.5541671874999999 0.425 0.5166671875 0.4015625 0.49791718749999997 0.378125 0.5041671875 0.3578125 0.5354171875 0.35 0.5604171874999999 0.353125 0.5833328125 0.390625 0.6020828125000001 0.403125 0.6020828125000001
1 0.409375 0.675 0.4109375 0.64375 0.4015625 0.6145828125 0.3796875 0.5979171875 0.3328125 0.6104171875 0.3203125 0.6458328125 0.3234375 0.68125 0.35625 0.7104171874999999 0.3796875 0.7104171874999999 0.409375 0.675
1 0.5375 0.79375 0.5296875 0.74375 0.515625 0.7208328125000001 0.484375 0.7208328125000001 0.4640625 0.7520828125000001 0.465625 0.7958328125 0.490625 0.8229171875000001 0.5203125 0.81875 0.5375 0.79375
1 0.66875 0.6833328125 0.6734375 0.6354171875 0.6625 0.60625 0.65 0.5979171875 0.6265625 0.6 0.5984375 0.6354171875 0.5984375 0.6729171875 0.6125 0.69375 0.6484375 0.7083328125 0.66875 0.6833328125
1 0.659375 0.8229171875000001 0.6578125 0.76875 0.65 0.7520828125000001 0.6265625 0.7395828125 0.615625 0.7729171874999999 0.596875 0.7979171875 0.5671875 0.8083328125 0.565625 0.825 0.5765625 0.8395828125 0.64375 0.8479171875 0.659375 0.8229171875000001
1 0.3734375 0.375 0.3671875 0.3604171875 0.3203125 0.325 0.3046875 0.3333328125 0.3015625 0.3520828125 0.3140625 0.3895828125 0.34375 0.3958328125 0.3734375 0.375
0 0.69375 0.3458328125 0.6875 0.3104171875 0.6671875 0.2916671875 0.634375 0.29375 0.61875 0.30625 0.6109375 0.3270828125 0.6140625 0.375 0.6359375 0.40208281250000005 0.64375 0.40208281250000005 0.69375 0.3458328125
0 0.5109375 0.3916671875 0.528125 0.3645828125 0.5296875 0.3166671875 0.5140625 0.2916671875 0.4796875 0.2875 0.465625 0.2979171875 0.453125 0.3208328125 0.45 0.33125 0.4828125 0.3645828125 0.490625 0.3979171875 0.5109375 0.3916671875
0 0.5046875 0.6229171874999999 0.5375 0.61875 0.5453125 0.5833328125 0.546875 0.5395828125000001 0.5421875 0.53125 0.528125 0.51875 0.50625 0.5145828125 0.48125 0.525 0.471875 0.5416671875 0.4671875 0.5520828125 0.4828125 0.5625 0.496875 0.5854171874999999 0.5046875 0.6229171874999999
0 0.484375 0.6666671875 0.5015625 0.6291671875 0.4953125 0.5854171874999999 0.46875 0.55625 0.434375 0.5583328125 0.409375 0.5916671874999999 0.40625 0.625 0.4125 0.6416671875 0.4484375 0.6708328125 0.484375 0.6666671875
0 0.31875 0.6479171874999999 0.3234375 0.6208328125 0.303125 0.6166671874999999 0.284375 0.6229171874999999 0.2640625 0.6541671874999999 0.2640625 0.6958328125000001 0.296875 0.68125 0.3234375 0.6854171874999999 0.31875 0.6479171874999999
0 0.675 0.56875 0.6578125 0.5375 0.6421875 0.5354171875 0.621875 0.5833328125 0.61875 0.6020828125000001 0.646875 0.5958328125000001 0.6765625 0.6083328125 0.675 0.56875
