2 0.40690312500000003 0.7321500000000001 0.421134375 0.7222671875 0.433928125 0.7039984375 0.4168265625 0.69710625 0.4044484375 0.688309375 0.3844125 0.6688078125 0.3736921875 0.653821875 0.37212812500000003 0.6537640625 0.36903437499999997 0.6515640625 0.3674390625 0.6535875 0.3639921875 0.674290625 0.354228125 0.698925 0.355759375 0.701065625 0.3635765625 0.7013578125000001 0.366734375 0.69939375 0.3776140625 0.70396875 0.4022125 0.7319734375 0.40690312500000003 0.7321500000000001
2 0.21470937499999998 0.5145265625000001 0.23024687500000002 0.5213593750000001 0.24588125 0.5219453125 0.2694921875 0.512415625 0.278871875 0.5127671874999999 0.2883484375 0.5068734375 0.2948578125 0.49044999999999994 0.3125671875 0.45778281249999997 0.3126953125 0.4494546875 0.3051015625 0.43458593749999996 0.3007 0.41567187499999997 0.288415625 0.400628125 0.2760046875 0.3939125 0.2744421875 0.393853125 0.258871875 0.389103125 0.22291406249999998 0.38775312500000003 0.2134703125 0.39156562500000003 0.20399375000000003 0.397459375 0.194453125 0.40751875000000004 0.18472187499999998 0.43006875000000006 0.182678125 0.4612421875 0.1885796875 0.4843796875 0.20083125000000002 0.50150625 0.21470937499999998 0.5145265625000001
2 0.5250781250000001 0.88033125 0.534265625 0.8931749999999999 0.5543015625 0.9126765625000001 0.5651828125 0.9172515625000001 0.5823796875 0.917896875 0.5996718750000001 0.912296875 0.61865625 0.8984249999999999 0.639428125 0.8700390625000001 0.649353125 0.8349953125 0.6483015625 0.8016234375 0.6422078124999999 0.790978125 0.637740625 0.7762265625 0.6223953125 0.7569015625 0.6100156250000001 0.7481046874999999 0.608453125 0.7480453125000001 0.59438125 0.7475171875 0.5833734374999999 0.7512703125 0.57399375 0.7509187500000001 0.5629546875 0.7567546875 0.540715625 0.7788359375 0.526325 0.7991296875 0.5196875000000001 0.8238796875000001 0.520803125 0.8530875 0.5237703125000001 0.8636156250000001 0.5250781250000001 0.88033125
2 0.2965703125 0.7863421875000001 0.3033046875 0.7553453125 0.311440625 0.73481875 0.3115359375 0.728571875 0.2943390625 0.7279265625 0.2632640625 0.7142609375 0.26166875 0.7162843750000001 0.26600625 0.7393640625 0.265559375 0.7685125 0.2508484375 0.8096265624999999 0.24443593749999998 0.819803125 0.244371875 0.8239671875000001 0.2551875 0.83270625 0.2676296875 0.8373390625000001 0.29264531250000003 0.8382781250000001 0.294240625 0.8362546875 0.2965703125 0.7863421875000001
3 0.6467484375 0.49532031249999997 0.60319375 0.5811843750000001 0.593334375 0.6120640625 0.59141875 0.6349078125000001 0.5973843750000001 0.65388125 0.595565625 0.6704796875000001 0.5891203125 0.6827375 0.5825140625 0.70540625 0.56815625 0.7236171875 0.5679640625 0.7361093750000001 0.5740890624999999 0.7446734375 0.5850015625 0.7471656249999999 0.6022953125 0.7415640625 0.6101109375 0.7418578124999999 0.6164609375000001 0.735846875 0.6201 0.70265 0.6250140625 0.6882515625 0.6314265625 0.678075 0.6487515625 0.6703921875 0.6567296875 0.6602750000000001 0.6795765625 0.5986328125 0.7005078124999999 0.5598359375 0.7357328125 0.5069921875000001 0.7692359375 0.46449999999999997 0.7771484375 0.458546875 0.8089921875 0.42224218750000003 0.834646875 0.3815390625 0.8492609375000001 0.346671875 0.8494203125 0.33626093749999997 0.84329375 0.3276984375 0.8417312499999999 0.32763906249999997 0.8151531249999999 0.32664218749999996 0.8135578125 0.328665625 0.7963296875 0.330103125 0.76636875 0.34564531249999997 0.7473515625 0.3615984375 0.7251125 0.38367968750000003 0.6916109374999999 0.426171875 0.6643296875 0.47098125 0.659575 0.47496875000000005 0.6467484375 0.49532031249999997
3 0.47793437499999997 0.486903125 0.47825468750000005 0.4660828125 0.4814765625 0.459953125 0.46271562499999996 0.45925000000000005 0.45339999999999997 0.45473281249999997 0.4518359375 0.45467500000000005 0.44248750000000003 0.45224062500000006 0.4393296875 0.4542046875 0.42497187500000005 0.472415625 0.410709375 0.48438125000000004 0.4116328125 0.5260812500000001 0.41003749999999994 0.5281046875000001 0.41469531249999997 0.5303625000000001 0.4241390625 0.5265500000000001 0.4506859375 0.5296296875000001 0.47793437499999997 0.486903125
3 0.2973671875 0.836371875 0.30786250000000004 0.86593125 0.3139890625 0.8744937500000001 0.3248046875 0.8832328125 0.34346875 0.8901843749999999 0.3528484375 0.8905359374999999 0.36229374999999997 0.8867234375 0.3701109375 0.8870171875 0.3795859375 0.881121875 0.397103125 0.860946875 0.410121875 0.8281031249999999 0.4135375 0.8094812499999999 0.4141453125 0.7699203125 0.41124218749999997 0.7552296875 0.40674374999999996 0.7425609375 0.3806453125 0.7103312500000001 0.3790828125 0.7102734374999999 0.3713609375 0.703734375 0.3604171875 0.7033234375 0.3383703125 0.7129125000000001 0.32098125 0.724759375 0.3130046875 0.7348765625 0.3064953125 0.7512984375 0.30148437499999997 0.7719437499999999 0.30135625 0.7802718750000001 0.2981015625 0.7884828125000001 0.2973671875 0.836371875
3 0.4747109375 0.4930328125 0.47793437499999997 0.486903125 0.47825468750000005 0.4660828125 0.481509375 0.45787187500000004 0.46584375 0.4593671875 0.4549625 0.4547921875 0.45339999999999997 0.45473281249999997 0.440925 0.45218125000000003 0.4265671875 0.4703921875 0.410709375 0.48438125000000004 0.4116640625 0.524 0.4100046875 0.5301875 0.41469531249999997 0.5303625000000001 0.42257656250000003 0.5264921874999999 0.449121875 0.529571875 0.45228124999999997 0.52760625 0.4747109375 0.4930328125
3 0.32034843749999997 0.5622390625 0.3095640625 0.5514187500000001 0.298684375 0.5468437500000001 0.294090625 0.5404203125 0.2895921875 0.527753125 0.289815625 0.513178125 0.2568890625 0.5181921875 0.24584999999999999 0.524028125 0.2286515625 0.5233828125 0.2131140625 0.51655 0.2130828125 0.51863125 0.2160171875 0.5312421875 0.22057968749999998 0.539746875 0.237425 0.5632937499999999 0.2513359375 0.5742328125 0.259153125 0.5745265625 0.2733515625 0.566725 0.2890171875 0.5652296875 0.2906125 0.56320625 0.3203171875 0.564321875 0.32034843749999997 0.5622390625
3 0.57269375 0.530040625 0.5626734375 0.57133125 0.558428125 0.6440875 0.56994375 0.7091015625 0.5746015625 0.711359375 0.57935625 0.707371875 0.5843328125 0.6888078125 0.594065625 0.6662578124999999 0.5942890625 0.6516828125 0.589790625 0.6390140625 0.5901109375 0.61819375 0.5984078125 0.5872546875 0.6403984375 0.5013328125000001 0.6852609375000001 0.43218281249999996 0.686984375 0.42183125 0.6839859374999999 0.4133859375 0.6732328125 0.40048281250000006 0.6716375 0.40250624999999995 0.666884375 0.40649375 0.6619703125 0.42089375 0.6523015625 0.4392796875 0.6427296874999999 0.4514203125 0.6300625 0.4613625 0.62065 0.46309218750000003 0.608015625 0.4709515625 0.5952843750000001 0.48505624999999997 0.579203125 0.51361875 0.57269375 0.530040625
3 0.4648265625 0.32183125 0.47749375 0.31189062500000003 0.48974531250000003 0.329015625 0.4975296875 0.3313921875 0.508634375 0.3213921875 0.5118890625 0.31318125 0.5137078125000001 0.29658281249999996 0.5122718749999999 0.28819531249999997 0.509240625 0.28183125000000003 0.493703125 0.27499843749999997 0.48910937499999996 0.2685765625 0.48770625 0.2581078125 0.47401875000000004 0.23259531249999998 0.4662984375 0.22605468750000002 0.45694999999999997 0.22362031249999997 0.44147499999999995 0.2126234375 0.41818437499999994 0.2013328125 0.397925 0.19640625 0.3841421875 0.177140625 0.37814375 0.1602484375 0.36895625 0.1474046875 0.32585312499999997 0.1020375 0.279590625 0.0586359375 0.2361671875 0.034090625 0.23460312499999997 0.03403125 0.22525625 0.0315984375 0.215746875 0.039575 0.21399218750000001 0.05200781249999999 0.2199890625 0.06889999999999999 0.2458640625 0.11570312499999999 0.28264999999999996 0.1649984375 0.3611984375 0.245028125 0.4383453125 0.3145875 0.45075624999999997 0.32130312499999997 0.4648265625 0.32183125
4 0.41668593749999994 0.1971109375 0.42909687500000004 0.20382656250000003 0.45567343749999994 0.20482343749999998 0.47303125 0.1950578125 0.4794125 0.1869640625 0.49112343750000004 0.13740468749999998 0.49134687499999996 0.1228296875 0.48231875 0.099575 0.470003125 0.0866140625 0.457625 0.077815625 0.44205468750000004 0.073065625 0.4311109375 0.07265468750000001 0.4295796875 0.0705140625 0.428015625 0.0704546875 0.40456562500000004 0.069575 0.3935578125 0.073328125 0.38405 0.0813046875 0.3823578125 0.089575 0.372690625 0.10796093749999999 0.3737421875 0.14133437499999998 0.38420624999999997 0.1729765625 0.39489375 0.19004375 0.4057421875 0.1967 0.41668593749999994 0.1971109375
5 0.728709375 0.6588093749999999 0.73375 0.6360828125 0.734390625 0.5944406250000001 0.7329546875 0.5860531250000001 0.725425 0.567021875 0.7192999999999999 0.5584578125 0.710015625 0.551859375 0.7084203125 0.5538828125 0.6956249999999999 0.572153125 0.6811078125 0.600775 0.68104375 0.6049390625 0.669715625 0.6295124999999999 0.6679609375 0.641946875 0.692975 0.6428859375 0.7085125 0.64971875 0.722390625 0.6627390625 0.72551875 0.66285625 0.728709375 0.6588093749999999
5 0.132190625 0.7947578125 0.1444109375 0.813965625 0.15366249999999998 0.822646875 0.16916875 0.8315609374999999 0.1847390625 0.8363125 0.2097203125 0.8393328125 0.23336406250000002 0.8277203125 0.2460953125 0.8136156250000001 0.2606765625 0.7808296875 0.264028125 0.766371875 0.2643796875 0.74346875 0.26004062499999997 0.7203906250000001 0.257009375 0.7140265625 0.2416953125 0.6926187500000001 0.22006406250000002 0.6751406249999999 0.2138421875 0.6728234375000001 0.2122796875 0.672765625 0.19667812499999998 0.670096875 0.19508281249999998 0.6721203124999999 0.1794484375 0.671534375 0.15580624999999998 0.683146875 0.1478609375 0.69118125 0.135065625 0.7094515625 0.1253015625 0.734084375 0.12325937499999999 0.76525625 0.12466250000000001 0.7757265624999999 0.132190625 0.7947578125
5 0.2246046875 0.3794828125 0.22923125 0.3838234375 0.24799218750000002 0.384528125 0.2495234375 0.38666875 0.27137968749999997 0.389571875 0.283821875 0.3942046875 0.2992328125 0.40936562500000007 0.3070171875 0.41174218749999997 0.31336718750000003 0.40572968749999994 0.31346250000000003 0.399484375 0.295053125 0.3758765625 0.2860890625 0.3484578125 0.2863453125 0.33180156250000004 0.2896640625 0.31942499999999996 0.2898234375 0.309015625 0.30440625 0.2762296875 0.282678125 0.26499843749999996 0.28111406250000004 0.2649390625 0.2638859375 0.26637656249999997 0.24815625 0.2720359375 0.237084375 0.27995312499999997 0.229075 0.292153125 0.22422499999999998 0.3023875 0.2208421875 0.3189265625 0.2188953125 0.343853125 0.2204265625 0.34599375 0.22160625 0.3710375 0.2246046875 0.3794828125
5 0.7204875000000001 0.3793390625 0.7081390625 0.368459375 0.6974203125 0.353475 0.6898593749999999 0.336525 0.6884234375 0.3281375 0.6838609375 0.3196328125 0.6827140625 0.2925078125 0.6811171875 0.29453125 0.6731734375 0.302565625 0.6616531250000001 0.3396328125 0.6613015625 0.3625359375 0.6642046875000001 0.37722812499999997 0.6702671875 0.3899546875 0.6809859375 0.40494062499999994 0.6917703125 0.4157609375 0.6980234375000001 0.41599531250000005 0.7219546875 0.38564375 0.7204875000000001 0.3793390625
5 0.48152968749999997 0.7620328125 0.49397343749999995 0.766665625 0.5094796875000001 0.77558125 0.5125421875 0.7798625 0.536025 0.7786609375 0.559859375 0.7545546875 0.5648375 0.7359921875000001 0.5650296875 0.7235 0.5682515625 0.7173703125 0.5683796875 0.7090421874999999 0.5595749999999999 0.6712125 0.5473234375 0.6540874999999999 0.5287546875 0.640890625 0.5100265625 0.6381046875 0.4974546875 0.6418 0.4974234375 0.64388125 0.4957 0.6542328125 0.48931874999999997 0.6623265625 0.4892234375 0.6685734375 0.476459375 0.6847609375 0.4575078125 0.69655 0.45272187500000005 0.7026203125 0.4538375 0.731828125 0.464396875 0.7572234375 0.47214999999999996 0.76168125 0.48152968749999997 0.7620328125
1 0.3058046875 0.38877968749999997 0.321215625 0.403940625 0.338253125 0.41499687500000004 0.35698124999999997 0.41778281249999993 0.3758375 0.412240625 0.39645 0.3942640625 0.40768125 0.3759359375 0.414446875 0.3428578125 0.41460625 0.332446875 0.40273906249999997 0.2903359375 0.38739375 0.2710109375 0.379671875 0.26447031249999997 0.367228125 0.2598375 0.365665625 0.259778125 0.3515953125 0.25925 0.35 0.2612734375 0.33120625000000004 0.2626515625 0.3090953125 0.27640625 0.297896875 0.2926515625 0.2930140625 0.30496875 0.28781249999999997 0.33810625 0.2905875 0.3611265625 0.2981484375 0.3780765625 0.3058046875 0.38877968749999997
1 0.489421875 0.45191875000000004 0.5036515625 0.44203593750000003 0.5212656250000001 0.4156140625 0.529465625 0.390921875 0.5297531249999999 0.3721828125 0.5253828125 0.3511859375 0.5193531250000001 0.33637656250000003 0.5116640625 0.32775468750000003 0.506975 0.3275796875 0.500625 0.333590625 0.49124375000000003 0.3332390625 0.47739843750000005 0.3181359375 0.47270781250000005 0.3179609375 0.46319999999999995 0.3259375 0.45225625 0.3255265625 0.4398453125 0.3188109375 0.43828125 0.31875156250000003 0.4304 0.3226234375 0.420828125 0.3347640625 0.41588281250000003 0.35124374999999997 0.4121796875 0.3886046875 0.41648593749999996 0.413765625 0.419484375 0.42221093749999994 0.43942500000000007 0.44795937500000005 0.459653125 0.45496875000000003 0.47685000000000005 0.4556125 0.489421875 0.45191875000000004
1 0.5588546875 0.31077656249999996 0.5584374999999999 0.33784375 0.567403125 0.3652625 0.6077625 0.3855265625 0.6360953125 0.3740890625 0.65871875 0.32702343749999996 0.658146875 0.26241875000000003 0.630421875 0.234296875 0.605471875 0.22919375 0.589678125 0.2390171875 0.5735 0.2738265625 0.5588546875 0.31077656249999996
1 0.571353125 0.5154078125 0.6191828125 0.4567875 0.6213859375 0.415203125 0.6061671875 0.38755 0.59069375 0.376553125 0.554703125 0.3772859375 0.5306140625 0.4180484375 0.5284421874999999 0.4575484375 0.549721875 0.4979296875 0.571353125 0.5154078125
1 0.32363906249999996 0.4498640625 0.2946984375 0.5008609374999999 0.2926875 0.5299515625 0.3002796875 0.5448203125 0.35605000000000003 0.5802453125 0.3654953125 0.5764328125 0.38789375000000004 0.5439406250000001 0.4052515625 0.5341750000000001 0.4101328125 0.521859375 0.40464687499999996 0.471653125 0.3862703125 0.4459640625 0.3692328125 0.434909375 0.34890937499999997 0.434146875 0.32363906249999996 0.4498640625
1 0.24954843750000003 0.5887484374999999 0.2349015625 0.6256984375 0.2387296875 0.6820906250000001 0.2602 0.7099796875 0.294371875 0.7258453125 0.316290625 0.724584375 0.34315625 0.7068421875 0.3542921875 0.6947593750000001 0.36584374999999997 0.6556109375 0.3558265625 0.5948203125 0.32650625 0.5687203125 0.29214375000000004 0.565346875 0.26387499999999997 0.5726203125 0.24954843750000003 0.5887484374999999
1 0.6256171875 0.7507734375 0.653246875 0.7851421875 0.6921078125 0.8011828124999999 0.703115625 0.7974296875 0.7238546875 0.771125 0.7357578124999999 0.7090734375000001 0.726953125 0.67124375 0.7146703125 0.6562 0.689815625 0.64485 0.6663015624999999 0.6481343749999999 0.6265125 0.6924734375 0.6256171875 0.7507734375
1 0.5933234374999999 0.9183078124999999 0.5542390625 0.9168406250000001 0.5525156250000001 0.92719375 0.566234375 0.9506234375 0.633075 0.97813125 0.6534 0.9788937499999999 0.66919375 0.9690703125000001 0.6836156250000001 0.9466953124999999 0.6877984374999999 0.878103125 0.6649546875000001 0.8376640625 0.65254375 0.8309484375 0.6425875 0.8680734375 0.6217843750000001 0.8985421875 0.5933234374999999 0.9183078124999999
1 0.41758749999999994 0.8512984375 0.4219578125 0.8722953125 0.44336562500000004 0.9043484375 0.48857656250000003 0.914378125 0.5187593749999999 0.8842609375 0.5168171874999999 0.80710625 0.5108828125 0.78605 0.493909375 0.77083125 0.46114218749999997 0.765434375 0.4453796875 0.7731765625 0.42122656249999996 0.818103125 0.41758749999999994 0.8512984375
1 0.28724375 0.171421875 0.2810546875 0.16702187500000001 0.2651328125 0.185175 0.2629296875 0.2267578125 0.2842734375 0.262975 0.3107234375 0.2723 0.3579765625 0.25115625 0.28724375 0.171421875
0 0.2355703125 0.68405625 0.23164687499999997 0.633909375 0.252834375 0.57845625 0.22175937499999998 0.564790625 0.193521875 0.5699796874999999 0.1649328125 0.5980734375 0.15510625 0.626871875 0.1559015625 0.6769000000000001 0.20608906249999998 0.6683671875 0.2355703125 0.68405625
0 0.3637078125 0.5909484375 0.3617609375 0.6158750000000001 0.36912968749999997 0.6453171875 0.41995468750000003 0.6972234375 0.44959375 0.702503125 0.492478125 0.6603625 0.4963078125 0.6146734375 0.490534375 0.5832078125 0.470753125 0.54705 0.452184375 0.533853125 0.417821875 0.5304796875 0.389425 0.5460812500000001 0.3637078125 0.5909484375
0 0.4891296875 0.5727390625 0.5006781250000001 0.6356703125000001 0.5335093750000001 0.6369015625000001 0.5493671875 0.6229140625 0.55913125 0.59828125 0.569503125 0.5340874999999999 0.5481265625 0.49995312500000005 0.5264640625 0.4845578125 0.49832187499999997 0.4835015625 0.479434375 0.49112656250000003 0.4554390625 0.5256421875 0.4891296875 0.5727390625
0 0.6877546875 0.2697796875 0.6869234375 0.3239140625 0.7020140625 0.359896875 0.7204875000000001 0.3793390625 0.7632421875000001 0.345528125 0.802646875 0.3261734375 0.8091875 0.30766875 0.8097 0.27435624999999997 0.7992359375 0.2427140625 0.75584375 0.2160859375 0.7181953125 0.22300625 0.69751875 0.24514687500000001 0.6877546875 0.2697796875
0 0.495365625 0.1667296875 0.46026875 0.2112453125 0.4617359375 0.21755 0.47405156249999997 0.23051249999999998 0.51491875 0.31954375 0.5368390625 0.3182828125 0.5494734375 0.3104234375 0.5703406249999999 0.275790625 0.57710625 0.24271250000000003 0.5746515624999999 0.1988703125 0.55936875 0.17538125 0.534578125 0.15986875 0.495365625 0.1667296875
