2 0.6027312499999999 0.8616421875 0.60265625 0.8844203125 0.6088734375 0.8996734375000001 0.6166828125 0.9068359375 0.63389375 0.9130640624999999 0.6448359375 0.92060625 0.6698906250000001 0.9236421874999999 0.693434375 0.9099234375 0.7075890625000001 0.8929953125000001 0.7233703125 0.8576218750000001 0.7250109375 0.8350328125 0.7265843750000001 0.8331515625 0.726665625 0.8083031249999999 0.7173578125 0.7802453125000001 0.701765625 0.7576390625 0.6814484375000001 0.7427484375 0.6798828125 0.7425578125000001 0.6783234375 0.7402968750000001 0.654834375 0.73745 0.6407203124999999 0.7419546875 0.6234546875 0.752290625 0.60930625 0.7671484375000001 0.59985625 0.782575 0.5903453125 0.8166375 0.591878125 0.82718125 0.5981015625 0.8403656249999999 0.6027312499999999 0.8616421875
2 0.345946875 0.8201578125 0.3521640625 0.8354125 0.369328125 0.8561375 0.3849671875 0.8642468750000001 0.39277656250000004 0.871409375 0.416259375 0.8763265625000001 0.4444875 0.8673187499999999 0.44920625000000003 0.8616765624999999 0.45862187499999996 0.856603125 0.47120468750000005 0.84155625 0.4901234375 0.804490625 0.49805625 0.7743781249999999 0.4981296875 0.7516 0.49351406249999996 0.7261828125 0.48885625 0.7131890624999999 0.47482968750000004 0.6907734375000001 0.457659375 0.67211875 0.4420265625 0.6619375 0.43419687500000004 0.6609890625 0.43263749999999995 0.658728125 0.43107187500000005 0.6585390624999999 0.41697187500000005 0.6589015625 0.40285000000000004 0.665475 0.391840625 0.6786421875 0.3918203125 0.6848546875 0.377665625 0.7017828125000001 0.369815625 0.7070453125 0.347790625 0.7354484375 0.341459375 0.755396875 0.3413234375 0.7968109375 0.345946875 0.8201578125
2 0.15114375 0.5086015625 0.1652109375 0.5185921875 0.1792640625 0.532725 0.1996015625 0.5414046875 0.22465000000000002 0.5465125 0.25287031249999997 0.5395749999999999 0.2685640625 0.5311203124999999 0.2811328125 0.5202140625 0.29216875 0.498765625 0.2985 0.47881718749999996 0.30015468749999996 0.45208750000000003 0.29553124999999997 0.428740625 0.2908734375 0.41574687499999996 0.2784203125 0.39144999999999996 0.26749999999999996 0.377696875 0.2456234375 0.36054375 0.2143375 0.34639375 0.212771875 0.3462046875 0.1798875 0.34221875 0.159509375 0.3459625 0.15165937499999999 0.3512265625 0.14850000000000002 0.35912968749999996 0.146859375 0.3817171875 0.14048750000000002 0.4140890625 0.140440625 0.42858437499999996 0.134040625 0.469240625 0.134 0.4816640625 0.15114375 0.5086015625
2 0.24700000000000003 0.897240625 0.3002359375 0.9057656250000001 0.317503125 0.8954296875000001 0.33164375 0.8826421874999999 0.342659375 0.8674062499999999 0.35055000000000003 0.8497187500000001 0.350584375 0.8393640625 0.34280937499999997 0.8218500000000001 0.339725 0.8069750000000001 0.3383 0.7633 0.33989375 0.75520625 0.32740625 0.7412640625 0.3149 0.7335328125 0.3133328125 0.73334375 0.3023578125 0.73615625 0.2976390625 0.7417984375 0.299090625 0.777190625 0.2975171875 0.779071875 0.2974640625 0.7956375 0.2863796875 0.8315812499999999 0.262775 0.8639374999999999 0.2376390625 0.8857484375 0.23761875 0.8919609375 0.24700000000000003 0.897240625
3 0.58631875 0.6110671875 0.5862703125000001 0.6255625 0.5924 0.6677359375 0.593884375 0.6927749999999999 0.5985203125 0.7119796875 0.6000328125000001 0.7287359375 0.606221875 0.7522734375 0.609334375 0.758865625 0.61403125 0.759434375 0.6234609375 0.7502203125 0.643865625 0.7381921874999999 0.6611125 0.7340687499999999 0.676771875 0.735965625 0.675253125 0.72128125 0.6675046874999999 0.6954828125 0.6628953125 0.6679953125 0.663009375 0.6327921875 0.6599328125 0.615846875 0.6585625 0.5556062500000001 0.6601359375 0.553725 0.660196875 0.5350890625 0.66336875 0.52304375 0.6634640625 0.4940546875 0.657246875 0.4788 0.65568125 0.478609375 0.6525624999999999 0.47408906249999994 0.647865625 0.47351875000000004 0.6447203125 0.47728125 0.641534375 0.4934671875 0.6273593749999999 0.5166078125 0.60850625 0.532965625 0.5865484375000001 0.5406625 0.583396875 0.5464953125 0.583234375 0.5961921875 0.58631875 0.6110671875
3 0.269465625 0.2557140625 0.2694578125 0.257784375 0.2865140625 0.311640625 0.297415625 0.33160625 0.3052796875 0.3222015625 0.3052921875 0.318059375 0.316315625 0.3007515625 0.3414859375 0.2685875 0.3415 0.26444531250000003 0.33209062500000003 0.2674484375 0.2945 0.2649625 0.269465625 0.2557140625
3 0.2971109375 0.42478906250000004 0.30017499999999997 0.445875 0.3032859375 0.45246718750000003 0.30321875 0.473175 0.3000453125 0.48521875000000003 0.2858375 0.5187125 0.287328125 0.54168125 0.290446875 0.5462015625000001 0.29357812499999997 0.54658125 0.3281046875 0.5279796875 0.3500421875 0.5264953125 0.356440625 0.48584062499999997 0.3581015625 0.457040625 0.3660671875 0.41657500000000003 0.3818546875 0.3791296875 0.4117375 0.3433921875 0.4384265625 0.3259109375 0.46192968749999996 0.3246171875 0.49015000000000003 0.3176796875 0.49954687499999995 0.31881875000000004 0.526221875 0.3054796875 0.55284375 0.3087078125 0.577925 0.3034609375 0.5810703125 0.29969999999999997 0.5842296874999999 0.291796875 0.584278125 0.27730156250000004 0.5796 0.27051875000000003 0.521665625 0.261425 0.50295625 0.23429843749999998 0.49045468750000004 0.2244984375 0.47325 0.216196875 0.471684375 0.2160078125 0.4246984375 0.212384375 0.40745312499999997 0.2165078125 0.3870546875 0.22646562499999998 0.3729203125 0.23718124999999998 0.33990624999999997 0.27253906250000004 0.30369999999999997 0.326153125 0.2879046875 0.36566875 0.281565625 0.3876875 0.2831046875 0.39616093750000003 0.2971109375 0.42478906250000004
3 0.59231875 0.692584375 0.5893015625 0.657003125 0.5862093749999999 0.6441984374999999 0.5862578125 0.629703125 0.583153125 0.621040625 0.5831999999999999 0.6065453125 0.5801015625 0.5958125 0.5722390625 0.6052171875 0.572225 0.609359375 0.5580359374999999 0.636640625 0.5470265624999999 0.6498062499999999 0.5485859375000001 0.6520671874999999 0.556403125 0.6571578125 0.5751125 0.6842843750000001 0.5859593750000001 0.720815625 0.587396875 0.7603484375 0.5936125 0.7756031250000001 0.60145 0.77448125 0.6061953124999999 0.7605562499999999 0.5999984375 0.7390890625 0.5969546875 0.711790625 0.59231875 0.692584375
3 0.4666203125 0.32725781249999997 0.46817343749999996 0.33158906250000003 0.48848281250000003 0.3485515625 0.505634375 0.37341718749999997 0.5103046875 0.38226875 0.510290625 0.3864109375 0.514975 0.391121875 0.5275296875000001 0.3843578125 0.546403125 0.3617859375 0.5573921875 0.3548328125 0.582475 0.3495859375 0.6090953125 0.35281406249999997 0.612234375 0.35112187499999997 0.616953125 0.3454796875 0.6185734375 0.329103125 0.607678125 0.3070671875 0.6061124999999999 0.306878125 0.604553125 0.3046171875 0.590459375 0.302909375 0.5888875 0.304790625 0.5810578125 0.303840625 0.571640625 0.30891406250000003 0.5638109375 0.307965625 0.557534375 0.311346875 0.5262078125 0.309621875 0.5010984374999999 0.32315 0.4666203125 0.32725781249999997
4 0.255765625 0.61243125 0.25257968750000004 0.6286171875 0.2524984375 0.653465625 0.25560312500000004 0.662128125 0.261853125 0.6670281250000001 0.27900468749999996 0.69189375 0.29767968749999996 0.729375 0.33213906249999997 0.7314796875 0.34152031250000003 0.736759375 0.371403125 0.7010234375 0.3761078125 0.6995218750000001 0.38711562499999996 0.6863546875 0.3902890625 0.6743109375 0.398153125 0.66490625 0.40447812499999997 0.6470281250000001 0.4030265625 0.6116359375 0.3890546875 0.5726546875 0.37034531249999997 0.5455281249999999 0.35471875 0.5332765625 0.353153125 0.5330874999999999 0.3406328125 0.5294984375 0.339059375 0.5313796875000001 0.3312296875 0.5304296875000001 0.309265625 0.540196875 0.3061203125 0.5439578125 0.3029875 0.5435796875000001 0.2904265625 0.5524140625 0.2778453125 0.5674609375 0.266815625 0.5868390625 0.255765625 0.61243125
5 0.711690625 0.5972625 0.7117109375 0.59105 0.70549375 0.5757953125 0.6899015625 0.5531906249999999 0.6742765625 0.5409390625 0.6727109375 0.5407484375 0.6711515625 0.5384875 0.6633218750000001 0.5375390624999999 0.6617484375 0.5394203125 0.6617015625 0.5539156249999999 0.6601281250000001 0.5557953125 0.6615109375 0.6118953125 0.6661078125000001 0.643525 0.6739921875 0.627909375 0.688153125 0.608909375 0.711690625 0.5972625
5 0.10463437499999999 0.838553125 0.1217984375 0.859278125 0.1358578125 0.871340625 0.148371875 0.877 0.16403125000000002 0.8788984375 0.165590625 0.881159375 0.20630625 0.88609375 0.207865625 0.8883546875 0.21569531249999999 0.889303125 0.23137500000000003 0.8849890625000001 0.2408046875 0.875775 0.253359375 0.8690109375 0.2753703125 0.8447484375000001 0.2848203125 0.829321875 0.29431875 0.7994 0.296040625 0.7519625 0.2883125 0.719953125 0.277425 0.695846875 0.2633921875 0.6755015625 0.24464843749999998 0.658728125 0.21336249999999998 0.644578125 0.21179687500000002 0.6443890624999999 0.183603125 0.6430421875000001 0.16635625 0.6471671875 0.1585265625 0.6462171875 0.1349828125 0.6599359375 0.1114125 0.6819375 0.10194218749999999 0.7035765625 0.1019078125 0.71393125 0.0987421875 0.7239046874999999 0.0922015625 0.8080453125 0.10463437499999999 0.838553125
5 0.15481875 0.3433234375 0.1751953125 0.339578125 0.1877234375 0.34109687499999997 0.189296875 0.339215625 0.2174765625 0.344703125 0.2518875 0.361303125 0.27063125 0.3780765625 0.2737703125 0.3763859375 0.2785015625 0.3666015625 0.28328125000000004 0.342321875 0.283396875 0.3071203125 0.27875937500000003 0.28791406249999996 0.2678859375 0.259665625 0.25853125 0.24610156249999998 0.242925 0.2276390625 0.22104218750000001 0.21255625 0.2194765625 0.2123671875 0.1912953125 0.2068796875 0.1771890625 0.2093125 0.17247812499999998 0.21288437500000001 0.16931093749999998 0.22285781249999997 0.15969843749999998 0.2879828125 0.159665625 0.2983359375 0.1580921875 0.30021718750000004 0.1580578125 0.3105703125 0.1548859375 0.32261562499999996 0.15481875 0.3433234375
5 0.5183921875 0.7830578125 0.530934375 0.780434375 0.5512921875 0.782903125 0.5637984375 0.7906328125 0.5700624999999999 0.7913921875 0.5795125 0.775965625 0.5842640625 0.75996875 0.5858984375 0.7394515625 0.5843390625 0.7371921875 0.5843859375 0.722696875 0.5828546875 0.712153125 0.573546875 0.6840953125 0.5532703125 0.656778125 0.5423296875 0.6492375 0.5329328125 0.6480984375000001 0.5313749999999999 0.6458375000000001 0.5298078125 0.6456484375 0.5063125 0.644871875 0.48278906250000003 0.652378125 0.47022031249999996 0.663284375 0.4639234375 0.672878125 0.48731093750000004 0.7067859375000001 0.4950859375 0.7243015625 0.5012421875 0.7581921875 0.4964359375 0.7907546875 0.49798125000000004 0.79715625 0.5183921875 0.7830578125
1 0.224303125 0.1735921875 0.22894687500000002 0.190728125 0.2429453125 0.22142656249999998 0.26166875 0.2444109375 0.2726046875 0.2540234375 0.2945078125 0.2628921875 0.30546875 0.264221875 0.3070421875 0.262340625 0.3368015625 0.2638765625 0.34935625 0.25711093749999997 0.371375 0.23077968750000002 0.37610625 0.2209953125 0.37929218750000004 0.20480937500000002 0.380959375 0.1739375 0.3794015625 0.17167656250000002 0.37944218749999997 0.159253125 0.37481875 0.1359046875 0.36706249999999996 0.11217812499999999 0.356175 0.088071875 0.3437015625 0.06998750000000001 0.33433437499999996 0.060565625 0.3249515625 0.05528593750000001 0.3233859375 0.05509531250000001 0.2967578125 0.0539390625 0.27166875 0.06125625 0.24661249999999998 0.05821875 0.24033593749999999 0.0616015625 0.232478125 0.068934375 0.22774062499999997 0.0807890625 0.2213546875 0.117303125 0.22125937499999998 0.14629375 0.22434375 0.16116875 0.224303125 0.1735921875
1 0.6090828125 0.3569546875 0.6262671875 0.3714671875 0.63718125 0.387290625 0.648028125 0.42382187499999996 0.6494578125 0.4654265625 0.6572875 0.46637500000000004 0.672975 0.459990625 0.691846875 0.4374203125 0.698171875 0.4195421875 0.701371875 0.39921562499999996 0.7014609375 0.37229531250000003 0.6983890625 0.3532796875 0.687509375 0.3271015625 0.6765875 0.3133484375 0.675021875 0.313159375 0.6719031249999999 0.3086375 0.6546984375 0.30033750000000003 0.634340625 0.2978703125 0.6170953124999999 0.30199375 0.6123828125 0.3055671875 0.6123624999999999 0.311778125 0.6201390625000001 0.32929375 0.6201046875 0.339646875 0.6169390625 0.34962031250000003 0.6090828125 0.3569546875
0 0.44689375 0.1322125 0.410896875 0.121634375 0.37951562499999997 0.13647499999999999 0.3776515625 0.227396875 0.4200078125 0.20974374999999998 0.4716984375 0.211865625 0.470240625 0.1785453125 0.44689375 0.1322125
0 0.5284046874999999 0.117234375 0.5001703125 0.1283125 0.4781171875 0.1649984375 0.47795468750000003 0.214696875 0.49984375 0.2277078125 0.5185546875 0.254834375 0.5827312499999999 0.2708984375 0.5873953125 0.281821875 0.5968328125 0.2705375 0.6047640624999999 0.24042500000000003 0.603340625 0.19675 0.5940328125 0.16869218749999998 0.5722109375 0.1349734375 0.550334375 0.1178203125 0.5284046874999999 0.117234375
0 0.6877859374999999 0.24220156249999997 0.6547453125 0.2858421875 0.6531453125 0.29600624999999997 0.6703515624999999 0.30430625 0.6906343749999999 0.3295515625 0.7076421875000001 0.39790312499999997 0.7233015625 0.3998015625 0.7484046875 0.38834375 0.7656984375 0.36972499999999997 0.7751828125 0.34394375 0.776890625 0.3006484375 0.7675828124999999 0.272590625 0.7269625 0.2386640625 0.6877859374999999 0.24220156249999997
0 0.5558125 0.35878437500000004 0.5290890625 0.38661875 0.51640625 0.43272656249999997 0.5147453125 0.4615265625 0.5240390625 0.4937265625 0.556815625 0.5308437500000001 0.5849890624999999 0.5384015625 0.6100859375 0.5290140625 0.6305171875 0.5087046875000001 0.643140625 0.48123281249999994 0.6479671875 0.4424578125 0.629378125 0.378059375 0.5996859375 0.355815625 0.579328125 0.3533484375 0.5558125 0.35878437500000004
0 0.10829375000000001 0.6774171875 0.16323749999999998 0.6426453125 0.2196328125 0.6432671875 0.24622031249999998 0.656846875 0.260578125 0.577796875 0.241875 0.5486 0.198028125 0.5432859375 0.158946875 0.5178328125 0.13858281249999999 0.5174359374999999 0.126 0.5324828125 0.1116015625 0.6239578125 0.10829375000000001 0.6774171875
0 0.519096875 0.567703125 0.5095859375 0.601765625 0.4843828125 0.644284375 0.5454687500000001 0.647546875 0.5785421875 0.5935515625 0.5755734375 0.543475 0.5427500000000001 0.520853125 0.5146765624999999 0.482234375 0.4990046875 0.4844765625 0.5160875 0.53005 0.519096875 0.567703125
1 0.49119531250000004 0.477315625 0.4708984375 0.4562109375 0.41608906250000005 0.44956874999999996 0.3799640625 0.47833437500000003 0.3641828125 0.513709375 0.36098281249999997 0.5340359375 0.390628125 0.570775 0.40614531249999997 0.6161578125 0.40762968749999995 0.641196875 0.41700468749999997 0.648546875 0.4404875 0.653465625 0.4734140625 0.6450265625 0.5048546875000001 0.61155 0.5159312500000001 0.5776765625 0.5160671875 0.5362625000000001 0.50831875 0.5104640625 0.49119531250000004 0.477315625
1 0.3707109375 0.433709375 0.37065000000000003 0.45234687500000004 0.3815578125 0.470240625 0.42707187500000005 0.444684375 0.47090468750000003 0.45414062499999996 0.49589218749999997 0.47788593749999997 0.5132609375 0.4364875 0.5118296875 0.394884375 0.502509375 0.3709671875 0.4759828125 0.33875 0.4415453125 0.3304328125 0.411703125 0.35374531249999996 0.3707109375 0.433709375
1 0.6676609375 0.64785625 0.6706296875 0.697934375 0.6814890625000001 0.7303234375 0.6986609374999999 0.7489765625 0.7393765625000001 0.7539125 0.761340625 0.7441453124999999 0.7834187499999999 0.6991765625 0.7835140625 0.6701859375 0.77420625 0.6421281249999999 0.7398640624999999 0.6048203125 0.71325 0.5995234375 0.6928578125 0.607409375 0.6676609375 0.64785625
1 0.452134375 0.9241781250000001 0.4630484375 0.9400015625 0.5742125 0.959690625 0.600975 0.9194328125 0.5949687499999999 0.8399859375000001 0.5637921875 0.7927046875 0.5450203124999999 0.7842140625 0.5215171875 0.7855078125 0.4916703125 0.8108921875 0.4632921875 0.86545625 0.45376874999999994 0.9036609375 0.452134375 0.9241781250000001
1 0.6041000000000001 0.9218828125 0.6024328125 0.9527531249999999 0.6196109375 0.9693359375 0.7151140625 0.9871281249999999 0.737146875 0.9566531250000001 0.74351875 0.9242812499999999 0.7373703125 0.8883203125 0.72335 0.8638328124999999 0.7059968750000001 0.9010890625 0.6855703125 0.919328125 0.6651796875 0.9272140625 0.6119703125 0.9104078124999999 0.6041000000000001 0.9218828125
