2 0.5005 0.7049265625000001 0.4661859375 0.6724703125 0.4537296875 0.671034375 0.4431984375 0.6742640625 0.4327734375 0.67436875 0.4159328125 0.6792234374999999 0.39887812500000003 0.690328125 0.3880234375 0.70293125 0.379146875 0.718640625 0.3764703125 0.7358484375 0.37433125 0.73743125 0.374278125 0.73899375 0.37582499999999996 0.7545984375 0.381596875 0.768596875 0.3957609375 0.78095 0.4245734375 0.7915953124999999 0.4559 0.78971875 0.48985 0.772196875 0.5030046875 0.7533218749999999 0.5099578124999999 0.732946875 0.510709375 0.711071875 0.5005 0.7049265625000001
2 0.908690625 0.532140625 0.9212 0.532015625 0.9338703125000001 0.527203125 0.9617265625 0.50505625 0.9726343749999999 0.4908890625 0.973815625 0.45651562500000004 0.9680453124999999 0.44251562499999997 0.95211875 0.4208078125 0.9236281249999999 0.4007890625 0.8987703125 0.396353125 0.8966328125 0.3979375 0.8862078125 0.39804062500000004 0.8841765625000001 0.39649999999999996 0.8820375 0.3980828125 0.8716140625 0.3981875 0.8359015624999999 0.40635625 0.814353125 0.42687656250000006 0.8054234375 0.4441484375 0.8053687500000001 0.4457109375 0.804778125 0.4628984375 0.8103875 0.481584375 0.8223062499999999 0.4986453125 0.83449375 0.5078953125 0.8384484375 0.514103125 0.8486046875 0.5218109375 0.8609515625 0.5263734375 0.8775234375000001 0.5293296875 0.9004578125 0.5291 0.908690625 0.532140625
3 0.6569875 0.33630312500000004 0.6574703125 0.322240625 0.6518609375 0.30355468750000003 0.6422421875000001 0.280221875 0.6361484374999999 0.275596875 0.6257234375 0.2757015625 0.6193625 0.278890625 0.6149234375 0.28674374999999996 0.601984375 0.29936875 0.5909140625 0.31822343750000004 0.5908609375 0.3197859375 0.5885609374999999 0.32605625 0.5904843750000001 0.3307234375 0.6044875000000001 0.34776406249999997 0.6252828125 0.3491171875 0.633515625 0.3521578125 0.65388125 0.3660109375 0.6601890625 0.3643859375 0.6666593749999999 0.3580734375 0.66265 0.353428125 0.6569875 0.33630312500000004
3 0.8238640625 0.7563484375 0.8198015625 0.7532656249999999 0.8051 0.7565359375 0.777996875 0.7568078125000001 0.7469375 0.750871875 0.71609375 0.7386859375 0.7056703125 0.738790625 0.6926234375 0.7545421875 0.6923 0.763915625 0.6943859375 0.7638953125 0.7191359375 0.7714562500000001 0.7334609375000001 0.779121875 0.7537734375 0.7945375 0.7657453125 0.8100375 0.7695921875 0.8193703125 0.77579375 0.82086875 0.8126875 0.7783265625 0.8127953124999999 0.7752015625 0.823703125 0.7610359375 0.8238640625 0.7563484375
3 0.858565625 0.7169515625 0.8693671875 0.705909375 0.8716671874999999 0.6996390625 0.86781875 0.69030625 0.866271875 0.6747015625 0.8543 0.659203125 0.84414375 0.6514953125 0.8257015624999999 0.642309375 0.778125 0.631853125 0.7593609375 0.6320421875 0.7551375 0.6336453125 0.7296359375 0.647959375 0.6997484375 0.6685640625 0.6934390625 0.6701890625 0.6869703125 0.6765015625 0.6869171875 0.6780640625000001 0.688034375 0.70616875 0.6978140625 0.7248125 0.7161484375 0.737125 0.738759375 0.74626875 0.7531921875 0.750809375 0.780134375 0.755225 0.805153125 0.7549734375 0.8324718750000001 0.7484515625 0.8497421875000001 0.731096875 0.858565625 0.7169515625
3 0.561296875 0.3310171875 0.55701875 0.33418281250000004 0.5568578125 0.3388703125 0.5810703125 0.36205625 0.58208125 0.393284375 0.59180625 0.4134921875 0.6018546875 0.42432499999999995 0.6323765625 0.44588593750000005 0.6549875000000001 0.4550296875 0.6777609375 0.4594875 0.6839078125 0.4625484375 0.6901625 0.4624859375 0.6923546875000001 0.459340625 0.686584375 0.44534062499999993 0.680596875 0.43759218750000006 0.67878125 0.4298 0.67471875 0.4267171875 0.6671859375 0.4033640625 0.6612 0.39561406250000003 0.6554828125000001 0.380053125 0.6559125 0.36755312500000004 0.6623812499999999 0.361240625 0.66024375 0.3628234375 0.65601875 0.364428125 0.6478953125 0.35826250000000004 0.639609375 0.3567828125 0.6294531250000001 0.34907499999999997 0.60651875 0.34930625000000004 0.5963640625 0.34159843749999996 0.592515625 0.332265625 0.5844453125 0.3245359375 0.5740203125 0.324640625 0.561296875 0.3310171875
3 0.5169640625 0.7110093749999999 0.5125796874999999 0.7173015625 0.51215 0.7298 0.5050890625 0.7533000000000001 0.49637343749999996 0.764321875 0.49626562500000004 0.767446875 0.4811875 0.7816546875 0.481134375 0.7832171875 0.4809734375 0.7879046875 0.4850359375 0.7909875000000001 0.5059375 0.789215625 0.5441109375 0.7700890625000001 0.552665625 0.7637562499999999 0.5527734375 0.76063125 0.5448640625000001 0.748215625 0.528775 0.7311953124999999 0.5273359375 0.7124671874999999 0.5169640625 0.7110093749999999
3 0.6653578125 0.4564875 0.6818234375000001 0.4625703125 0.692246875 0.462465625 0.6905390625 0.45154843749999996 0.6728484375 0.4204875 0.6652625 0.398696875 0.6592765625 0.39094843749999997 0.6555890625 0.376928125 0.65794375 0.36909375 0.6559125 0.36755312500000004 0.6273140625 0.350659375 0.60438125 0.35088906249999996 0.5831015625 0.3635984375 0.58085625 0.36830625 0.5802640625000001 0.38549375 0.5858749999999999 0.4041796875 0.5998234375 0.42278281250000005 0.6282593750000001 0.44436406249999993 0.6549875000000001 0.4550296875 0.6653578125 0.4564875
3 0.6745140625 0.675065625 0.691409375 0.6686484375 0.706271875 0.6606890625 0.72338125 0.648021875 0.740328125 0.6400421875 0.7595765625 0.6257921875 0.7879703124999999 0.5880203125000001 0.8018765625000001 0.5472703125 0.80781875 0.49566718749999994 0.796921875 0.44891875 0.7730312500000001 0.41635937500000003 0.74261875 0.3916734375 0.7099046875 0.3732578125 0.676921875 0.36265625 0.66644375 0.3643234375 0.660028125 0.3690734375 0.661521875 0.3862390625 0.67525625 0.4110921875 0.67701875 0.420446875 0.6888828124999999 0.4390703125 0.6887218749999999 0.4437578125 0.696578125 0.4577359375 0.696309375 0.4655484375 0.7079046875 0.49198437500000003 0.709453125 0.5075890625 0.7073140625 0.509171875 0.70683125 0.523234375 0.7046921875 0.5248171875 0.7042625 0.5373171875 0.6995546874999999 0.5529843750000001 0.68629375 0.574984375 0.6584375 0.5971296875000001 0.6329343749999999 0.6114437500000001 0.6115484375 0.627278125 0.60069375 0.63988125 0.5962015625 0.6492984374999999 0.5345578125 0.6842796875 0.534503125 0.6858421875 0.532365625 0.687425 0.531559375 0.7108625 0.5334828125 0.7155296875 0.5375984375 0.71705 0.5544921875 0.7106328125 0.6054984375 0.6820062499999999 0.6223921875 0.6755890625000001 0.6369859375 0.6754421875000001 0.6535578125 0.6784 0.6745140625 0.675065625
3 0.35004375 0.534625 0.38009218749999996 0.5093328125000001 0.42254218750000005 0.48703906249999995 0.45825468750000004 0.478871875 0.48118906250000004 0.47864218750000004 0.49610468750000003 0.4691203125 0.5087765625 0.4643078125 0.5233703125 0.4641609375 0.54235 0.457721875 0.5861328125 0.4572828125 0.594525 0.45563750000000003 0.6093890625 0.44767812500000004 0.61388125 0.43826093750000006 0.6037250000000001 0.430553125 0.5974171875 0.4321796875 0.5369546875 0.4327859375 0.528721875 0.4297453125 0.5103875 0.4174328125 0.48975468749999995 0.4113921875 0.46478906249999996 0.41008125 0.46265 0.4116640625 0.43763125 0.41191562499999995 0.43549218749999996 0.4135 0.41459062500000005 0.415271875 0.40822812500000005 0.418459375 0.39775 0.42012656249999997 0.366046875 0.4329390625 0.3384046875 0.4488359375 0.29985625 0.4789 0.2890546875 0.48994218749999996 0.2714625 0.516671875 0.2621015625 0.5464421875000001 0.2620484375 0.5480046875 0.2630578125 0.5792328125 0.2746 0.60723125 0.2785546875 0.6134390625 0.2887109375 0.621146875 0.29908125 0.6226046875 0.30539062499999997 0.6209796875 0.31715781249999997 0.5818125000000001 0.336728125 0.5581875000000001 0.33908125 0.5503546874999999 0.35004375 0.534625
4 0.557996875 0.5481578125000001 0.5752671874999999 0.530803125 0.5782109375 0.5057828125 0.574471875 0.493325 0.5605765625 0.473159375 0.5379109375 0.4655765625 0.508721875 0.4658703125 0.4939125 0.472265625 0.48102812500000003 0.483328125 0.46781875 0.5037671875 0.467765625 0.5053296875 0.46685156250000004 0.5318906250000001 0.4707 0.5412234375 0.478609375 0.5536390625000001 0.490796875 0.5628890625 0.505175 0.5689921874999999 0.5218546875000001 0.568825 0.5303015624999999 0.5656156250000001 0.5365562500000001 0.565553125 0.5513656250000001 0.5591578125 0.557996875 0.5481578125000001
5 0.718953125 0.897975 0.7669703125 0.8350156249999999 0.76943125 0.8240578125000001 0.7576734375 0.8023078124999999 0.747625 0.7914749999999999 0.7211125 0.7745609375 0.6963625 0.767 0.6859390624999999 0.7671046875 0.6839078125 0.7655624999999999 0.65675 0.767396875 0.627184375 0.7786265625000001 0.6014671875000001 0.799190625 0.5926984375 0.8117734375 0.5880984375 0.824315625 0.5880453125 0.825878125 0.5855296875 0.8383984375000001 0.5875609374999999 0.839940625 0.5890546875 0.85710625 0.600865625 0.8772921874999999 0.6109140625 0.8881249999999999 0.6231015625 0.897375 0.6457124999999999 0.90651875 0.68735625 0.9076625 0.7125375 0.902725 0.718953125 0.897975
5 0.584553125 0.3214109375 0.5888296875 0.3182453125 0.59770625 0.30253593749999996 0.598459375 0.2806625 0.5865953125 0.26203750000000003 0.5764390625 0.25432968749999996 0.56200625 0.24978906250000002 0.553665625 0.24987343750000002 0.5487984375 0.2702265625 0.5355359375 0.2922265625 0.5163421875 0.30491562499999997 0.4994484375 0.3113328125 0.48266093750000005 0.31462500000000004 0.4680671875 0.31477187500000003 0.46801250000000005 0.316334375 0.47383749999999997 0.3287703125 0.486025 0.3380203125 0.5024359375 0.3456640625 0.514784375 0.3502265625 0.5461109375000001 0.34835 0.55675 0.34199531250000004 0.5528484375 0.334225 0.561403125 0.3278921875 0.5719890624999999 0.3231 0.584553125 0.3214109375
5 0.377115625 0.7170984375 0.3967921875 0.6903484375 0.41176250000000003 0.6792640624999999 0.4223484375 0.6744734375 0.44122031249999993 0.671159375 0.4414359375 0.6649093749999999 0.4313328125 0.6556390624999999 0.42299375 0.6557234375000001 0.4123546875 0.6620781250000001 0.393375 0.6685156250000001 0.3662171875 0.67035 0.353815625 0.6673515625 0.32928125 0.653540625 0.3209953125 0.6520609375 0.3123859375 0.6599578125 0.30575625 0.6709578125 0.3057015625 0.6725203125 0.30131718749999997 0.6788109375 0.3005109375 0.7022484375 0.3083671875 0.7162265624999999 0.31440625 0.7224140625000001 0.3369109375 0.7346828125 0.365884375 0.7406406249999999 0.372246875 0.737453125 0.37256875 0.728078125 0.376953125 0.7217859375 0.377115625 0.7170984375
5 0.736696875 0.32144531249999997 0.7559984375 0.30563281249999996 0.75610625 0.3025078125 0.733171875 0.3027390625 0.7184703125 0.30600937500000003 0.707884375 0.3108015625 0.690775 0.32346875 0.6821125 0.332928125 0.675428125 0.345490625 0.6753750000000001 0.347053125 0.6749984375 0.3579890625 0.6790609375 0.3610734375 0.7058953125 0.3686125 0.724284375 0.3793625 0.7305390625 0.37929843750000003 0.722790625 0.36219531250000003 0.7232734375 0.3481328125 0.7276578125000001 0.3418421875 0.7301203125 0.330884375 0.736696875 0.32144531249999997
0 0.4494640625 0.31027187500000003 0.49319375 0.3113953125 0.52061875 0.3017484375 0.5489046875 0.2671015625 0.549603125 0.24679062499999999 0.53586875 0.22193749999999998 0.4803828125 0.199065625 0.44910937500000003 0.19937968749999999 0.432215625 0.20579687500000002 0.3995984375 0.24517187499999998 0.3989 0.265484375 0.410603125 0.2887953125 0.4494640625 0.31027187500000003
0 0.3274546875 0.40365 0.2973515625 0.43050468750000004 0.300178125 0.46952499999999997 0.3063796875 0.471025 0.3597375 0.434565625 0.4126125 0.4121671875 0.373590625 0.395378125 0.3274546875 0.40365
0 0.59433125 0.6430703125 0.6820703124999999 0.5765875 0.6975781249999999 0.5498796875 0.6980609375 0.5358171875 0.6899359375 0.5296515625 0.6299046875000001 0.517759375 0.5856921875000001 0.5306984375 0.5621671874999999 0.548115625 0.5466593750000001 0.5748234375 0.5477218749999999 0.6044890625 0.58813125 0.6415703125000001 0.59433125 0.6430703125
0 0.5815750000000001 0.5291765625 0.62781875 0.5177796875 0.6528375 0.517528125 0.692075 0.52806875 0.7055515625 0.49981875000000003 0.70191875 0.4842359375 0.685778125 0.46877812499999993 0.634353125 0.44898906250000004 0.592225 0.46190781249999996 0.572925 0.47772031249999997 0.57265625 0.48553281249999997 0.5815750000000001 0.5291765625
0 0.6187921875 0.7802734375 0.589603125 0.7805671875 0.55678125 0.7652765625 0.5327734375000001 0.7967562499999999 0.529721875 0.8249015625 0.5497109375 0.8496921875 0.5721609375 0.8635234374999999 0.5908171875 0.8664609375 0.5860140625 0.8243359375000001 0.6187921875 0.7802734375
1 0.3211015625 0.6489359375 0.30939843749999996 0.625625 0.28657187500000003 0.6227296875 0.26284375 0.5854828125 0.252471875 0.584025 0.22023125000000002 0.6124625 0.2150953125 0.6406296874999999 0.2390390625 0.6716265625 0.25748125 0.6808140625 0.294846875 0.6851234374999999 0.3211015625 0.6489359375
1 0.35183906249999997 0.664246875 0.37044062499999997 0.668746875 0.40187656250000003 0.6637453125 0.4402109375 0.63993125 0.452246875 0.592953125 0.4343421875 0.5681421875 0.4118390625 0.555871875 0.3513234375 0.5580406250000001 0.3322359375 0.5676046875 0.3191359375 0.5849171875 0.30950625 0.6224999999999999 0.323240625 0.647353125 0.35183906249999997 0.664246875
1 0.47905 0.480225 0.428796875 0.48697656250000004 0.3926546875 0.5076453125 0.393665625 0.5388734375 0.4386734375 0.5634125 0.4572765625 0.5679109375 0.4844875 0.5645140625 0.46300468749999996 0.5225578125 0.47905 0.480225
1 0.5244015625 0.373559375 0.4899796875 0.344228125 0.42759375000000005 0.34016875 0.3998984375 0.357628125 0.3888296875 0.37648125 0.38839999999999997 0.38898125 0.42100625 0.4105203125 0.5022640625 0.4112671875 0.530065625 0.39068281250000003 0.5244015625 0.373559375
1 0.7252515625 0.3512375 0.7346546875 0.3808203125 0.763090625 0.4024015625 0.783725 0.40844218750000005 0.8024359375 0.40981562499999996 0.83403125 0.4001265625 0.8890453125000001 0.3761453125 0.9041765625 0.360375 0.90460625 0.347875 0.8925812499999999 0.3339390625 0.8455953125000001 0.30629531249999997 0.80844375 0.295734375 0.7792 0.297590625 0.75380625 0.308778125 0.7366421875 0.3230078125 0.7252515625 0.3512375
1 0.8282171875 0.6297890625 0.861253125 0.6388281250000001 0.888303125 0.64011875 0.913590625 0.6320546874999999 0.9528375 0.5816796875 0.9413500000000001 0.55211875 0.918953125 0.5367234375 0.89415 0.530725 0.8608453125000001 0.529496875 0.8209093749999999 0.5392703125 0.805884375 0.551915625 0.7944390625 0.5817078125 0.7996734375 0.61133125 0.8282171875 0.6297890625
1 0.5067546875 0.7048640625 0.525465625 0.7062375000000001 0.5368031249999999 0.6795718749999999 0.5793609375 0.654153125 0.5797375 0.6432156250000001 0.5515156250000001 0.615384375 0.5420046875 0.588928125 0.5067765625 0.5830328125 0.46021093750000003 0.60380625 0.44705625 0.6226812500000001 0.44635781249999995 0.64299375 0.45816875 0.6631796875 0.5067546875 0.7048640625
1 0.691075 0.7389375 0.6937515624999999 0.7217296875 0.680715625 0.6765656250000001 0.6202 0.678734375 0.5501625 0.7153609375000001 0.531290625 0.718675 0.5308609375 0.731175 0.5548578125 0.7606109375 0.587625 0.7774625000000001 0.6230687500000001 0.77710625 0.691075 0.7389375
