2 0.313521875 0.646803125 0.3177 0.6574375 0.34899843750000004 0.6678124999999999 0.3761171875 0.6628765624999999 0.3865453125 0.6575 0.40114062500000003 0.6424875 0.4032234375 0.6376703125 0.4032234375 0.6361125000000001 0.4011265625 0.6175421875 0.39068749999999997 0.604209375 0.37399218749999996 0.5928546875 0.3614734375 0.592134375 0.340609375 0.587296875 0.3280921875 0.5881359374999999 0.3093234375 0.6003078125 0.30933125 0.614340625 0.31351249999999997 0.629653125 0.313521875 0.646803125
2 0.36343437500000003 0.364359375 0.37386875 0.3730140625 0.39265 0.3826703125 0.4197703125 0.3808515625 0.43019999999999997 0.377034375 0.4427125 0.3684 0.44896562500000003 0.360184375 0.44896562500000003 0.358625 0.4489609375 0.3508296875 0.4259921875 0.3133890625 0.4176421875 0.30615312499999997 0.40721093750000004 0.303734375 0.382178125 0.3085296875 0.3654953125 0.3205625 0.3613265625 0.3255203125 0.3613375 0.3473484375 0.363425 0.3487671875 0.36343437500000003 0.364359375
2 0.296759375 0.516953125 0.2967640625 0.5247484375 0.30093749999999997 0.5275875 0.3176296875 0.531146875 0.338490625 0.5297484375 0.36560625 0.518575 0.378115625 0.506821875 0.378115625 0.5052625 0.382284375 0.498746875 0.38227656250000003 0.4847140625 0.3739234375 0.47124062499999997 0.3530546875 0.45860781250000004 0.32801874999999997 0.4556078125 0.31341562500000003 0.45658750000000003 0.3029859375 0.4588453125 0.29464375 0.46408281249999994 0.2946734375 0.515534375 0.296759375 0.516953125
3 0.401103125 0.5770046875 0.39693125 0.577284375 0.373990625 0.5897359375 0.37399218749999996 0.5944140625000001 0.3823390625 0.596971875 0.3927734375 0.6040687499999999 0.4073875 0.6233593749999999 0.4240734375 0.616003125 0.444934375 0.6130453124999999 0.4532765625 0.60936875 0.4595359375 0.6089484374999999 0.46579531249999995 0.611646875 0.482484375 0.610528125 0.4991703125 0.6047328125 0.4991703125 0.6031734375 0.5033390625 0.59665625 0.50333125 0.582625 0.50124375 0.5796453125000001 0.49289531249999996 0.5739687499999999 0.46576874999999995 0.5633140625 0.4574234375 0.5623140624999999 0.4323890625 0.5639921875 0.4177890625 0.5696484374999999 0.41153125 0.57006875 0.401103125 0.5770046875
3 0.48444062499999996 0.3765171875 0.45523125000000003 0.3722375 0.43854218749999996 0.37335625 0.4322859375 0.378453125 0.4218578125 0.382271875 0.40516874999999997 0.38494843749999996 0.4030828125 0.3835296875 0.3926515625 0.38422968750000003 0.3676234375 0.396821875 0.3509421875 0.4104140625 0.34886093749999997 0.4199078125 0.353034375 0.42274687499999997 0.419790625 0.41671250000000004 0.45108437500000004 0.41929218749999997 0.49698906249999997 0.433365625 0.5115999999999999 0.44485937499999995 0.515778125 0.45549375000000003 0.5283046875 0.473365625 0.545 0.48315937499999995 0.5470890625 0.4876984375 0.565871875 0.5020296875 0.57630625 0.506009375 0.5804765625 0.5041703125 0.5804765625 0.5026109375 0.5762968749999999 0.48885781250000004 0.5658562500000001 0.47240624999999997 0.5658531250000001 0.46617031249999996 0.57210625 0.45639531250000004 0.572096875 0.4408046875 0.5679203125 0.4317296875 0.5470421875 0.4050625 0.5261734375 0.3924296875 0.496959375 0.3803546875 0.48444062499999996 0.3765171875
3 0.51996875 0.48795625 0.5366625 0.4961921875 0.5450109375000001 0.5018703125 0.55545 0.5167625 0.5617109375 0.5210203124999999 0.5721406250000001 0.5203203125 0.5763125 0.516921875 0.5763109375 0.5153640625 0.57630625 0.5075671875000001 0.5470890625 0.48925625000000006 0.5429140625 0.4833 0.52413125 0.4720859375 0.51786875 0.464709375 0.5116125 0.468246875 0.50744375 0.476321875 0.49701874999999995 0.4863765625 0.49910625 0.4877953125 0.51996875 0.48795625
5 0.2799734375 0.3418890625 0.27998124999999996 0.35747968750000003 0.28206875 0.3589 0.284175 0.39462031249999996 0.288353125 0.4052546875 0.29669687499999997 0.4046953125 0.31755468750000004 0.397059375 0.3321515625 0.3851671875 0.3404890625 0.372134375 0.3404890625 0.370575 0.3425734375 0.3688765625 0.3425609375 0.3454890625 0.3383828125 0.3364140625 0.33212031249999996 0.327478125 0.315425 0.3176828125 0.2987328125 0.314125 0.2799578125 0.3153828125 0.2778734375 0.3170828125 0.2778859375 0.34046875 0.2799734375 0.3418890625
5 0.327984375 0.3948015625 0.3342421875 0.392821875 0.34675625 0.385746875 0.361346875 0.3644984375 0.361346875 0.3629390625 0.36133906250000003 0.34890781249999997 0.35298281249999997 0.3291984375 0.3342015625 0.3179828125 0.319596875 0.317403125 0.33420625 0.3273390625 0.344646875 0.3453484375 0.3446609375 0.3687359375 0.3342375 0.3850265625 0.3238125 0.393521875 0.327984375 0.3948015625
5 0.33850625 0.556253125 0.3385125 0.5671671875000001 0.330178125 0.5864359375 0.3406078125 0.5857375 0.351040625 0.58815625 0.359384375 0.5860375 0.3802375 0.5690484375 0.3864875 0.5530359375 0.3864859375 0.551478125 0.38648125 0.54368125 0.382303125 0.5330468749999999 0.373953125 0.5242515625 0.36560625 0.520134375 0.34683593749999997 0.5291890625 0.330146875 0.531865625 0.3259765625 0.5337046875 0.325978125 0.5368234375000001 0.334328125 0.54561875 0.33850625 0.556253125
5 0.44479687500000004 0.36669999999999997 0.4447984375 0.36981875 0.46357499999999996 0.37011875 0.47817187499999997 0.35822656249999996 0.47817031249999997 0.3566671875 0.4844234375 0.34533281250000003 0.484415625 0.3313015625 0.47397656250000003 0.31796875 0.467715625 0.3137109375 0.45102343749999996 0.3085921875 0.4280765625 0.31013125 0.42807812500000003 0.3148078125 0.451046875 0.3506890625 0.4510515625 0.36004375 0.44479687500000004 0.36669999999999997
5 0.444934375 0.6130453124999999 0.4491078125 0.615884375 0.46788749999999996 0.622421875 0.472059375 0.6221421874999999 0.46997343750000004 0.620721875 0.46788281249999997 0.614625 0.46162187499999996 0.6103671875 0.444934375 0.6130453124999999
1 0.3760109375 0.4711015625 0.3822734375 0.47847656250000004 0.38437031250000003 0.497046875 0.3927171875 0.501165625 0.4010625 0.5021656250000001 0.4219234375 0.5007671874999999 0.44278125 0.49313124999999997 0.4573796875 0.482796875 0.467803125 0.469625 0.46780156249999993 0.46806562500000004 0.4698828125 0.4585703125 0.46152499999999996 0.43418437499999996 0.44065624999999997 0.423109375 0.4302234375 0.42069062500000004 0.39893125 0.4212296875 0.38224375 0.427025 0.3718171875 0.43396093750000003 0.3593078125 0.4472734375 0.3572265625 0.458328125 0.3760109375 0.4711015625
1 0.5075046875 0.5854625 0.5075078125 0.5917 0.5179437499999999 0.5987953125 0.53255 0.604053125 0.5513250000000001 0.6027953125 0.5700968750000001 0.5953 0.5846953125 0.5849656249999999 0.5888640625 0.57845 0.5888625000000001 0.576890625 0.5951171875 0.568675 0.5930203125 0.5501046875 0.563803125 0.5317937500000001 0.5554578125 0.532353125 0.5533765625 0.5402890625000001 0.5346109375 0.5586984375 0.5095828124999999 0.56973125 0.4991515625 0.5704312500000001 0.4970671875 0.5721296875 0.5075046875 0.5854625
1 0.4865203125 0.363903125 0.49069843750000003 0.3745375 0.496959375 0.3787953125 0.5324328125 0.39356874999999997 0.5470359375 0.39258906250000003 0.55955 0.3870734375 0.5720609375000001 0.3768796875 0.582484375 0.362146875 0.5824828125 0.3605890625 0.5845687500000001 0.35888906249999997 0.5845609375 0.34485625 0.5762078125000001 0.329825 0.5553375 0.31563281249999997 0.5449046875 0.3132125 0.530303125 0.31575156249999997 0.51153125 0.323246875 0.49276406250000004 0.336978125 0.4865109375 0.34831249999999997 0.4865203125 0.363903125
0 0.5492421875 0.6076125 0.55968125 0.6240640625 0.5742906249999999 0.6324390625 0.59098125 0.6359984375 0.6201875 0.634040625 0.6264453125 0.6320609375 0.638959375 0.6265453125 0.65146875 0.6132328125 0.65146875 0.6116734375 0.6493671875 0.5853078125 0.6451921875 0.57935 0.6305828124999999 0.569415625 0.6222359375 0.5668562500000001 0.5992890625 0.5683953125000001 0.5888656250000001 0.5831265625000001 0.57426875 0.5950203125 0.5534125000000001 0.6057734375 0.549240625 0.6060531250000001 0.5492421875 0.6076125
0 0.4511484375 0.53466875 0.4511546875 0.5440234375 0.4657671875 0.5601953125 0.48037343750000006 0.565453125 0.494978125 0.5675921875000001 0.5116671875 0.5664734375 0.528353125 0.5606765625000001 0.540865625 0.5520421875 0.5492046875 0.542128125 0.5492046875 0.54056875 0.5533734375 0.534053125 0.5533640625 0.5169015625 0.5470984375 0.5064078125 0.5262296875 0.4922140625 0.5116234375000001 0.48851562499999995 0.486590625 0.49019375 0.46573281250000004 0.4993890625 0.4532234375 0.5127015625 0.4490625 0.53325 0.4511484375 0.53466875
0 0.5825703125 0.5165031250000001 0.5909140625 0.51594375 0.61594375 0.5064703125000001 0.6284546875 0.49471718750000004 0.6305390625 0.48989843750000006 0.6305375 0.48834062500000003 0.632615625 0.47260937500000005 0.6242625 0.4591359375 0.6117421875 0.4521796875 0.599221875 0.448340625 0.58253125 0.4463421875 0.5762734375 0.44832031250000004 0.5679406250000001 0.4707078125 0.582559375 0.49623437499999995 0.5804828125 0.515084375 0.5825703125 0.5165031250000001
0 0.5534250000000001 0.6260421875 0.5534203125 0.618246875 0.5471546875 0.6061921875 0.54506875 0.6063328125 0.5304640625 0.605753125 0.5179437499999999 0.6003546875 0.513771875 0.600634375 0.509603125 0.6055921875 0.501259375 0.6092703125 0.5012671875 0.6217421875 0.5075296875 0.6291187500000001 0.5242203125 0.632678125 0.5429968749999999 0.63141875 0.5534250000000001 0.6260421875
1 0.4532796875 0.6156046875000001 0.42824687499999997 0.6172828124999999 0.407390625 0.6264765625 0.3990578125 0.6488640625000001 0.3740328125 0.6661343750000001 0.3802984375 0.6781875 0.43454375 0.685465625 0.4554046875 0.6840671875 0.47417499999999996 0.6750125 0.48460000000000003 0.661840625 0.48458750000000006 0.641571875 0.47206093750000006 0.6237015625 0.4532796875 0.6156046875000001
4 0.6681140625 0.5325968750000001 0.6681046875 0.5154468750000001 0.6472359375 0.5028125 0.626371875 0.5010921875000001 0.578403125 0.524578125 0.6013734375 0.5651375 0.6326671875 0.5661578125 0.6681140625 0.5325968750000001
