2 0.45027656250000003 0.8247125000000001 0.454225 0.8310546875 0.4688125 0.8396796875 0.4800546875 0.8503343750000001 0.484478125 0.8525046875 0.5062328125 0.8528984375 0.5245124999999999 0.8427796875 0.5452984375 0.8243453125 0.5677484374999999 0.7913109375 0.570471875 0.7537390625 0.5646046874999999 0.7369109375 0.5640015625 0.728540625 0.55945 0.7138265625 0.5450999999999999 0.703115625 0.543546875 0.7030875 0.539121875 0.7009171875 0.5158140625 0.7004953125 0.4962171875 0.7085 0.478778125 0.7249046875 0.46038750000000006 0.749653125 0.4540609375 0.76416875 0.45168437499999997 0.7850265624999999 0.453128125 0.7996828125000001 0.44919843750000005 0.8205125000000001 0.45027656250000003 0.8247125000000001
2 0.301603125 0.66735 0.30207968749999997 0.6631781250000001 0.3090078125 0.6570328125 0.33098125 0.6281703125 0.3394640625 0.622053125 0.32582656249999997 0.6050859375 0.3242734375 0.6050578125 0.321403125 0.602915625 0.3180578125 0.6049453125 0.3019328125 0.6234640625 0.297875 0.63175 0.2957359375 0.650521875 0.28785625000000004 0.6650109375000001 0.28714375 0.6712671875 0.2890625 0.681753125 0.29217031250000003 0.681809375 0.301603125 0.66735
2 0.3005953125 0.7718359375 0.3141046875 0.7762609375 0.3374125 0.776684375 0.3590390625 0.7645359375 0.367996875 0.754246875 0.385309375 0.7253000000000001 0.3946140625 0.698296875 0.39651562500000004 0.6816109375 0.39446875000000003 0.6585828125 0.3815453125 0.6353578125 0.3760421875 0.6289875 0.3671953125 0.624646875 0.365640625 0.62461875 0.344125 0.6221375 0.3273984375 0.6322859375000001 0.2982578125 0.6693796875 0.29037812500000004 0.6838671875 0.28513125 0.7025828125 0.2832296875 0.71926875 0.2850390625 0.7443828124999999 0.288275 0.7569828125 0.2935390625 0.7654375 0.3005953125 0.7718359375
2 0.193490625 0.7552640625 0.241915625 0.7812234375 0.251 0.783478125 0.2596109375 0.7899046875 0.264271875 0.7899890625 0.2714375 0.7817578125 0.28026875 0.7589265625 0.2824078125 0.7401546875 0.2812015625 0.7234125 0.2847671875 0.692125 0.2662296875 0.677159375 0.2646765625 0.67713125 0.26025312500000003 0.6749609375000001 0.2338375 0.67448125 0.22093124999999997 0.678428125 0.21555624999999998 0.6846 0.2064890625 0.7095171875 0.19705625 0.7239765625000001 0.18475312500000002 0.73629375 0.1820109375 0.7466953125 0.18882812499999999 0.7551796875 0.193490625 0.7552640625
2 0.2000390625 0.53383125 0.21641875000000002 0.5403984375 0.2394890625 0.5429078125 0.26983437499999996 0.5225562499999999 0.27926875 0.508096875 0.2840390625 0.49355312500000004 0.2868921875 0.46852343750000003 0.282815625 0.44963749999999997 0.273840625 0.4327546875 0.26678437499999996 0.42635625 0.26522968750000003 0.42632812500000006 0.24682187500000002 0.4239046875 0.24502968749999998 0.42596249999999997 0.2279375 0.42565156249999997 0.20702500000000001 0.43154375 0.194959375 0.441775 0.18362499999999998 0.4729203125 0.1828015625 0.49380625 0.187115625 0.51060625 0.19585312500000002 0.529575 0.2000390625 0.53383125
3 0.51695 0.6085515625 0.5083578125 0.629296875 0.500715625 0.6416984375 0.5017953125 0.6458984375 0.500003125 0.64795625 0.49738906250000003 0.6708999999999999 0.4997828125 0.6772125 0.5001484375 0.6876703125 0.505175 0.6982125 0.5333828125 0.6966328125000001 0.5346984375 0.698746875 0.5424671875 0.6988875 0.5623203125 0.71596875 0.5731046875 0.7579671875 0.57133125 0.7871953125 0.58374375 0.76025 0.5873265625 0.756134375 0.5876750000000001 0.7394203125 0.5825203125 0.716334375 0.5704374999999999 0.6993953125 0.563490625 0.67836875 0.5618093749999999 0.6657968750000001 0.5641859375 0.6449390625 0.5730171875 0.6221078125 0.5857953124999999 0.60561875 0.58925 0.5889609375 0.5958140625 0.572359375 0.6085921875 0.5558703125 0.6134906250000001 0.55386875 0.6206578125 0.5456375 0.624715625 0.5373515624999999 0.622559375 0.5289515625 0.6292500000000001 0.5248921875 0.629725 0.520721875 0.6333078125 0.5166062499999999 0.634259375 0.5082625000000001 0.6385546875 0.497890625 0.64045625 0.48120312500000006 0.638903125 0.481175 0.634240625 0.48109062500000005 0.6242046875 0.4871796875 0.6121390625 0.49741093750000004 0.5921765625 0.494959375 0.5857234375 0.4969328125 0.573896875 0.505078125 0.544153125 0.5338 0.5263656250000001 0.5669203125 0.5183765625000001 0.5960359375000001 0.51695 0.6085515625
3 0.28738437499999997 0.4915234375 0.2828515625 0.50398125 0.2797609375 0.531096875 0.2810765625 0.5332109375 0.279778125 0.55826875 0.2829046875 0.585496875 0.2852984375 0.5918109375 0.29438437500000003 0.594065625 0.301075 0.59000625 0.30584687499999996 0.5754625 0.311459375 0.567203125 0.316340625 0.5380296875 0.3203984375 0.52974375 0.3211125 0.5234859375 0.33125781249999997 0.50276875 0.350728125 0.48222031249999997 0.37186093750000004 0.44707187499999995 0.41103750000000006 0.403890625 0.42107343750000004 0.3978015625 0.43397968750000004 0.39385625 0.4433015625 0.39402499999999996 0.456446875 0.38799375 0.4817828125 0.384271875 0.495403125 0.37406875 0.5127328125 0.3722921875 0.5325671875 0.3622015625 0.53615 0.3580859375 0.54391875 0.358228125 0.54905625 0.354140625 0.5502453125 0.3437109375 0.546059375 0.3394546875 0.49478125000000006 0.338525 0.4811453125 0.3215578125 0.4694265625 0.315075 0.45854999999999996 0.314878125 0.45723437499999997 0.3127640625 0.4556796875 0.3127359375 0.4385875 0.312425 0.43679687500000003 0.3144828125 0.4163578125 0.31620312500000003 0.393178125 0.32832343750000004 0.3762140625 0.34055625 0.3339296875 0.38368125000000003 0.31148125000000004 0.416715625 0.2995421875 0.439490625 0.290475 0.4644078125 0.28738437499999997 0.4915234375
3 0.47344687499999993 0.43010312500000003 0.4841953125 0.4177578125 0.49960625 0.405496875 0.544778125 0.391684375 0.55241875 0.3792828125 0.5538453125 0.3667671875 0.5470265624999999 0.358284375 0.5452359375 0.3603421875 0.5374656250000001 0.36019999999999996 0.5140484375 0.37440625 0.49671875 0.3761828125 0.4797546875 0.38841562500000004 0.4608703125 0.3901640625 0.446171875 0.3961671875 0.4472515625 0.4003671875 0.45586093749999995 0.40679375 0.4703390625 0.43004687500000005 0.47344687499999993 0.43010312500000003
4 0.5970984374999999 0.34247031250000004 0.6046296875 0.344696875 0.6116859375 0.3510953125 0.63033125 0.351434375 0.64598125 0.3370875 0.654096875 0.3205125 0.6583765625 0.28296875 0.655378125 0.268284375 0.6442453125000001 0.24300000000000002 0.6316875 0.2302328125 0.6301328125000001 0.23020468749999998 0.6210484375 0.22795 0.6096953125 0.23192343750000002 0.6030046875 0.2359828125 0.594046875 0.2462703125 0.5852171875 0.2691015625 0.5809390624999999 0.306646875 0.5823828125 0.32130312499999997 0.588121875 0.32558750000000003 0.5929125 0.33821406249999997 0.5970984374999999 0.34247031250000004
5 0.6603796875 0.6069718749999999 0.66156875 0.5965421875 0.654384375 0.5776015625 0.6418265625 0.5648328125 0.6285546875 0.5583218750000001 0.627 0.55829375 0.613015625 0.5580406250000001 0.60095 0.568271875 0.5905671875 0.591075 0.589140625 0.6035890625 0.6107671875 0.5914406249999999 0.6265421875 0.5896375 0.6444765625 0.5962328125 0.6599046875 0.6111421874999999 0.6616953125 0.6090859375 0.6603796875 0.6069718749999999
5 0.11075312500000001 0.7161421875 0.1282109375 0.726909375 0.15080625 0.7335890625 0.16096875 0.74004375 0.17471562499999999 0.7423828125 0.18678125 0.7321515625 0.20314375 0.711546875 0.21603124999999998 0.6804281249999999 0.21840937500000002 0.6595703125 0.2161234375 0.638628125 0.20235937499999998 0.6091171875 0.1895625 0.598434375 0.17162968750000002 0.5918390625 0.1700765625 0.5918109375 0.1498765625 0.5914453125 0.1369703125 0.5953906250000001 0.1251421875 0.6035375000000001 0.1054359375 0.6261703125 0.0995859375 0.636515625 0.09004218750000001 0.665603125 0.0869515625 0.6927187499999999 0.08995 0.7074046875 0.095690625 0.7116890625 0.11075312500000001 0.7161421875
5 0.2727625 0.4285546875 0.283290625 0.4454671875 0.2865265625 0.458065625 0.289634375 0.45812187499999996 0.30025625 0.4332328125 0.32341875 0.3939421875 0.32484375 0.3814265625 0.3198171875 0.37088437500000004 0.309653125 0.36443125 0.29888593750000003 0.3496046875 0.2973328125 0.3495765625 0.2960171875 0.3474625 0.2851390625 0.347265625 0.26064375 0.357271875 0.248103125 0.37167500000000003 0.24404374999999998 0.3799625 0.239034375 0.39659218749999997 0.2373703125 0.41119218750000003 0.23929062499999998 0.421678125 0.2625984375 0.42210000000000003 0.2727625 0.4285546875
5 0.411725 0.7257796875 0.428103125 0.732346875 0.439584375 0.7409140625 0.44748124999999994 0.7535984375 0.45322031249999994 0.7578828125 0.473640625 0.7289921875 0.48952656250000004 0.712559375 0.4932203125 0.6938156249999999 0.49285468750000005 0.6833578124999999 0.488540625 0.6665593750000001 0.47669531249999997 0.6475328124999999 0.46390000000000003 0.63685 0.4488359375 0.632396875 0.4472828125 0.63236875 0.42170781249999995 0.638175 0.406534375 0.6483515625 0.39936875 0.65658125 0.3968640625 0.6648968749999999 0.39878281250000003 0.67538125 0.3956921875 0.702496875 0.391396875 0.7128703125 0.39020781250000003 0.7232984375 0.3912875 0.7274984375 0.411725 0.7257796875
1 0.37651875 0.624815625 0.396353125 0.614725 0.40865625000000005 0.6024078125 0.41856406249999994 0.5837765625 0.4233359375 0.56923125 0.4269015625 0.5379453125 0.42401406250000007 0.50863125 0.413959375 0.4875484375 0.40247968749999996 0.47897968750000003 0.38227968749999997 0.4786125 0.38096406250000003 0.4764984375 0.379409375 0.47647031249999994 0.3605265625 0.47821875 0.3433234375 0.49253749999999996 0.332575 0.5048828125 0.31968593749999996 0.5360015625 0.3165953125 0.563115625 0.3247484375 0.6008859375 0.3339609375 0.6156843750000001 0.3412546875 0.6199953125000001 0.3645625 0.62041875 0.37651875 0.624815625
1 0.5822515625 0.48641875 0.587753125 0.4927890625 0.5942062499999999 0.49081562500000003 0.595521875 0.49292968750000005 0.6110609375 0.49321093749999995 0.6280265625 0.48097812500000003 0.6411703125 0.474946875 0.651078125 0.45631562499999995 0.6572765625 0.42925625 0.6543875 0.3999421875 0.64373125 0.37048749999999997 0.635359375 0.361975 0.6205328125 0.3554359375 0.6189796875 0.35540781250000003 0.60941875 0.357325 0.5940078125 0.3695859375 0.570828125 0.38170625 0.5634234375 0.3920234375 0.56068125 0.4024234375 0.5615218750000001 0.40870937500000004 0.567025 0.4150796875 0.578284375 0.45290468749999996 0.579015625 0.4738203125 0.5822515625 0.48641875
1 0.308575 0.36023125 0.314315625 0.364515625 0.3187390625 0.3666859375 0.342046875 0.3671078125 0.350290625 0.3630765625 0.37310625000000003 0.34049999999999997 0.386725 0.330296875 0.3921 0.3241234375 0.3943671875 0.31789375 0.395665625 0.2928359375 0.3935078125 0.2844375 0.392175 0.2551515625 0.3823578125 0.2319828125 0.37219375 0.225528125 0.370640625 0.22549999999999998 0.350915625 0.22096093749999998 0.3328734375 0.2289953125 0.318778125 0.24337031250000002 0.3141171875 0.2432859375 0.3038421875 0.251459375 0.2979921875 0.2618046875 0.293221875 0.2763484375 0.290496875 0.31392031249999997 0.2967296875 0.3412046875 0.308575 0.36023125
0 0.49634999999999996 0.543384375 0.5196578125 0.54380625 0.5377 0.5357734375 0.5535859375000001 0.519340625 0.5708984375 0.49039374999999996 0.5759078125 0.47376250000000003 0.57649375 0.4549625 0.56655 0.41925156250000006 0.5584156250000001 0.408653125 0.5438265624999999 0.40002812499999996 0.5422734375 0.4 0.5251812499999999 0.39968906249999997 0.5233890625 0.401746875 0.5076125 0.4035515625 0.48395781250000003 0.41984374999999996 0.46891249999999995 0.4425625 0.46342812499999997 0.4633640625 0.46057499999999996 0.4883921875 0.46201875000000003 0.50305 0.477575 0.530503125 0.49634999999999996 0.543384375
0 0.5478500000000001 0.3373984375 0.553115625 0.345853125 0.5516890625 0.35836875 0.5556375 0.3647109375 0.5587453124999999 0.3647671875 0.56949375 0.3524203125 0.5760578125 0.33581875 0.5772453125 0.325390625 0.5790375 0.3233328125 0.5777203125 0.32121875 0.5800984375 0.3003609375 0.57878125 0.29824687499999997 0.582109375 0.26904531249999997 0.573134375 0.25216249999999996 0.5559140625000001 0.239309375 0.5543609375 0.23928124999999997 0.5421671875 0.2369703125 0.5341609375 0.2389140625 0.5223328125 0.2470609375 0.5100296875 0.259378125 0.5010718749999999 0.269665625 0.483996875 0.296528125 0.48006562500000005 0.3173578125 0.4981265625 0.33649687500000003 0.54031875 0.33517031249999996 0.5478500000000001 0.3373984375
0 0.6468390625 0.37054375 0.668628125 0.42528125 0.7052078125000001 0.432215625 0.7313671875 0.40760781250000006 0.7412765625 0.3889765625 0.74985 0.3410609375 0.7352453125 0.3052640625 0.7159953125 0.29655468749999997 0.68444375 0.3001625 0.6618671875000001 0.3206546875 0.6514828125000001 0.34345625 0.6468390625 0.37054375
0 0.42977187499999997 0.5400875 0.415109375 0.6004343750000001 0.4270828125 0.632003125 0.4537359375 0.6303953124999999 0.479803125 0.6475890625 0.49939999999999996 0.639584375 0.516109375 0.602265625 0.52505 0.56480625 0.5225265625 0.5459484375 0.49455781249999997 0.5454421875000001 0.4637015625 0.5156203125000001 0.4392046875 0.5256265625000001 0.42977187499999997 0.5400875
0 0.1497484375 0.5789015625 0.15011406249999998 0.589359375 0.180953125 0.5920078125 0.202596875 0.60703125 0.2166 0.63445625 0.220803125 0.665884375 0.24206406249999998 0.6432781249999999 0.2524484375 0.6204765625 0.2563609375 0.5724750000000001 0.23590624999999998 0.547021875 0.1873703125 0.5356921875 0.17064375 0.5458390625 0.1497484375 0.5789015625
1 0.5644421875 0.670025 0.569596875 0.6931093749999999 0.6039265625 0.73344375 0.6181484375 0.7316125 0.6461 0.704946875 0.66734375 0.6551703125 0.663378125 0.62165625 0.6338359375 0.59395 0.610528125 0.5935265625 0.5889031250000001 0.605675 0.56753125 0.642909375 0.5644421875 0.670025
1 0.418503125 0.8575781250000001 0.43583437500000005 0.8558031250000001 0.44716875 0.82465625 0.45060625 0.7808265624999999 0.44592656249999996 0.7535703125000001 0.43360624999999997 0.738715625 0.4174640625 0.7300625000000001 0.3838828125 0.7378140625 0.3548703125 0.7874515625 0.347246875 0.8270250000000001 0.418503125 0.8575781250000001
1 0.47338125 0.8815640625000001 0.5665203125 0.9250546875 0.57584375 0.925225 0.5898109375 0.8983062500000001 0.5918046875 0.8398203125 0.5696671875 0.801796875 0.509103125 0.855040625 0.476471875 0.8544499999999999 0.471096875 0.860621875 0.4676421875 0.8772796875 0.47338125 0.8815640625000001
4 0.2489921875 0.637134375 0.2508015625 0.6622484375 0.28153125 0.6795265625 0.2960828125 0.6338078125 0.3147125 0.6069734375 0.2752625 0.5978984374999999 0.2489921875 0.637134375
