2 0.29375 0.7458328125 0.2765625 0.7541671875 0.2546875 0.7708328125 0.240625 0.79375 0.234375 0.8166671875 0.2328125 0.8458328125 0.246875 0.8875 0.2484375 0.8895828124999999 0.259375 0.8895828124999999 0.2609375 0.8875 0.2765625 0.8875 0.278125 0.8854171875000001 0.28125 0.8875 0.284375 0.8854171875000001 0.3140625 0.8854171875000001 0.315625 0.8875 0.328125 0.8875 0.3546875 0.8770828125 0.365625 0.8708328125 0.3703125 0.8645828124999999 0.3765625 0.8375 0.378125 0.8020828124999999 0.36875 0.7791671874999999 0.359375 0.7645828125 0.3484375 0.7541671875 0.3296875 0.74375 0.328125 0.74375 0.309375 0.7416671874999999 0.29375 0.7458328125
2 0.315625 0.48541718749999996 0.309375 0.49791718749999997 0.3046875 0.525 0.3234375 0.5583328125 0.328125 0.5625 0.3390625 0.53125 0.353125 0.5145828125 0.3671875 0.5083328125000001 0.390625 0.5104171875 0.3875 0.49791718749999997 0.3765625 0.48333281250000004 0.3546875 0.47083281250000003 0.353125 0.47083281250000003 0.3296875 0.47291718749999995 0.315625 0.48541718749999996
3 0.2640625 0.47708281250000006 0.2625 0.5166671875 0.259375 0.5229171874999999 0.2546875 0.525 0.24375 0.5395828125000001 0.2359375 0.5625 0.234375 0.6041671875 0.2390625 0.6333328125000001 0.24375 0.6479171874999999 0.2578125 0.68125 0.2671875 0.6979171875 0.2875 0.725 0.3 0.7375 0.3328125 0.7416671874999999 0.35625 0.7583328125000001 0.3703125 0.775 0.375 0.7770828125 0.3953125 0.7770828125 0.40625 0.7625 0.4265625 0.7479171874999999 0.4515625 0.74375 0.4609375 0.7479171874999999 0.4703125 0.7479171874999999 0.4765625 0.74375 0.4984375 0.7229171875 0.4984375 0.70625 0.4875 0.6979171875 0.4828125 0.6979171875 0.459375 0.6875 0.44375 0.6854171874999999 0.434375 0.68125 0.4234375 0.68125 0.4046875 0.675 0.3953125 0.675 0.3875 0.6708328125 0.3796875 0.6708328125 0.3734375 0.6666671875 0.36875 0.6666671875 0.35 0.65625 0.3234375 0.6333328125000001 0.309375 0.6145828125 0.3046875 0.6 0.3 0.5666671875 0.3 0.55 0.296875 0.5354171875 0.290625 0.5208328125 0.290625 0.475 0.2890625 0.46875 0.28125 0.46041718749999994 0.2796875 0.46041718749999994 0.2671875 0.4625 0.2640625 0.47708281250000006
3 0.490625 0.46458281250000005 0.490625 0.47291718749999995 0.4984375 0.4895828125 0.5140625 0.5041671875 0.51875 0.5208328125 0.51875 0.5520828125 0.509375 0.5875 0.5046875 0.5979171875 0.5015625 0.6145828125 0.503125 0.6375 0.50625 0.6458328125 0.5046875 0.6583328125000001 0.49375 0.6875 0.4953125 0.6979171875 0.503125 0.7 0.5046875 0.6979171875 0.5203125 0.6958328125000001 0.5296875 0.6708328125 0.5375 0.6604171875 0.5484375 0.6541671874999999 0.5671875 0.6291671875 0.5796875 0.59375 0.5875 0.5541671874999999 0.5875 0.5270828125 0.584375 0.50625 0.575 0.48125 0.55 0.45208281250000004 0.5296875 0.43958281250000003 0.528125 0.43958281250000003 0.5078125 0.4479171875 0.490625 0.46458281250000005
3 0.2640625 0.6 0.140625 0.6 0.140625 0.7375 0.2640625 0.7375 0.2640625 0.6
3 0.5015625 0.7229171875 0.475 0.7479171874999999 0.4734375 0.7541671875 0.4859375 0.7604171875 0.4921875 0.7666671875 0.5109375 0.79375 0.515625 0.79375 0.528125 0.7854171875 0.5328125 0.7854171875 0.540625 0.7791671874999999 0.58125 0.7583328125000001 0.5953125 0.7541671875 0.6046875 0.7479171874999999 0.6046875 0.7458328125 0.584375 0.7416671874999999 0.5671875 0.7166671874999999 0.546875 0.7041671875 0.528125 0.7020828125 0.5265625 0.7 0.5015625 0.7020828125 0.5015625 0.7041671875 0.503125 0.7166671874999999 0.5015625 0.7229171875
4 0.071875 0.2 0.0671875 0.2020828125 0.05625 0.2145828125 0.0515625 0.2270828125 0.0515625 0.2354171875 0.0546875 0.24375 0.0625 0.2541671875 0.0703125 0.2583328125 0.0765625 0.2583328125 0.09375 0.25 0.1015625 0.2395828125 0.1015625 0.21875 0.0984375 0.2104171875 0.0921875 0.2020828125 0.090625 0.2020828125 0.0890625 0.2 0.071875 0.2
4 0.4140625 0.5625 0.409375 0.58125 0.409375 0.6020828125000001 0.4171875 0.6270828125000001 0.4171875 0.6333328125000001 0.421875 0.6395828125 0.425 0.6395828125 0.428125 0.64375 0.43125 0.64375 0.4453125 0.6541671874999999 0.471875 0.6625 0.4875 0.6541671874999999 0.4984375 0.6375 0.5015625 0.5958328125000001 0.49375 0.5770828125 0.4859375 0.5666671875 0.471875 0.55625 0.45 0.5458328125 0.4484375 0.5458328125 0.428125 0.5458328125 0.4140625 0.5625
5 0.1359375 0.5083328125000001 0.1265625 0.5208328125 0.1171875 0.5458328125 0.1140625 0.5604171874999999 0.115625 0.5770828125 0.128125 0.6208328125 0.134375 0.6291671875 0.14375 0.6354171875 0.15 0.6354171875 0.1609375 0.625 0.2171875 0.5958328125000001 0.2234375 0.5416671875 0.21875 0.5333328125000001 0.2171875 0.525 0.203125 0.50625 0.1890625 0.49791718749999997 0.175 0.49375 0.1734375 0.49375 0.15625 0.49583281250000005 0.1359375 0.5083328125000001
5 0.421875 0.46666718749999997 0.3859375 0.46666718749999997 0.3859375 0.5229171874999999 0.421875 0.5229171874999999 0.421875 0.46666718749999997
1 0.44375 0.45208281250000004 0.4265625 0.4625 0.4140625 0.48333281250000004 0.409375 0.5041671875 0.409375 0.525 0.4203125 0.5479171875 0.434375 0.5416671875 0.4421875 0.5416671875 0.4734375 0.5541671874999999 0.4984375 0.5354171875 0.5 0.5125 0.5015625 0.5104171875 0.5 0.5083328125000001 0.5 0.49791718749999997 0.4875 0.46875 0.475 0.45625 0.4734375 0.45625 0.4671875 0.45208281250000004 0.44375 0.45208281250000004
1 0.2328125 0.5375 0.2234375 0.5604171874999999 0.2203125 0.59375 0.2234375 0.5979171875 0.2265625 0.5979171875 0.23125 0.5958328125000001 0.23125 0.5770828125 0.2375 0.5479171875 0.2484375 0.5291671874999999 0.253125 0.525 0.25 0.525 0.2484375 0.525 0.24375 0.525 0.2328125 0.5375
1 0.2578125 0.8979171875 0.2484375 0.89375 0.228125 0.8958328124999999 0.2171875 0.90625 0.2109375 0.91875 0.2125 0.9375 0.215625 0.9458328125 0.2203125 0.9458328125 0.225 0.9416671875 0.2296875 0.9416671875 0.2421875 0.9333328125 0.271875 0.9208328124999999 0.3109375 0.9 0.31875 0.89375 0.315625 0.8895828124999999 0.3140625 0.8895828124999999 0.28125 0.8895828124999999 0.2578125 0.8979171875
0 0.7109375 0.5875 0.69375 0.59375 0.678125 0.6083328125 0.6703125 0.6229171874999999 0.6640625 0.6458328125 0.6640625 0.69375 0.66875 0.7104171874999999 0.671875 0.7125 0.74375 0.675 0.75625 0.6708328125 0.76875 0.6625 0.7765625 0.6604171875 0.784375 0.6541671874999999 0.784375 0.6458328125 0.7765625 0.6270828125000001 0.7625 0.6083328125 0.746875 0.59375 0.7453125 0.59375 0.734375 0.5875 0.7109375 0.5875
0 0.65 0.6083328125 0.6546875 0.5666671875 0.640625 0.5270828125 0.6125 0.5083328125000001 0.5875 0.5104171875 0.5875 0.56875 0.5734375 0.625 0.5953125 0.6354171875 0.65 0.6083328125
0 0.3703125 0.6645828125000001 0.4046875 0.6666671875 0.4125 0.61875 0.403125 0.5916671874999999 0.3859375 0.5708328125000001 0.3484375 0.5583328125 0.3171875 0.575 0.3078125 0.5875 0.3078125 0.6020828125000001 0.3265625 0.6333328125000001 0.3703125 0.6645828125000001
1 0.6171875 0.7416671874999999 0.634375 0.7333328125 0.6640625 0.7104171874999999 0.6609375 0.67430625 0.6671875 0.61875 0.6421875 0.6125 0.61875 0.6208328125 0.590625 0.64375 0.5828125 0.6604171875 0.58125 0.68125 0.59375 0.6979171875 0.596875 0.7375 0.6171875 0.7416671874999999
1 0.4828125 0.7604171875 0.4421875 0.7479171874999999 0.4078125 0.7645828125 0.3890625 0.8083328125 0.390625 0.8520828125 0.3984375 0.8541671875000001 0.5078125 0.7958328125 0.4828125 0.7604171875
1 0.41875 0.5520828125 0.40625 0.5229171874999999 0.3796875 0.5104171875 0.353125 0.5166671875 0.3359375 0.5416671875 0.3328125 0.5625 0.36875 0.5583328125 0.40625 0.5916671874999999 0.41875 0.5520828125
1 0.234375 0.8666671875 0.2328125 0.8125 0.2421875 0.7875 0.2859375 0.7416671874999999 0.2640625 0.7166671874999999 0.2296875 0.7125 0.2 0.73125 0.1828125 0.7708328125 0.18125 0.80625 0.1953125 0.8583328124999999 0.2296875 0.8729171875 0.234375 0.8666671875
