2 0.6715421874999999 0.671215625 0.680115625 0.6769453125 0.6958953125 0.678009375 0.7350234375 0.6901265624999999 0.7841843749999999 0.6952953125 0.796221875 0.679825 0.8035171875 0.65208125 0.805978125 0.635140625 0.8039687499999999 0.6080062500000001 0.7947546875 0.5855390625 0.772315625 0.557646875 0.7554406250000001 0.548265625 0.7391140625 0.5430421875 0.7375640625 0.54314375 0.718684375 0.542284375 0.7112046875 0.544871875 0.6986203125 0.5561828125 0.69551875 0.5563859375 0.6780999999999999 0.5785015625 0.6678875 0.5959484374999999 0.6646046875 0.6066515625 0.6622359375 0.6361703125 0.6647000000000001 0.654884375 0.6715421874999999 0.671215625
2 0.44260937499999997 0.6190984375 0.44935937499999995 0.6228515625 0.47188749999999996 0.6276671875 0.5081890625 0.64206875 0.5467703125 0.6500265625 0.554521875 0.64951875 0.565828125 0.6047328125 0.5647328125 0.596415625 0.5584374999999999 0.58424375 0.551140625 0.5763328125 0.5403765625 0.5539671875 0.531528125 0.54615625 0.519853125 0.5406296875 0.518303125 0.54073125 0.513378125 0.53895625 0.4715140625 0.5417 0.4702375 0.54388125 0.4519046875 0.5471796875 0.44187343749999997 0.554128125 0.42782968749999994 0.5781203125000001 0.4260984375 0.5887203125 0.4278328125 0.613775 0.43640625 0.6195062499999999 0.44260937499999997 0.6190984375
2 0.37465000000000004 0.5186828125 0.386325 0.5242093750000001 0.3909765625 0.5239046875 0.4029265625 0.5315125 0.40912812499999995 0.53110625 0.41760937499999995 0.5242578124999999 0.43137968750000005 0.49818749999999995 0.43329218750000004 0.4770875 0.4297328125 0.45005468750000005 0.4192421875 0.42976875000000003 0.406471875 0.41592343749999994 0.3774671875 0.409434375 0.37591718749999997 0.4095359375 0.356034375 0.4129359375 0.344178125 0.41790781250000003 0.337246875 0.4246546875 0.32940625 0.4482390625 0.32794687499999997 0.46091875 0.329409375 0.48389375 0.3386234375 0.5063609375 0.34774531249999996 0.5162515625 0.3585984375 0.5155390625 0.37465000000000004 0.5186828125
3 0.4419625 0.5310515625 0.44853125 0.545303125 0.4562828125 0.5447953125 0.47561875000000003 0.5372359375 0.4766203125 0.532975 0.47141875000000005 0.49346562499999996 0.4720546875 0.47454843750000003 0.47551875 0.453346875 0.4841828125 0.43600000000000005 0.50835 0.4176375 0.5266828125 0.4143390625 0.5414546875 0.3840078125 0.5499359375 0.3771609375 0.5586921874999999 0.37239218749999997 0.5695453125000001 0.37168125 0.584321875 0.3770046875 0.5936250000000001 0.3763953125 0.60548125 0.3714234375 0.6152390624999999 0.3623953125 0.621621875 0.3514890625 0.6342078124999999 0.340178125 0.65171875 0.330640625 0.66695 0.32754531249999996 0.674884375 0.3165390625 0.6737890625 0.308221875 0.6701390625 0.304265625 0.6602890625 0.300715625 0.6478859375 0.30152968750000003 0.6195203125 0.3117765625 0.6102171875 0.3123859375 0.6019171875 0.3087359375 0.5912453125 0.2989484375 0.5896953125 0.29905 0.5847703125 0.297275 0.5553109375 0.2992046875 0.5171875 0.31848125 0.4920171875 0.3411046875 0.4638375 0.37650937500000003 0.4510703125 0.3983203125 0.43639062500000003 0.4412296875 0.43466250000000006 0.487484375 0.43931718750000004 0.5228359375 0.4419625 0.5310515625
4 0.6485484375 0.567853125 0.667246875 0.5792125 0.675 0.5787046874999999 0.696521875 0.552125 0.713759375 0.540509375 0.728990625 0.5374140625 0.7309953124999999 0.5288921875 0.7282578125 0.5080984374999999 0.7163984375 0.4774140625 0.703628125 0.4635703125 0.68100625 0.44617500000000004 0.67945625 0.44627656250000003 0.6665046875 0.44293125 0.6494484375 0.44404843749999995 0.6322125 0.4556640625 0.6219984375000001 0.47311249999999994 0.6174390625 0.48599531249999994 0.613975 0.507196875 0.6158921875 0.521753125 0.6203624999999999 0.531946875 0.6412515625 0.5599421875 0.6485484375 0.567853125
5 0.318565625 0.591571875 0.3408203125 0.5943078125000001 0.363621875 0.601203125 0.371375 0.6006953125 0.379675 0.604346875 0.388978125 0.6037359375 0.39025468750000003 0.60155625 0.3880640625 0.5849203125 0.3743796875 0.552259375 0.3595125 0.53435625 0.34728906249999997 0.5246703125 0.3257640625 0.5155937500000001 0.3242125 0.5156953125 0.308434375 0.51463125 0.30715781249999996 0.5168125 0.29165312499999996 0.5178281250000001 0.27414218749999997 0.5273656250000001 0.26210468750000004 0.5428359375 0.25499218749999997 0.56008125 0.253259375 0.57068125 0.26520781250000003 0.5782875 0.2859125 0.5811265624999999 0.318565625 0.591571875
5 0.6485546875 0.6391640625 0.659775 0.653109375 0.6620546875 0.64666875 0.66031875 0.6216140625000001 0.6620515625000001 0.6110125 0.6701671874999999 0.5895078125000001 0.6675203125 0.5812921875 0.654021875 0.5737859375000001 0.6524703125 0.5738875 0.645721875 0.5701359375 0.6193625 0.5718625 0.6106078125 0.5766312499999999 0.6021265625 0.583478125 0.5890859374999999 0.6032093749999999 0.5850734375 0.6202515625 0.585621875 0.6244109375 0.6119796875 0.6226828125 0.6314078125 0.627703125 0.6485546875 0.6391640625
5 0.436571875 0.43072968749999996 0.44724062499999995 0.4048625 0.44641875000000003 0.398625 0.43547343749999995 0.3867578125 0.415771875 0.379659375 0.41422187499999996 0.3797609375 0.40336718749999995 0.380471875 0.3874078125 0.38990625 0.37974687500000004 0.40299218750000004 0.38029531250000004 0.4071515625 0.39297343749999997 0.40841874999999994 0.411396875 0.4176984375 0.424715625 0.4357015625 0.4315578125 0.4520328125 0.4331078125 0.45193125 0.436571875 0.43072968749999996
1 0.5870656249999999 0.46910937500000005 0.590625 0.4961421875 0.5929984375 0.5022796875 0.5979234375 0.504053125 0.6133359375 0.49045937500000003 0.6211765625 0.46687500000000004 0.62035625 0.46063593750000004 0.6095906249999999 0.4382703125 0.6049359375 0.40292031250000004 0.6025640625 0.3967828125 0.5879703125 0.3809609375 0.5762953125 0.3754328125 0.57474375 0.37553437500000003 0.5620671875000001 0.37426875000000004 0.560790625 0.3764484375 0.5530375000000001 0.3769578125 0.5445562500000001 0.38380468749999996 0.5353453125 0.3969921875 0.5313343749999999 0.41403437500000007 0.5458359374999999 0.41727968750000005 0.5681828125 0.43259375 0.582321875 0.4568359375 0.5870656249999999 0.46910937500000005
1 0.4502484375 0.39208125 0.49019218750000004 0.3391265625 0.50688125 0.32335156249999997 0.5025937500000001 0.302659375 0.49629843749999997 0.2904875 0.4741328125 0.2646734375 0.460634375 0.25716875 0.4590828125 0.2572703125 0.4296234375 0.2592 0.4211421875 0.26604843749999996 0.4096515625 0.285678125 0.4043640625 0.3049 0.4071953125 0.3382734375 0.41248593749999996 0.3547046875 0.4187796875 0.3668765625 0.43 0.38082343750000003 0.4471484375 0.392284375 0.4502484375 0.39208125
1 0.48492187500000006 0.5366265625 0.5162046874999999 0.5366734375 0.52605625 0.5402234375 0.5346296875000001 0.545953125 0.545575 0.5578203125 0.55369375 0.5719703125 0.5645484374999999 0.571259375 0.57430625 0.5622296875 0.5835171875 0.5490421875 0.59008125 0.5276390625 0.591265625 0.5128796875 0.5860624999999999 0.4733703125 0.5810453125 0.45901718750000003 0.5705546874999999 0.43873125 0.5614328125 0.4288421875 0.544559375 0.41946093749999996 0.5316078125 0.4161140625 0.5303312499999999 0.4182953125 0.507346875 0.4218984375 0.49476250000000005 0.433209375 0.4872828125 0.43579687500000003 0.478346875 0.4510640625 0.4750640625 0.4617671875 0.47342500000000004 0.4849453125 0.4762546875 0.5183171875 0.4780796875 0.5202953124999999 0.4794484375 0.5306921874999999 0.48492187500000006 0.5366265625
1 0.668715625 0.6734984374999999 0.6676203125 0.6651796875 0.6561265625 0.6491546875 0.6470046875000001 0.639265625 0.62830625 0.62790625 0.62675625 0.6280078125 0.6138046875 0.6246609375000001 0.5874453125 0.6263890625 0.5748609375 0.6376999999999999 0.5671999999999999 0.6507859375 0.5677484374999999 0.6549453125 0.5931031250000001 0.657478125 0.6239328125 0.6659453125 0.6492875 0.668478125 0.6609625 0.6740062499999999 0.668715625 0.6734984374999999
0 0.8355062500000001 0.3962015625 0.8414343750000001 0.3937171875 0.844809375 0.3955921875 0.86414375 0.38803437500000004 0.8723515624999999 0.37910625 0.887671875 0.35293437499999997 0.8895859375 0.331834375 0.885659375 0.29014375000000003 0.8838359375 0.2881671875 0.8821921875 0.275690625 0.8758984375000001 0.26351874999999997 0.864678125 0.249571875 0.848078125 0.2422703125 0.8465281250000001 0.242371875 0.8121421874999999 0.24252656250000001 0.799009375 0.24967968749999997 0.7831421875 0.2716921875 0.7763953124999999 0.3035953125 0.7772171875 0.309834375 0.7899875 0.3236796875 0.8017546875000001 0.341784375 0.8112421875000001 0.36633125 0.8158046875 0.389103125 0.8355062500000001 0.3962015625
0 0.8774625 0.40603749999999994 0.86934375 0.3918875 0.8569390625000001 0.3927 0.848184375 0.39746875 0.8295781249999999 0.3986875 0.8212781250000001 0.39503750000000004 0.8200015625000001 0.39721875 0.8140734374999999 0.3997046875 0.8037703125 0.4402296875 0.8251140625 0.4598046875 0.8375187499999999 0.4589921875 0.8520203125 0.4622359375 0.8722687499999999 0.47349375 0.8753703125 0.473290625 0.8779234375 0.468928125 0.8828453125 0.4350484375 0.8774625 0.40603749999999994
0 0.6167140625 0.5279906249999999 0.6121515625 0.5052187499999999 0.6128796875 0.4988796875 0.6110562500000001 0.4969015625 0.6097796875 0.49908281250000003 0.606678125 0.4992859375 0.59874375 0.5102921874999999 0.5886234375 0.54031875 0.579871875 0.5807421875000001 0.5825171874999999 0.5889578125 0.591090625 0.5946890625 0.5977484375000001 0.5858625 0.6147109375 0.5721671875000001 0.645446875 0.5680562499999999 0.6167140625 0.5279906249999999
0 0.42545781250000003 0.5719828125 0.41232187500000006 0.5434812499999999 0.4032 0.533590625 0.393075 0.5279625 0.391525 0.5280640625 0.3668984375 0.519190625 0.3498421875 0.5203078125 0.3488390625 0.52456875 0.3610625 0.5342546875 0.37410625 0.5501796875 0.389340625 0.5827390625 0.390528125 0.6036343750000001 0.4071296875 0.6109375 0.4247328125 0.613978125 0.42545781250000003 0.5719828125
0 0.6103203125000001 0.43193125 0.6153375 0.44628281249999996 0.62345625 0.4604328125 0.6265578125 0.46022968750000004 0.6416968749999999 0.44455625000000004 0.6582046874999999 0.4392796875 0.6856578125 0.44587031250000003 0.7070031250000001 0.4654453125 0.7153031249999999 0.46909687499999997 0.72834375 0.449365625 0.7323546875 0.4323234375 0.733265625 0.4154859375 0.7313484375 0.4009296875 0.723959375 0.3804390625 0.7079953125 0.35422031249999997 0.6973234374999999 0.3444328125 0.6788984375 0.335153125 0.6773484375 0.3352546875 0.6705984375 0.3315015625 0.650715625 0.33490156249999997 0.6450609375 0.3394671875 0.6404093750000001 0.339771875 0.6193421875 0.35793125 0.6094031249999999 0.37745937500000004 0.60821875 0.3922171875 0.6095875000000001 0.402615625 0.60785625 0.41321562500000003 0.6103203125000001 0.43193125
0 0.6445109375 0.29965312499999996 0.6680421875 0.3002078125 0.675065625 0.306040625 0.6774375 0.31217656250000003 0.671875 0.3293203125 0.6887484374999999 0.3387015625 0.6965015625000001 0.33819374999999996 0.69878125 0.3317515625 0.69303125 0.288084375 0.6901109375 0.2777890625 0.6780703124999999 0.25760312500000004 0.6658484375 0.2479171875 0.6541734375 0.242390625 0.652621875 0.24249218749999998 0.6399453125 0.24122499999999997 0.632465625 0.2438125 0.6113984375 0.261971875 0.6011859375 0.2794203125 0.5981765625000001 0.29220156249999996 0.5995453125 0.30259843750000004 0.6114953125 0.3102046875 0.6339312500000001 0.30244375 0.643234375 0.301834375 0.6445109375 0.29965312499999996
1 0.7751421875 0.5553640625 0.8316062499999999 0.6397546875 0.8586046875 0.6547640625 0.8766640625000001 0.6493859375000001 0.8999109375 0.5408968749999999 0.8971734375 0.5201015625000001 0.8819390625000001 0.4875421875 0.85904375 0.46806875000000003 0.8207359375 0.46218906249999997 0.788815625 0.48105937499999996 0.771490625 0.515753125 0.7751421875 0.5553640625
3 0.7732218750000001 0.5051515625 0.8008546875 0.4655890625 0.7909109375 0.44946093749999994 0.75360625 0.439321875 0.7226 0.4770078125 0.735465625 0.5390875 0.7735921875 0.555465625 0.7687546875 0.5306140625 0.7732218750000001 0.5051515625
1 0.7004234375 0.344228125 0.725509375 0.3803375 0.7424796875 0.43795312500000005 0.7885390625 0.443325 0.800121875 0.43627343749999997 0.8121562499999999 0.3851484375 0.800478125 0.343965625 0.7887109375 0.325859375 0.7704671875 0.30608124999999997 0.7492156249999999 0.29908437499999996 0.711640625 0.3225203125 0.7004234375 0.344228125
