2 0.3336890625 0.2547953125 0.30578125 0.24120468750000001 0.286775 0.23685 0.24736406249999998 0.2391265625 0.23508281250000002 0.24248124999999998 0.2169546875 0.25220625 0.2051609375 0.26338125 0.19564062499999998 0.2776484375 0.1959328125 0.282340625 0.18680312500000001 0.302865625 0.187778125 0.318509375 0.195575 0.34342656250000003 0.2183171875 0.3743375 0.23573125 0.3865515625 0.252853125 0.3940734375 0.26750625 0.3953734375 0.28888437499999997 0.40438437499999996 0.2972015625 0.404234375 0.323453125 0.39123125000000003 0.3459359375 0.3845609375 0.357828125 0.3749484375 0.3577296875 0.373384375 0.3597125 0.3717828125 0.358640625 0.354575 0.3512328125 0.335915625 0.3502578125 0.320271875 0.347984375 0.31718125 0.349965625 0.3155796875 0.34938125000000003 0.30619375 0.341778125 0.28440468750000003 0.3383359375 0.26254218749999997 0.3336890625 0.2547953125
2 0.49253281250000003 0.1313359375 0.4680671875 0.1396078125 0.454 0.1476921875 0.44220625 0.15886875 0.4349609375 0.1762265625 0.43554531250000006 0.1856125 0.43206875 0.1966375 0.433628125 0.22166718749999997 0.45380312500000003 0.24479375 0.4668640625 0.2539546875 0.4797296875 0.2599875 0.4924015625 0.262890625 0.5236890625 0.263890625 0.5319078125 0.2621765625 0.548153125 0.25561875 0.5700515625 0.23956249999999998 0.5699546875 0.2379984375 0.5737234375 0.231665625 0.5714812499999999 0.19568593750000002 0.5693046875000001 0.194159375 0.5683296875 0.178515625 0.566153125 0.1769890625 0.5603374999999999 0.1504703125 0.5536125000000001 0.14276093750000002 0.540746875 0.136728125 0.511246875 0.13099687499999998 0.49253281250000003 0.1313359375
2 0.1959953125 0.51725625 0.1667875 0.5162171875 0.1586640625 0.519496875 0.1450828125 0.535403125 0.1436859375 0.546390625 0.1303984375 0.5669906250000001 0.129878125 0.5920578125 0.1371875 0.609153125 0.146284375 0.6215171875000001 0.16181406250000002 0.6368968749999999 0.1770515625 0.647584375 0.190015625 0.6551812499999999 0.21129531250000003 0.662628125 0.23871718749999998 0.668396875 0.274065625 0.6677578125 0.29238906249999996 0.6611625 0.3244890625 0.6417890625 0.338265625 0.6290109375 0.34391875 0.6195125 0.343821875 0.6179484375000001 0.3456078125 0.6132171875 0.34414687499999996 0.589753125 0.33485468749999997 0.574259375 0.332190625 0.5649109375 0.3143875 0.5464390625 0.281734375 0.5235375 0.26461250000000003 0.5160171874999999 0.23927187499999997 0.510209375 0.2163984375 0.5106234374999999 0.1959953125 0.51725625
2 0.1587328125 0.2532578125 0.1531765625 0.2643203125 0.1535671875 0.270578125 0.1462234375 0.286371875 0.14869375 0.292590625 0.1656203125 0.29698437499999997 0.184334375 0.29664531250000004 0.1901828125 0.290275 0.19346406249999998 0.27612187499999996 0.19911718750000001 0.2666234375 0.22082031249999998 0.24743750000000003 0.2431078125 0.2376375 0.27628125 0.2354734375 0.278165625 0.23230625 0.2759875 0.23077968750000002 0.2707578125 0.213646875 0.26156250000000003 0.19971875 0.2550328125 0.19513750000000002 0.2274171875 0.186240625 0.1950578125 0.16803125000000002 0.186740625 0.16818125 0.1740359375 0.1981671875 0.167375 0.22491093750000002 0.1618203125 0.235975 0.1587328125 0.2532578125
3 0.4202703125 0.6087374999999999 0.4014578125 0.6075109375000001 0.384434375 0.601553125 0.36474531250000003 0.5862484375 0.347525 0.5771625 0.3435625 0.5803671875 0.34603125 0.5865859375 0.3477859375 0.6147453125 0.34609531250000003 0.6210390625 0.34430937500000003 0.6257703125 0.3344 0.6337796875 0.3267640625 0.6448796875 0.2844625 0.6675703125 0.26802187499999997 0.671 0.23257656249999997 0.6700734374999999 0.22406406250000002 0.6670953125 0.2030765625 0.6643421875 0.1931671875 0.6723515625 0.19017656249999998 0.6911984375 0.1826390625 0.7038640625 0.140825 0.734375 0.1410203125 0.7375046875 0.143196875 0.73903125 0.1577515625 0.7387671874999999 0.1699359375 0.73385 0.1926140625 0.7303078125 0.26392812499999996 0.7055281250000001 0.2984 0.690809375 0.3220859375 0.6700234375 0.3461609375 0.6554921874999999 0.3624046875 0.648934375 0.3809234375 0.64546875 0.40181562499999995 0.64665625 0.420821875 0.6510125 0.45535781249999996 0.6707468750000001 0.472284375 0.6751390625 0.48761875000000005 0.6873921875 0.49385781250000005 0.687278125 0.50464375 0.6933484375 0.5152359375 0.6962890625 0.5463281249999999 0.6941609375 0.5502921875 0.6909578125 0.5585125 0.6892437499999999 0.56624375 0.67970625 0.566146875 0.6781421875 0.5666671875 0.6530750000000001 0.562021875 0.645328125 0.5289796875 0.6161703125 0.49652343749999994 0.596396875 0.47524218749999997 0.58895 0.4611734375 0.5970359375000001 0.4592890625 0.6002015625 0.4450265625 0.6051578125 0.42225156249999996 0.607134375 0.4202703125 0.6087374999999999
3 0.536359375 0.2667953125 0.46764374999999997 0.2664703125 0.4656625 0.268071875 0.43041093750000003 0.270275 0.4058484375 0.2769828125 0.389603125 0.283540625 0.3836578125 0.288346875 0.384340625 0.299296875 0.3909671875 0.3054421875 0.4078953125 0.309834375 0.4122484375 0.3128875 0.43274999999999997 0.30781875 0.46799999999999997 0.305615625 0.5037390625 0.311234375 0.5122515625 0.3142140625 0.5517265625000001 0.3463890625 0.5633890625 0.3665375 0.5849624999999999 0.37867656250000004 0.6062421875 0.386121875 0.64315 0.4105140625 0.65016875 0.422915625 0.651728125 0.4479453125 0.6655671875 0.4696203125 0.6707984375 0.486753125 0.677621875 0.4960265625 0.6885046874999999 0.5036609375000001 0.6930531249999999 0.5098421875 0.6980890625 0.523846875 0.7242109375 0.5421671875 0.731228125 0.5545703125 0.7319109375 0.5655203125 0.729928125 0.567121875 0.740421875 0.5684984375 0.748253125 0.5605265625 0.746790625 0.5370609375 0.7392859374999999 0.5168375000000001 0.7358421875000001 0.494975 0.7376296875 0.49024375 0.7494234375 0.47906875 0.75666875 0.46170937500000003 0.756571875 0.4601453125 0.756896875 0.43194999999999995 0.749196875 0.408596875 0.7446484375 0.402415625 0.7443562499999999 0.397721875 0.7149859375000001 0.360665625 0.6776875 0.33001718750000003 0.642859375 0.3055890625 0.595653125 0.28295 0.570115625 0.274015625 0.536359375 0.2667953125
3 0.647959375 0.454278125 0.6439953125 0.45748125 0.6441890625 0.46060937500000004 0.634378125 0.470184375 0.6223890625 0.47823125 0.6226812500000001 0.48292343750000005 0.646334375 0.49502499999999994 0.6640406249999999 0.5119328125 0.67560625 0.5305171875 0.680934375 0.5492140625 0.6854828125 0.555396875 0.7050734375000001 0.5691375 0.7135859375 0.572115625 0.7239828125 0.571928125 0.727946875 0.5687234375 0.7278484375 0.567159375 0.7291484374999999 0.5546078125 0.7266796875 0.5483875 0.72213125 0.5422046875000001 0.6938328125 0.5223578125 0.6887 0.5067890625 0.6755421875 0.4960640625 0.6665421874999999 0.48526406250000004 0.654684375 0.4619859375 0.6543921874999999 0.45729375 0.647959375 0.454278125
4 0.3567859375 0.5253140625 0.35698124999999997 0.5284421874999999 0.34369218749999997 0.5490421875 0.34209999999999996 0.5569015625 0.3470390625 0.5693406249999999 0.3842390625 0.598425 0.4075984375 0.6058343749999999 0.4263125 0.6054953125 0.42829531249999997 0.60389375 0.448990625 0.601953125 0.4691015625 0.5906281250000001 0.49655625 0.5635078124999999 0.507765625 0.5429453125 0.5076671875 0.5413812499999999 0.5083828125000001 0.51944375 0.5036390625 0.5101328125 0.49028593750000005 0.496278125 0.47296875 0.485628125 0.4494140625 0.475090625 0.4221875 0.47245156250000003 0.4099078125 0.4758046875 0.39990000000000003 0.48224999999999996 0.372153125 0.5046765625 0.3567859375 0.5253140625
5 0.479334375 0.7548843749999999 0.4905421875 0.734321875 0.495709375 0.7170015624999999 0.49561093749999996 0.7154375 0.49265468749999997 0.7013953125 0.4834609375 0.6874671875 0.47030312500000004 0.6767421875 0.45763125000000004 0.6738390625 0.47147187500000004 0.6955140625 0.4774828125 0.7251609375 0.4705296875 0.7472125000000001 0.4551609375 0.7678499999999999 0.4674421875 0.7644953125 0.479334375 0.7548843749999999
5 0.1969421875 0.164865625 0.21435624999999997 0.1770796875 0.2549359375 0.1935734375 0.2612703125 0.195025 0.307015625 0.19419843750000002 0.3151390625 0.1909203125 0.3213765625 0.1908078125 0.33554218750000003 0.1842875 0.3632890625 0.161859375 0.373003125 0.150721875 0.3765765625 0.1412609375 0.379859375 0.12710625 0.3791765625 0.11615625 0.3811578125 0.1145546875 0.3810609375 0.1129890625 0.37998906250000003 0.09578125 0.370209375 0.0724671875 0.35883906250000003 0.057010937500000004 0.334796875 0.038653124999999997 0.3112421875 0.028115624999999998 0.23014843749999997 0.0295796875 0.22101874999999999 0.0501046875 0.205909375 0.1083234375 0.200353125 0.1193859375 0.19190625 0.15086093750000001 0.19239375 0.1586828125 0.1969421875 0.164865625
5 0.5752171875000001 0.22224218750000002 0.575996875 0.23475625 0.572228125 0.2410890625 0.5503296875 0.2571453125 0.5361640624999999 0.263665625 0.5720984375 0.2724140625 0.5976343749999999 0.2813484375 0.6170312499999999 0.29196093749999996 0.63623125 0.2994453125 0.6422749999999999 0.296203125 0.667259375 0.2628640625 0.6671625 0.2613 0.6658953125 0.24096250000000002 0.6586828125 0.22543281249999997 0.649684375 0.21463281250000002 0.6367203124999999 0.2070359375 0.6070249999999999 0.198175 0.5820734375 0.1986265625 0.5759328125 0.20030312499999997 0.5741453125 0.20503437500000002 0.5772 0.2206390625 0.5752171875000001 0.22224218750000002
5 0.2405703125 0.49765781249999996 0.23264374999999998 0.504065625 0.2349171875 0.50715625 0.2580828125 0.5114359375 0.2837171875 0.5219359375 0.3141921875 0.5433109375 0.32536875 0.5556375 0.33160625 0.555525 0.345284375 0.5411828125 0.3450890625 0.5380546875000001 0.360165625 0.5127234374999999 0.3678984375 0.5031875 0.3678 0.5016234374999999 0.368515625 0.479684375 0.3635765625 0.46724531249999995 0.34557812499999996 0.44564531250000006 0.32826093749999996 0.4349953125 0.3049015625 0.42758593749999996 0.2694546875 0.4266609375 0.2550953125 0.430053125 0.25704375 0.4613390625 0.2537625 0.47549374999999994 0.2405703125 0.49765781249999996
1 0.10794843750000001 0.440540625 0.096121875 0.48460625 0.093328125 0.50658125 0.10648593749999999 0.5173062500000001 0.1382609375 0.5261296875 0.1444984375 0.5260171875 0.1665921875 0.5130890625 0.1958 0.5141281249999999 0.21828281249999998 0.5074562499999999 0.2304671875 0.5025390625 0.24424218749999999 0.4897609375 0.24979843750000003 0.47869687499999997 0.254671875 0.45668437500000003 0.254575 0.45512031249999996 0.25369687500000004 0.441040625 0.2486625 0.4270359375 0.23511406250000003 0.4100546875 0.21562031250000002 0.39787812499999997 0.1900828125 0.3889421875 0.158503125 0.3832484375 0.123446875 0.3885796875 0.11542187500000001 0.3934234375 0.1137328125 0.39971875 0.10794843750000001 0.440540625
1 0.27887343750000004 0.7115218750000001 0.2732203125 0.7210203125 0.274 0.7335359375 0.28111406250000004 0.7475015625 0.2919015625 0.753571875 0.30674843749999997 0.7580015625 0.3261453125 0.7686140625 0.33248125 0.770065625 0.352071875 0.78380625 0.37939531249999997 0.7880109375 0.41266406250000004 0.7874109375 0.44119062500000006 0.7774984375 0.46468125000000005 0.7535828125 0.47202343750000003 0.7377890625 0.47192656250000004 0.736225 0.47371406250000003 0.73149375 0.47205624999999996 0.7049000000000001 0.45792343750000003 0.67853125 0.44466875000000006 0.6662421875 0.42952812500000004 0.65711875 0.4019125 0.6482218750000001 0.36250312500000004 0.6505 0.3321890625 0.6651421875 0.300771875 0.695465625 0.27887343750000004 0.7115218750000001
1 0.3762828125 0.3370296875 0.3667625 0.3512953125 0.36348125 0.36545 0.3643578125 0.3795296875 0.36653437499999997 0.38105625 0.36988125 0.40135468750000003 0.3768984375 0.4137578125 0.38580000000000003 0.42299375 0.41608124999999996 0.44123906249999995 0.42459218749999994 0.44421718749999994 0.4539953125 0.448384375 0.48924687499999997 0.44618125 0.527975 0.43295312499999994 0.5537390624999999 0.412128125 0.5575078125 0.4057953125 0.5569234375 0.396409375 0.5589046875 0.39480781249999997 0.5588078125 0.39324375 0.5567609375 0.3603921875 0.55201875 0.35108125 0.543115625 0.3418453125 0.5188796875 0.3203578125 0.5102703125 0.31581562500000004 0.4765125 0.3085953125 0.4287859375 0.3110234375 0.4043203125 0.3192953125 0.392234375 0.325778125 0.3762828125 0.3370296875
1 0.511925 0.442640625 0.49756406249999996 0.44603125 0.49597187500000006 0.453890625 0.5030875 0.46785781249999997 0.526934375 0.4830875 0.5332703125 0.4845390625 0.5640703125 0.47771875 0.589021875 0.4772671875 0.5911984375 0.47879375 0.6162484375 0.47990781250000003 0.638146875 0.46385156250000004 0.643896875 0.4559171875 0.6437999999999999 0.454353125 0.6493562500000001 0.4432890625 0.648284375 0.42608125 0.6388953125 0.4090234375 0.6085171875000001 0.3892140625 0.5659562499999999 0.374321875 0.5598156249999999 0.3759984375 0.561375 0.401028125 0.553934375 0.4152578125 0.5301515625000001 0.4344796875 0.511925 0.442640625
1 0.6975734375 0.24822187499999998 0.67944375 0.2579453125 0.6635890625 0.2707609375 0.652184375 0.28819374999999997 0.6511765625 0.30543906249999997 0.6600796875 0.314675 0.710340625 0.3529203125 0.734675 0.375971875 0.7595296874999999 0.37395625 0.7879578125 0.3624796875 0.80183125 0.3512671875 0.81918125 0.329028125 0.8247359375000001 0.31796406250000003 0.8246390625 0.3164 0.8259390625 0.3038484375 0.8156718749999999 0.2727109375 0.8111234375 0.2665296875 0.7849046875 0.24664375 0.7784718749999999 0.243628125 0.7553078125 0.23934843749999998 0.73659375 0.2396859375 0.7346109375000001 0.24128750000000002 0.713915625 0.243228125 0.6975734375 0.24822187499999998
1 0.61075625 0.6256546875 0.590546875 0.6354171875 0.5863890625 0.6354921874999999 0.582425 0.6386953125 0.578265625 0.6387703124999999 0.5703390625 0.6451781249999999 0.572190625 0.6749015625 0.5904812500000001 0.7011937500000001 0.61225 0.7164625 0.6312562500000001 0.7208171875 0.6603656250000001 0.720290625 0.6871046875 0.715109375 0.71741875 0.7004671874999999 0.7352546875 0.68605 0.744678125 0.67021875 0.7445796875 0.6686546875 0.745684375 0.6529734375 0.7407468749999999 0.640534375 0.7209609375 0.6236640625 0.6986078124999999 0.5990109375 0.6856453124999999 0.5914140625 0.67316875 0.5916390625 0.6554296875000001 0.6076203125 0.6431484375000001 0.610975 0.618975 0.623940625 0.61075625 0.6256546875
1 0.0397828125 0.6829531249999999 0.03500625 0.70653125 0.02568125 0.7239265625 0.0241875 0.73335 0.037053125 0.7393828124999999 0.055962500000000005 0.7421734375 0.10170781250000001 0.741346875 0.1242875 0.736240625 0.146575 0.7264406250000001 0.17848124999999998 0.7039390625 0.18601875 0.6912734375 0.18683125 0.6708999999999999 0.1888125 0.6692984375 0.188715625 0.667734375 0.1859546875 0.6568203125000001 0.15547968750000002 0.6354453125 0.128675 0.6061734375000001 0.1157125 0.598578125 0.0955359375 0.57545 0.0783171875 0.566365625 0.07425625 0.5680046875 0.07246875 0.5727359375 0.052193750000000004 0.648275 0.0397828125 0.6829531249999999
0 0.8356796875000001 0.760975 0.827784375 0.7344937500000001 0.8055296875 0.7114046875 0.762871875 0.6949484375 0.727521875 0.6955859375 0.6648171875 0.724909375 0.6535109375 0.74390625 0.6551671875 0.7705 0.66683125 0.7906500000000001 0.68879375 0.8090453125 0.714428125 0.8195453125000001 0.764721875 0.8249015625 0.789478125 0.821321875 0.8138453125 0.811484375 0.8311953125 0.7892453125000001 0.8356796875000001 0.760975
0 0.8537140624999999 0.5492250000000001 0.84809375 0.525834375 0.8281124999999999 0.5058359375 0.77239375 0.48021874999999997 0.7535828125 0.47899375 0.73980625 0.49177031250000003 0.7513390625 0.54324375 0.7426 0.570025 0.7220984374999999 0.57509375 0.686165625 0.566346875 0.70396875 0.5848187499999999 0.757025 0.6010875 0.796434375 0.598809375 0.8270390624999999 0.588859375 0.8409125 0.577646875 0.8537140624999999 0.5492250000000001
0 0.5996140624999999 0.48020781250000005 0.55386875 0.481034375 0.5136453125 0.5036875000000001 0.509746875 0.54134375 0.49476875 0.5682390625 0.5174140625 0.5975859375 0.568975 0.623278125 0.6126406249999999 0.6224890624999999 0.655234375 0.6044921875 0.6798296875000001 0.5648953125 0.6642359375 0.5150609375 0.6334671875 0.48899375 0.5996140624999999 0.48020781250000005
0 0.42212812499999997 0.13730625000000002 0.39600625 0.118984375 0.3835296875 0.11920937499999999 0.3750828125 0.150684375 0.3397015625 0.1842109375 0.311271875 0.1956875 0.265625 0.198078125 0.28450000000000003 0.2337578125 0.34200624999999996 0.2546453125 0.38359375 0.25389375 0.411925 0.24085312499999997 0.42738906249999997 0.2217796875 0.4359671875 0.15898125000000002 0.42212812499999997 0.13730625000000002
