2 0.1 0.5270828125 0.090625 0.5333328125000001 0.0765625 0.5520828125 0.06875 0.5729171875 0.0671875 0.5854171874999999 0.0625 0.59375 0.0625 0.6041671875 0.071875 0.6375 0.0890625 0.6625 0.1046875 0.6729171875 0.1234375 0.6791671874999999 0.1578125 0.6791671874999999 0.1640625 0.675 0.18125 0.6708328125 0.1921875 0.65 0.209375 0.6291671875 0.2203125 0.6041671875 0.2140625 0.5895828125 0.209375 0.5645828125000001 0.19375 0.5416671875 0.1734375 0.5270828125 0.15625 0.5208328125 0.1546875 0.5208328125 0.1234375 0.51875 0.1 0.5270828125
2 0.509375 0.9291671875 0.49375 0.9479171875000001 0.4734375 0.9791671875000001 0.4671875 0.9916671875 0.4671875 0.9979171875 0.5203125 0.9979171875 0.528125 0.99375 0.5328125 0.9958328125 0.534375 0.99375 0.5453125 0.9979171875 0.6265625 0.9979171875 0.625 0.98125 0.609375 0.9458328125 0.6078125 0.9375 0.603125 0.93125 0.5796875 0.9145828125 0.5671875 0.9104171875 0.565625 0.9104171875 0.5421875 0.9125 0.509375 0.9291671875
3 0.734375 0.5020828125000001 0.696875 0.5354171875 0.64375 0.6 0.63125 0.6208328125 0.6078125 0.6520828125 0.590625 0.68125 0.5859375 0.6854171874999999 0.55625 0.7395828125 0.5484375 0.7645828125 0.553125 0.78125 0.5609375 0.7895828125000001 0.5609375 0.8 0.5484375 0.81875 0.5484375 0.8291671875000001 0.559375 0.8458328125 0.5703125 0.85 0.584375 0.8458328125 0.596875 0.83125 0.6015625 0.8208328125 0.6140625 0.8145828125 0.6265625 0.8 0.65 0.7375 0.6640625 0.7125 0.70625 0.6479171874999999 0.7578125 0.5791671875 0.76875 0.5604171874999999 0.7828125 0.5291671874999999 0.79375 0.49791718749999997 0.79375 0.48541718749999996 0.7859375 0.47708281250000006 0.784375 0.47708281250000006 0.7640625 0.48333281250000004 0.734375 0.5020828125000001
3 0.5828125 0.6645828125000001 0.5703125 0.6625 0.5578125 0.6666671875 0.534375 0.6854171874999999 0.5203125 0.7020828125 0.50625 0.73125 0.5 0.7583328125000001 0.4984375 0.7833328125000001 0.496875 0.7854171875 0.4953125 0.8395828125 0.496875 0.8416671875 0.4953125 0.8458328125 0.4984375 0.85625 0.49375 0.8645828124999999 0.5 0.8729171875 0.5015625 0.8979171875 0.5046875 0.90625 0.50625 0.9208328124999999 0.5078125 0.925 0.5140625 0.925 0.5390625 0.9104171875 0.546875 0.9083328125 0.5796875 0.9104171875 0.5796875 0.8791671875 0.58125 0.8770828125 0.5828125 0.8541671875000001 0.58125 0.8520828125 0.5640625 0.8520828125 0.5578125 0.8479171875 0.5453125 0.8270828124999999 0.546875 0.8166671875 0.5578125 0.8020828124999999 0.5578125 0.7958328125 0.546875 0.7708328125 0.546875 0.7604171875 0.559375 0.7291671875 0.5859375 0.68125 0.60625 0.6520828125 0.60625 0.6458328125 0.6015625 0.6395828125 0.6 0.6395828125 0.590625 0.65 0.5828125 0.6645828125000001
3 0.2015625 0.2 0.1984375 0.2041671875 0.196875 0.2166671875 0.1984375 0.21875 0.1984375 0.2375 0.203125 0.26875 0.20625 0.275 0.20625 0.28125 0.2125 0.3020828125 0.2203125 0.3229171875 0.2359375 0.3541671875 0.278125 0.41041718749999995 0.28125 0.4125 0.303125 0.4125 0.3125 0.4166671875 0.328125 0.42916718749999994 0.3375 0.44166718749999995 0.34375 0.45416718749999996 0.3453125 0.4625 0.35625 0.475 0.3796875 0.48333281250000004 0.396875 0.48333281250000004 0.4109375 0.4791671875 0.421875 0.47083281250000003 0.4390625 0.45 0.4484375 0.43333281250000005 0.45625 0.42916718749999994 0.4765625 0.42916718749999994 0.4828125 0.425 0.490625 0.4125 0.490625 0.40416718749999997 0.4875 0.3958328125 0.4734375 0.3875 0.4421875 0.3916671875 0.43125 0.3791671875 0.421875 0.375 0.384375 0.3770828125 0.365625 0.36875 0.3484375 0.3520828125 0.3421875 0.35 0.3328125 0.3416671875 0.31875 0.3270828125 0.2609375 0.2479171875 0.215625 0.2020828125 0.2140625 0.2020828125 0.2125 0.2 0.2015625 0.2
4 0.3796875 0.2479171875 0.365625 0.2541671875 0.3546875 0.26875 0.3484375 0.2833328125 0.346875 0.3041671875 0.3484375 0.30625 0.3484375 0.3270828125 0.3515625 0.34375 0.3578125 0.3583328125 0.3703125 0.36875 0.3796875 0.3729171875 0.421875 0.3708328125 0.4234375 0.3729171875 0.4359375 0.3729171875 0.4453125 0.3645828125 0.4546875 0.3395828125 0.45625 0.3333328125 0.45625 0.3020828125 0.4515625 0.2895828125 0.43125 0.2625 0.4234375 0.25625 0.421875 0.25625 0.403125 0.2479171875 0.3796875 0.2479171875
5 0.0 0.94375 0.034375 0.9583328124999999 0.0390625 0.9625 0.0859375 0.9791671875000001 0.0921875 0.975 0.109375 0.9520828124999999 0.125 0.9166671875000001 0.1296875 0.8895828124999999 0.1296875 0.85625 0.125 0.83125 0.1203125 0.81875 0.10625 0.7958328125 0.0765625 0.76875 0.065625 0.7625 0.05625 0.7625 0.0546875 0.7604171875 0.053125 0.7604171875 0.01875 0.7625 0.0 0.7708328125 0.0 0.94375
5 0.603125 0.6375 0.6078125 0.64375 0.6125 0.64375 0.6375 0.6083328125 0.6421875 0.5979171875 0.621875 0.5708328125000001 0.615625 0.5479171875 0.609375 0.5458328125 0.6 0.5520828125 0.5890625 0.5666671875 0.58125 0.5916671874999999 0.578125 0.6083328125 0.578125 0.6208328125 0.58125 0.6354171875 0.5875 0.6479171874999999 0.5890625 0.6479171874999999 0.5984375 0.6375 0.603125 0.6375
5 0.1484375 0.45208281250000004 0.1390625 0.4625 0.1296875 0.4791671875 0.121875 0.5020828125000001 0.1203125 0.5145828125 0.121875 0.5166671875 0.1359375 0.5145828125 0.1375 0.5166671875 0.159375 0.51875 0.1875 0.5333328125000001 0.196875 0.5416671875 0.209375 0.5604171874999999 0.215625 0.58125 0.215625 0.5875 0.2234375 0.5958328125000001 0.234375 0.5833328125 0.2359375 0.5729171875 0.2234375 0.55 0.2203125 0.5375 0.2171875 0.5333328125000001 0.2125 0.5125 0.2140625 0.48541718749999996 0.2234375 0.46041718749999994 0.215625 0.45208281250000004 0.1953125 0.44166718749999995 0.19375 0.44166718749999995 0.1640625 0.44375 0.1484375 0.45208281250000004
5 0.4046875 0.8541671875000001 0.3859375 0.8645828124999999 0.371875 0.86875 0.359375 0.9 0.3578125 0.9229171875000001 0.35625 0.925 0.35625 0.94375 0.359375 0.95625 0.3765625 0.9479171875000001 0.40625 0.9479171875000001 0.4109375 0.95 0.4359375 0.9666671875 0.45625 0.9979171875 0.459375 0.9979171875 0.4640625 0.99375 0.48125 0.9625 0.5 0.9375 0.503125 0.9270828124999999 0.5015625 0.925 0.5 0.9 0.484375 0.8604171875000001 0.4734375 0.8458328125 0.45 0.83125 0.4484375 0.83125 0.4265625 0.8333328124999999 0.4046875 0.8541671875000001
1 0.265625 0.5666671875 0.25625 0.5729171875 0.24375 0.5770828125 0.225 0.6020828125000001 0.2125 0.6291671875 0.1953125 0.65 0.1890625 0.6604171875 0.1859375 0.6708328125 0.1890625 0.675 0.2140625 0.6770828125 0.2421875 0.6916671875 0.253125 0.7020828125 0.26875 0.7229171875 0.271875 0.7229171875 0.2765625 0.7208328125000001 0.3140625 0.6708328125 0.328125 0.6604171875 0.3328125 0.6604171875 0.3375 0.6541671874999999 0.3375 0.63125 0.328125 0.6020828125000001 0.3125 0.5791671875 0.2984375 0.56875 0.296875 0.56875 0.2921875 0.5666671875 0.265625 0.5666671875
1 0.3828125 0.49583281250000005 0.36875 0.5020828125000001 0.3578125 0.5125 0.3453125 0.5458328125 0.340625 0.5791671875 0.340625 0.59375 0.34375 0.60625 0.365625 0.6395828125 0.3796875 0.65 0.3984375 0.6520828125 0.4140625 0.6479171874999999 0.4390625 0.63125 0.45625 0.6083328125 0.4640625 0.5875 0.4625 0.55 0.453125 0.5270828125 0.4375 0.50625 0.4140625 0.49583281250000005 0.4125 0.49583281250000005 0.390625 0.49375 0.3828125 0.49583281250000005
1 0.271875 0.4166671875 0.25625 0.425 0.2421875 0.4375 0.228125 0.45625 0.2203125 0.47291718749999995 0.215625 0.4895828125 0.2140625 0.5083328125000001 0.21875 0.53125 0.2265625 0.5520828125 0.2421875 0.5729171875 0.25 0.5729171875 0.2640625 0.5645828125000001 0.2859375 0.5625 0.2984375 0.5666671875 0.3078125 0.5729171875 0.3171875 0.5729171875 0.3265625 0.5666671875 0.3421875 0.5458328125 0.35 0.525 0.35 0.4895828125 0.3421875 0.45625 0.334375 0.43958281250000003 0.321875 0.4270828125 0.309375 0.41875 0.3078125 0.41875 0.2921875 0.41458281250000006 0.271875 0.4166671875
0 0.7328125 0.49583281250000005 0.7125 0.4583328125 0.66875 0.44375 0.6375 0.4625 0.6171875 0.5083328125000001 0.6203125 0.5625 0.634375 0.5875 0.6453125 0.59375 0.7328125 0.49583281250000005
0 0.4953125 0.7854171875 0.5015625 0.74375 0.4984375 0.7291671875 0.4765625 0.6979171875 0.4546875 0.6833328125 0.4109375 0.6833328125 0.4421875 0.7520828125000001 0.4296875 0.8270828124999999 0.4734375 0.8395828125 0.4953125 0.7854171875
0 0.34375 0.8604171875000001 0.3859375 0.8604171875000001 0.428125 0.8270828124999999 0.440625 0.75 0.4296875 0.7166671874999999 0.4046875 0.6791671874999999 0.3671875 0.6604171875 0.3265625 0.6645828125000001 0.296875 0.6958328125000001 0.2796875 0.7333328125 0.2796875 0.775 0.290625 0.80625 0.3140625 0.8375 0.34375 0.8604171875000001
1 0.571875 0.6020828125000001 0.5859375 0.5645828125000001 0.5796875 0.5166671875 0.5609375 0.49166718749999994 0.54375 0.48333281250000004 0.5140625 0.49166718749999994 0.484375 0.5479171875 0.4859375 0.5916671874999999 0.528125 0.6104171875 0.54375 0.6270828125000001 0.571875 0.6020828125000001
0 0.471875 0.5416671875 0.5015625 0.5083328125000001 0.5109375 0.45208281250000004 0.49375 0.4166671875 0.478125 0.43125 0.45 0.43541718749999997 0.4109375 0.48333281250000004 0.4109375 0.49166718749999994 0.440625 0.50625 0.4625 0.5416671875 0.471875 0.5416671875
1 0.55 0.6666671875 0.5421875 0.6270828125000001 0.5 0.5979171875 0.4703125 0.60625 0.45 0.6479171874999999 0.4484375 0.6770828125 0.4734375 0.69375 0.5015625 0.73125 0.55 0.6666671875
1 0.1921875 0.8854171875000001 0.2125 0.8583328124999999 0.259375 0.8395828125 0.275 0.7895828125000001 0.2734375 0.74375 0.2609375 0.7145828125 0.240625 0.69375 0.1875 0.675 0.1484375 0.6875 0.1140625 0.7375 0.1078125 0.7583328125000001 0.1109375 0.7979171875 0.1484375 0.8645828124999999 0.178125 0.8895828124999999 0.1921875 0.8854171875000001
1 0.68125 0.9979171875 0.7015625 0.9625 0.715625 0.9145828125 0.7171875 0.8770828125 0.703125 0.8375 0.671875 0.80625 0.6390625 0.8041671875 0.6046875 0.825 0.584375 0.8645828124999999 0.584375 0.9145828125 0.6109375 0.9375 0.6296875 0.9958328125 0.68125 0.9979171875
1 0.40625 0.95 0.371875 0.9520828124999999 0.34375 0.9770828125 0.334375 0.9979171875 0.4515625 0.9979171875 0.434375 0.96875 0.40625 0.95
