2 0.848396875 0.472803125 0.8609515625 0.4635859375 0.8672703125 0.4511625 0.8840359375 0.43418437499999996 0.8882453124999999 0.4264234375 0.8883359375 0.4092328125 0.8738781250000001 0.38404375 0.842796875 0.349265625 0.8241140625 0.3349625 0.7928921875 0.32675312500000003 0.772040625 0.3280515625 0.72818125 0.3446859375 0.7093328125 0.3616390625 0.7008796875 0.3834109375 0.700871875 0.38497499999999996 0.7028 0.41469374999999997 0.719340625 0.43990937499999994 0.731796875 0.44944375000000003 0.754665625 0.4606734375 0.7650453125000001 0.46862031249999997 0.783778125 0.473546875 0.8296390625000001 0.472565625 0.831715625 0.4741546875 0.8421359374999999 0.4742875 0.848396875 0.472803125
2 0.738853125 0.691778125 0.7534671875 0.687275 0.76810625 0.6780828125 0.782828125 0.6532640625 0.7829265624999999 0.6345109375 0.7808515625 0.632921875 0.77885 0.6172671875 0.7581484374999999 0.5904359375 0.743625 0.5777484375 0.7165953125 0.5649031250000001 0.6978546875 0.5615390625 0.664515625 0.5595546875 0.62685 0.5872078125 0.6226484375 0.5934062499999999 0.6226406250000001 0.5949687499999999 0.622615625 0.59965625 0.6370234375 0.6342234375 0.643234375 0.642115625 0.6473375 0.6546703125 0.6679890625 0.690878125 0.6763015625000001 0.6956734375 0.69295 0.700571875 0.7158765625 0.7008640625 0.732575 0.6963859375 0.738853125 0.691778125
2 0.561603125 0.7067203125 0.5408515625 0.689265625 0.528421875 0.6750421875 0.5243015625 0.6656125 0.524359375 0.6546734375 0.5181328125 0.64990625 0.503559375 0.6465953125 0.4910546875 0.6464375 0.4827 0.64945625 0.47644843750000004 0.6493765625 0.461825 0.65544375 0.44717031250000006 0.6677609375 0.44716093749999997 0.6693234375 0.44700468750000005 0.699015625 0.4490796875 0.7006046875 0.451015625 0.7287609374999999 0.455134375 0.738190625 0.471759375 0.747778125 0.49466093750000006 0.7527578125 0.50925 0.7529421875 0.5384781249999999 0.7439359375000001 0.5552265625 0.7300828125 0.561603125 0.7067203125
3 0.5904578125 0.374196875 0.63416875 0.385690625 0.6612546874999999 0.387596875 0.6799796875 0.3940859375 0.6966546874999999 0.3942984375 0.6988203125 0.37869687500000004 0.70725625 0.36005 0.7177359375 0.34924218749999997 0.7344671875000001 0.3385140625 0.7386359375 0.3385671875 0.7637046875 0.3279453125 0.7762265625 0.324978125 0.7949843750000001 0.3252171875 0.8262140625000001 0.3318640625 0.8324921875 0.32725468750000003 0.8388265625000001 0.31170624999999996 0.8472140625 0.3024359375 0.8681296875 0.2886359375 0.9015437500000001 0.27655625 0.903653125 0.2718953125 0.895340625 0.2671 0.8765906250000001 0.2653 0.8181671875 0.2770609375 0.79310625 0.2861203125 0.776415625 0.289034375 0.749271875 0.2980671875 0.717884375 0.3211125 0.6928078125 0.333296875 0.674025 0.3377484375 0.6510984375 0.33745625 0.632365625 0.33253125 0.61989375 0.3261203125 0.6032859375 0.3134078125 0.590871875 0.2960578125 0.5847015625 0.28035156250000004 0.5660171875 0.26604843749999996 0.54936875 0.2611484375 0.5452171875 0.2579703125 0.543165625 0.25169375 0.526575 0.2358546875 0.5182375 0.2357484375 0.5056828125 0.244965625 0.505675 0.246528125 0.5160218750000001 0.26072656250000004 0.5160046875 0.2638515625 0.5243 0.2717703125 0.51800625 0.27950624999999996 0.5137796875 0.2903921875 0.5136890625 0.3075828125 0.5219515625 0.321753125 0.5364578125 0.337565625 0.5675984374999999 0.361403125 0.5904578125 0.374196875
3 0.5602359375 0.1768921875 0.545521875 0.2001484375 0.5349359375 0.23127187500000002 0.534928125 0.232834375 0.5369703125 0.24067500000000003 0.55146875 0.25805 0.5701859375 0.2661015625 0.58265 0.2740734375 0.5869500000000001 0.2491234375 0.601671875 0.224303125 0.6017390625 0.21180156249999998 0.5831296874999999 0.18343437499999998 0.5748171875 0.178640625 0.5602359375 0.1768921875
3 0.5118968749999999 0.6467015625 0.5244015625 0.646859375 0.5328046875 0.6344640625 0.5537203125 0.6206625 0.5141625000000001 0.612346875 0.4933859375 0.5995796875 0.4892671875 0.5901515625 0.47477656250000005 0.5712125 0.472825 0.5461828125 0.43956875 0.52856875 0.418825 0.5095515625 0.41266406250000004 0.49228125 0.41691406249999996 0.47670625 0.41697187500000005 0.4657671875 0.4128453125 0.4579015625 0.41287812500000004 0.45165 0.4067 0.43750625000000004 0.39839531250000004 0.4311484375 0.39219218749999996 0.42169375000000003 0.39434375 0.4092171875 0.3922671875 0.407628125 0.39030624999999997 0.3841609375 0.3757828125 0.3714734375 0.35911875000000004 0.3696984375 0.35285781250000003 0.37118281249999996 0.34866406250000004 0.3758171875 0.3464890625 0.39298125 0.3485640625 0.3945703125 0.3484984375 0.40707343749999997 0.3526265625 0.41493906249999996 0.35251875 0.43525625 0.3420484375 0.4445 0.33151875 0.46468437500000004 0.3315109375 0.46624687500000006 0.33142031250000004 0.48343749999999996 0.33550625 0.4991171875 0.3416671875 0.5163875 0.349946875 0.52743125 0.3540578125 0.5384234375 0.3747671875 0.5636921874999999 0.416253125 0.601728125 0.4661171875 0.6320546874999999 0.49107812500000003 0.6417484375 0.5118968749999999 0.6467015625
4 0.6659046875 0.6908515625 0.6369906249999999 0.6404734375000001 0.6099703125 0.6260656250000001 0.5933296875 0.619603125 0.5724875 0.6193375 0.5495281249999999 0.6252984374999999 0.5327875 0.6375890625 0.526478125 0.6484484375 0.52646875 0.6500125 0.5263953124999999 0.6640765625 0.5346484375 0.6798093749999999 0.5470875000000001 0.6924703125 0.578228125 0.716309375 0.5865484375000001 0.7195406249999999 0.6073734375 0.7229296875 0.6303078125 0.7216578124999999 0.6511921875 0.7141078125 0.6658640625000001 0.6986656250000001 0.6659046875 0.6908515625
5 0.6880875 0.8317921875 0.6944312499999999 0.8146796875 0.700725 0.8069453125000001 0.70706875 0.7898343750000001 0.7133625 0.7821 0.71970625 0.7649890625 0.7239 0.7603546875 0.7281421875 0.7463421875 0.713603125 0.7367796875 0.694878125 0.7302906250000001 0.6740515625 0.7269015624999999 0.6448734375 0.7265312500000001 0.62608125 0.7325437499999999 0.607275 0.7416828125 0.5926265625 0.7524375 0.5821234375000001 0.7679328125 0.5778890624999999 0.78038125 0.57788125 0.7819453125 0.5797828125 0.8163515625000001 0.59218125 0.8368265625 0.621253125 0.8575125 0.6420609374999999 0.8640281249999999 0.664971875 0.86744375 0.6733421875000001 0.8612984375 0.6775765625 0.84885 0.6838703125000001 0.8411156249999999 0.6838953125 0.8364265625 0.6880875 0.8317921875
5 0.468103125 0.650834375 0.48897812500000004 0.644846875 0.4889859375 0.643284375 0.4494765625 0.6255921875 0.42455781249999996 0.608084375 0.4141609375 0.6032640625 0.4078921875 0.6063109375 0.3932203125 0.621753125 0.3932109375 0.623315625 0.38896875 0.637328125 0.39104375 0.6389171874999999 0.39099531249999997 0.64829375 0.39718125 0.660875 0.4117046875 0.6735625 0.43459062499999995 0.6816671875 0.442934375 0.680209375 0.44509375 0.6661703125 0.45347187499999997 0.6584625 0.468103125 0.650834375
5 0.719325 0.443034375 0.70070625 0.4162296875 0.6735125 0.43463906249999995 0.6588234374999999 0.45320625000000003 0.6545890625 0.46565625 0.65458125 0.46721874999999996 0.6565421875 0.49068750000000005 0.6710234374999999 0.5111875 0.698028125 0.528721875 0.722996875 0.536853125 0.7313421875 0.5353953125 0.733534375 0.51510625 0.748246875 0.49185 0.7733578125 0.4734140625 0.7671125 0.47177187500000006 0.719325 0.443034375
1 0.5272703125 0.49842343749999996 0.556465625 0.49566875 0.556490625 0.4909796875 0.5462109374999999 0.46428125 0.529578125 0.45625625000000003 0.504534375 0.46218906249999997 0.45868125 0.46160781249999994 0.4503609375 0.4583765625 0.43577187500000003 0.4581921875 0.42949374999999995 0.4628 0.4168984375 0.47983281250000004 0.4168890625 0.4813953125 0.4147390625 0.4938703125 0.4167828125 0.5017109375000001 0.429196875 0.519059375 0.458284375 0.5366203125 0.47285000000000005 0.54149375 0.47704218750000005 0.5368578125 0.4812765625 0.5244093750000001 0.4959328125 0.5120921875 0.51265625 0.5029265625 0.5272703125 0.49842343749999996
1 0.6205734374999999 0.5918171875 0.624775 0.58561875 0.643615625 0.5702281250000001 0.6437140625 0.551475 0.639628125 0.5357953125 0.6334328124999999 0.5247765625 0.604353125 0.505653125 0.5793765625 0.49908437499999997 0.541859375 0.498609375 0.5147328124999999 0.5045171875000001 0.50219375 0.510609375 0.4854546875 0.5229 0.47702656250000003 0.539984375 0.4770171875 0.541546875 0.476878125 0.5681140625000001 0.4934265625 0.5917671875 0.495478125 0.59804375 0.5079343749999999 0.6075796875 0.5162546875 0.6108109374999999 0.5495687499999999 0.617484375 0.5662421875 0.617696875 0.6163390625 0.604265625 0.62053125 0.5996312500000001 0.6205734374999999 0.5918171875
1 0.32435 0.6380703125 0.3535375 0.636878125 0.38068124999999997 0.6278453125000001 0.39952187499999997 0.6124562499999999 0.40373125 0.6046953125 0.40378125000000004 0.59531875 0.36853125000000003 0.5604875 0.337475 0.521021875 0.33330625 0.52096875 0.3291203125 0.5240421875 0.3270375 0.524015625 0.3311890625 0.52719375 0.3207421875 0.53175 0.3061453125 0.533128125 0.30406875 0.5315390625 0.27058125 0.5576828125 0.2642703125 0.5685421875000001 0.26426249999999996 0.5701046875 0.26408906249999997 0.6029234375 0.268225 0.6092265625 0.29728750000000004 0.6314765625 0.32435 0.6380703125
1 0.82919375 0.5569546875 0.831334375 0.5460421875 0.839746875 0.5320828125 0.8418890625 0.52116875 0.8566265625 0.49322499999999997 0.8566515625 0.4885359375 0.8608453125000001 0.4839015625 0.8609031249999999 0.47296250000000006 0.8588265625 0.47137343749999994 0.8442046875000001 0.47743906249999996 0.8066968749999999 0.47539999999999993 0.8046031250000001 0.47693593749999996 0.775425 0.476565625 0.767071875 0.4795859375 0.7524234375 0.490340625 0.73981875 0.508934375 0.7398109374999999 0.5104968750000001 0.735609375 0.5166953125 0.733409375 0.5385484375 0.7416390625 0.55896875 0.7582312499999999 0.5748078125 0.7810984375000001 0.5860390625 0.7956640625 0.5909125000000001 0.8102453125 0.592659375 0.81653125 0.5864874999999999 0.8207812499999999 0.5709140625 0.82919375 0.5569546875
0 0.501521875 0.24335 0.520346875 0.2310859375 0.528675 0.2327546875 0.5349609375 0.2265828125 0.5350015625 0.21876875 0.54553125 0.1985859375 0.5455796875 0.18920937499999999 0.53525 0.1718859375 0.5206937500000001 0.16545 0.46865468750000006 0.1522875 0.4561484375 0.152128125 0.4498796875 0.155175 0.44987187500000003 0.1567375 0.4498296875 0.1645515625 0.45807656249999995 0.18184687500000002 0.45796875000000004 0.2021640625 0.45373437499999997 0.2146125 0.4474484375 0.22078437499999998 0.4474078125 0.2285984375 0.4494828125 0.2301875 0.470309375 0.23357812500000003 0.49527031250000003 0.24327187499999997 0.501521875 0.24335
0 0.43701093750000003 0.223778125 0.44956562499999997 0.21455937500000002 0.45379218750000005 0.2036734375 0.45596718750000004 0.186509375 0.44981406249999994 0.16767656250000001 0.44154218749999996 0.15506875 0.4249359375 0.14235625000000002 0.4207671875 0.142303125 0.40621093750000004 0.1358671875 0.3999578125 0.1357875 0.3770640625 0.1292453125 0.3520625 0.12736562499999998 0.3207578125 0.1347828125 0.30611875 0.1439734375 0.2956140625 0.15946875 0.29560624999999996 0.1610328125 0.291371875 0.17348125 0.2912484375 0.19692343750000002 0.3036296875 0.22052343749999997 0.3160765625 0.23162031249999998 0.3327 0.241209375 0.3680828125 0.25103437500000003 0.3743359375 0.2511140625 0.3973203125 0.240465625 0.43699374999999996 0.22690312499999998 0.43701093750000003 0.223778125
0 0.5589875 0.41286875 0.5612046875 0.387890625 0.548815625 0.365853125 0.5301484375000001 0.348425 0.5072875 0.3356328125 0.47396562500000006 0.33052187499999997 0.46978749999999997 0.33203125 0.46771250000000003 0.3304421875 0.44475312499999997 0.3364015625 0.41131406249999997 0.35317031249999997 0.3965765625 0.3811140625 0.3965671875 0.38267656250000004 0.3984875 0.41395781249999997 0.41294375 0.4391484375 0.43371250000000006 0.4534765625 0.45868906249999997 0.46004531249999997 0.5024578125 0.4606 0.5149796875 0.45763437500000004 0.5337953125 0.44693281249999994 0.5442671875 0.4376875 0.5547703125 0.4221921875 0.5589875 0.41286875
0 0.3444875 0.377328125 0.3465875 0.374228125 0.3549578125 0.3680828125 0.3653796875 0.368215625 0.367471875 0.3666796875 0.3799515625 0.3715265625 0.39033125 0.379471875 0.39449999999999996 0.379525 0.4029359375 0.360878125 0.40296875 0.3546265625 0.38221875 0.337171875 0.35933281250000004 0.3290671875 0.31765625000000003 0.326975 0.292621875 0.33134687500000004 0.2800828125 0.3374390625 0.26329375 0.35910625 0.259059375 0.3715546875 0.2590515625 0.37311875 0.267271875 0.395103125 0.279703125 0.4093265625 0.2900828125 0.41727187499999996 0.31086718750000003 0.428475 0.3379453125 0.4319453125 0.346265625 0.4351765625 0.350459375 0.430540625 0.3505171875 0.4196015625 0.344371875 0.39920625 0.3444875 0.377328125
1 0.413415625 0.3500703125 0.5095046875 0.31065468749999997 0.5138546875000001 0.2763265625 0.49317656249999997 0.2448078125 0.45988749999999995 0.2334453125 0.4181875 0.2360421875 0.38058749999999997 0.25119375 0.3617390625 0.2681453125 0.3554125 0.28213125 0.361515625 0.310340625 0.40091875000000005 0.3483484375 0.413415625 0.3500703125
1 0.63861875 0.332609375 0.6761171874999999 0.33621093750000003 0.7178921875000001 0.31955 0.7785828125 0.273434375 0.77665625 0.24371562500000002 0.7600484375 0.2310015625 0.666390625 0.2048078125 0.6288421875 0.2105828125 0.6121187499999999 0.219746875 0.591128125 0.2476125 0.5868015625 0.277253125 0.6074453125 0.3150234375 0.63861875 0.332609375
0 0.6544578125 0.49066093750000006 0.65463125 0.4578421875 0.696546875 0.4146140625 0.690384375 0.39734375 0.5904499999999999 0.375759375 0.569565625 0.383309375 0.5442 0.450190625 0.554521875 0.469075 0.58359375 0.4897609375 0.6043953125 0.49783906250000004 0.6544578125 0.49066093750000006
