2 0.509375 0.6895828125000001 0.4984375 0.6979171875 0.4890625 0.7104171874999999 0.48125 0.7291671875 0.475 0.75625 0.475 0.78125 0.4859375 0.8166671875 0.503125 0.8375 0.525 0.8520828125 0.5421875 0.8541671875000001 0.54375 0.85625 0.5578125 0.85625 0.559375 0.8541671875000001 0.56875 0.8541671875000001 0.5828125 0.8458328125 0.5921875 0.8375 0.6046875 0.8208328125 0.6140625 0.7979171875 0.615625 0.775 0.6171875 0.7729171874999999 0.615625 0.7520828125000001 0.6046875 0.7208328125000001 0.584375 0.6958328125000001 0.559375 0.6833328125 0.5578125 0.6833328125 0.5296875 0.68125 0.509375 0.6895828125000001
2 0.5328125 0.2270828125 0.51875 0.24375 0.5078125 0.2729171875 0.5078125 0.3020828125 0.515625 0.325 0.5265625 0.3395828125 0.5375 0.3479171875 0.55625 0.3541671875 0.5671875 0.3541671875 0.578125 0.3416671875 0.5859375 0.325 0.6109375 0.2895828125 0.6109375 0.2666671875 0.6046875 0.24375 0.596875 0.2333328125 0.5734375 0.2208328125 0.571875 0.2208328125 0.55 0.21875 0.5328125 0.2270828125
3 0.8140625 0.6083328125 0.8125 0.60625 0.7765625 0.60625 0.775 0.6083328125 0.7625 0.6083328125 0.7328125 0.61875 0.7140625 0.63125 0.6953125 0.6479171874999999 0.671875 0.6791671874999999 0.653125 0.7 0.634375 0.73125 0.621875 0.7583328125000001 0.61875 0.7708328125 0.61875 0.7895828125000001 0.6046875 0.8291671875000001 0.6046875 0.8875 0.609375 0.90625 0.6109375 0.9229171875000001 0.61875 0.925 0.646875 0.9104171875 0.6609375 0.9 0.659375 0.8958328124999999 0.646875 0.8854171875000001 0.6359375 0.8708328125 0.625 0.8458328125 0.6203125 0.825 0.6203125 0.7895828125000001 0.6265625 0.775 0.6265625 0.76875 0.6359375 0.75 0.6515625 0.7291671875 0.6671875 0.71875 0.678125 0.7145828125 0.6984375 0.7145828125 0.721875 0.7229171875 0.740625 0.7354171875 0.75625 0.7229171875 0.7703125 0.7166671874999999 0.784375 0.7125 0.796875 0.7125 0.7984375 0.7104171874999999 0.8296875 0.7104171874999999 0.8359375 0.70625 0.84375 0.70625 0.859375 0.7 0.8734375 0.6895828125000001 0.8859375 0.6854171874999999 0.9359375 0.6875 0.9515625 0.6791671874999999 0.959375 0.65625 0.959375 0.6458328125 0.94375 0.6458328125 0.9390625 0.65 0.9234375 0.6520828125 0.921875 0.6541671874999999 0.9125 0.6520828125 0.9109375 0.6541671874999999 0.8921875 0.6541671874999999 0.871875 0.64375 0.8546875 0.6395828125 0.840625 0.6291671875 0.828125 0.6125 0.8265625 0.6125 0.8234375 0.6083328125 0.8140625 0.6083328125
3 0.9328125 0.6895828125000001 0.878125 0.6895828125000001 0.85625 0.7041671875 0.825 0.7125 0.83125 0.71875 0.846875 0.7229171875 0.8671875 0.7375 0.896875 0.7520828125000001 0.9 0.75625 0.9078125 0.7604171875 0.9140625 0.7604171875 0.95 0.74375 0.984375 0.7208328125000001 0.9734375 0.7020828125 0.95625 0.6833328125 0.9546875 0.6833328125 0.9515625 0.68125 0.9328125 0.6895828125000001
3 0.7296875 0.225 0.728125 0.2270828125 0.7203125 0.2270828125 0.6859375 0.2395828125 0.659375 0.2541671875 0.6328125 0.275 0.628125 0.28125 0.625 0.28125 0.6125 0.2916671875 0.5890625 0.3229171875 0.5703125 0.35625 0.56875 0.3625 0.5765625 0.3645828125 0.578125 0.3625 0.615625 0.3583328125 0.6234375 0.3625 0.6421875 0.38125 0.653125 0.36875 0.6671875 0.3583328125 0.6796875 0.3416671875 0.7015625 0.3291671875 0.7140625 0.325 0.7234375 0.325 0.7390625 0.33125 0.7515625 0.3416671875 0.765625 0.3458328125 0.79375 0.3645828125 0.8078125 0.3625 0.8265625 0.375 0.8375 0.3916671875 0.8515625 0.39375 0.871875 0.3854171875 0.8734375 0.375 0.871875 0.36875 0.859375 0.3520828125 0.834375 0.33125 0.828125 0.3229171875 0.8296875 0.3020828125 0.828125 0.2958328125 0.8109375 0.2666671875 0.790625 0.2416671875 0.76875 0.2270828125 0.7671875 0.2270828125 0.7625 0.225 0.7296875 0.225
3 0.771875 0.3854171875 0.771875 0.4 0.8015625 0.42083281250000004 0.8203125 0.44583281250000006 0.8296875 0.4479171875 0.8421875 0.44166718749999995 0.8515625 0.43125 0.853125 0.41875 0.846875 0.3979171875 0.8359375 0.39375 0.828125 0.3770828125 0.8125 0.36875 0.809375 0.3645828125 0.79375 0.3666671875 0.778125 0.3583328125 0.76875 0.35 0.7578125 0.3479171875 0.7578125 0.35 0.7578125 0.3541671875 0.771875 0.3854171875
4 0.6015625 0.5416671875 0.590625 0.5625 0.5875 0.5729171875 0.5875 0.6083328125 0.5921875 0.63125 0.6015625 0.6583328125000001 0.6125 0.675 0.6296875 0.6854171874999999 0.653125 0.6916671875 0.6625 0.6854171874999999 0.671875 0.675 0.6859375 0.6541671874999999 0.690625 0.63125 0.690625 0.6083328125 0.6859375 0.5875 0.68125 0.5791671875 0.675 0.5583328125 0.6546875 0.5270828125 0.646875 0.5229171874999999 0.6453125 0.5229171874999999 0.615625 0.525 0.6015625 0.5416671875
4 0.45 0.6041671875 0.4484375 0.6291671875 0.4546875 0.6291671875 0.4640625 0.6208328125 0.4796875 0.6145828125 0.4984375 0.6166671874999999 0.5140625 0.625 0.5328125 0.65 0.5390625 0.61875 0.55 0.5979171875 0.5359375 0.5770828125 0.5234375 0.5895828125 0.5046875 0.6 0.4828125 0.6 0.4671875 0.59375 0.459375 0.5875 0.4578125 0.5895828125 0.453125 0.59375 0.45 0.6041671875
5 0.79375 0.7166671874999999 0.7828125 0.7166671874999999 0.7578125 0.7270828125000001 0.7453125 0.7375 0.746875 0.7479171874999999 0.75625 0.7625 0.7640625 0.7854171875 0.765625 0.8416671875 0.7703125 0.8416671875 0.7828125 0.8333328124999999 0.803125 0.825 0.821875 0.8125 0.8296875 0.8104171875 0.8328125 0.80625 0.865625 0.7895828125000001 0.8765625 0.78125 0.8765625 0.775 0.8671875 0.7520828125000001 0.8546875 0.7333328125 0.84375 0.725 0.81875 0.7166671874999999 0.8171875 0.7166671874999999 0.7953125 0.7145828125 0.79375 0.7166671874999999
5 0.5875 0.61875 0.584375 0.58125 0.5796875 0.58125 0.5546875 0.5958328125000001 0.5421875 0.6145828125 0.5359375 0.6416671875 0.5390625 0.6708328125 0.5453125 0.6791671874999999 0.5625 0.68125 0.56875 0.6854171874999999 0.5734375 0.6854171874999999 0.5875 0.6958328125000001 0.6046875 0.7166671874999999 0.61875 0.7479171874999999 0.6265625 0.7416671874999999 0.653125 0.6958328125000001 0.646875 0.6916671875 0.6234375 0.6854171874999999 0.615625 0.6791671874999999 0.6140625 0.6791671874999999 0.5984375 0.65625 0.5875 0.61875
5 0.646875 0.18125 0.6359375 0.1895828125 0.6203125 0.2125 0.615625 0.2229171875 0.609375 0.24375 0.609375 0.2541671875 0.6125 0.2645828125 0.6140625 0.2854171875 0.61875 0.2854171875 0.6359375 0.26875 0.684375 0.2375 0.675 0.21875 0.665625 0.1770828125 0.6640625 0.1770828125 0.65625 0.1770828125 0.646875 0.18125
5 0.4046875 0.3166671875 0.39375 0.3229171875 0.3828125 0.3333328125 0.3765625 0.34375 0.3703125 0.3625 0.36875 0.3916671875 0.3703125 0.39375 0.371875 0.41875 0.3796875 0.4375 0.390625 0.45208281250000004 0.4 0.46041718749999994 0.409375 0.46458281250000005 0.4359375 0.46666718749999997 0.4546875 0.45208281250000004 0.4640625 0.4375 0.4703125 0.41458281250000006 0.4703125 0.3770828125 0.4671875 0.3604171875 0.4609375 0.34375 0.44375 0.3229171875 0.4328125 0.3166671875 0.43125 0.3166671875 0.4125 0.3145828125 0.4046875 0.3166671875
1 0.890625 0.4479171875 0.88125 0.44375 0.8671875 0.44375 0.846875 0.45416718749999996 0.83125 0.47291718749999995 0.8203125 0.5 0.8171875 0.5125 0.8140625 0.55 0.815625 0.5520828125 0.8171875 0.5770828125 0.825 0.6041671875 0.840625 0.625 0.85 0.6333328125000001 0.871875 0.6395828125 0.890625 0.65 0.9265625 0.65 0.9421875 0.64375 0.953125 0.6333328125000001 0.9609375 0.60625 0.9609375 0.5875 0.9625 0.5833328125 0.9609375 0.5791671875 0.9625 0.5770828125 0.9609375 0.5729171875 0.9625 0.5708328125000001 0.9640625 0.55 0.978125 0.50625 0.971875 0.48541718749999996 0.959375 0.46875 0.946875 0.4583328125 0.9328125 0.45416718749999996 0.928125 0.45 0.9265625 0.45 0.9109375 0.44583281250000006 0.890625 0.4479171875
1 0.796875 0.175 0.784375 0.2291671875 0.7953125 0.2416671875 0.8171875 0.2416671875 0.8546875 0.2041671875 0.8671875 0.1666671875 0.865625 0.1375 0.8515625 0.1 0.825 0.0770828125 0.7984375 0.0770828125 0.78125 0.0875 0.7765625 0.1 0.7890625 0.11458281249999999 0.796875 0.1458328125 0.796875 0.175
1 0.7765625 0.2270828125 0.790625 0.1979171875 0.79375 0.1395828125 0.7890625 0.11875 0.7578125 0.08333281249999999 0.7265625 0.075 0.703125 0.08333281249999999 0.684375 0.1083328125 0.6703125 0.15 0.6734375 0.2104171875 0.6875 0.2354171875 0.71875 0.225 0.7765625 0.2270828125
1 0.7296875 0.3958328125 0.7703125 0.4 0.75625 0.3520828125 0.7265625 0.3291671875 0.6875 0.3395828125 0.6453125 0.3833328125 0.6640625 0.4479171875 0.6734375 0.46041718749999994 0.7078125 0.40625 0.7296875 0.3958328125
1 0.6015625 0.5333328125000001 0.628125 0.51875 0.65 0.49375 0.6578125 0.47291718749999995 0.659375 0.44375 0.6515625 0.41041718749999995 0.640625 0.3854171875 0.6171875 0.3625 0.5765625 0.3666671875 0.559375 0.3770828125 0.5390625 0.43333281250000005 0.540625 0.48333281250000004 0.5609375 0.51875 0.58125 0.53125 0.6015625 0.5333328125000001
1 0.75 0.8520828125 0.7625 0.8375 0.7640625 0.8 0.75625 0.7666671875 0.7375 0.7375 0.709375 0.7208328125000001 0.678125 0.71875 0.6546875 0.7291671875 0.6390625 0.7479171874999999 0.6234375 0.7854171875 0.6265625 0.8479171875 0.6578125 0.89375 0.6984375 0.88125 0.75 0.8520828125
1 0.4734375 0.7645828125 0.484375 0.7166671874999999 0.5 0.69375 0.5390625 0.6770828125 0.5328125 0.6541671874999999 0.5171875 0.63125 0.4890625 0.6166671874999999 0.45 0.6333328125000001 0.428125 0.6729171875 0.4265625 0.7020828125 0.4359375 0.7354171875 0.4671875 0.76875 0.4734375 0.7645828125
1 0.6015625 0.8895828124999999 0.5828125 0.8604171875000001 0.5296875 0.85625 0.4953125 0.8333328124999999 0.4828125 0.8395828125 0.475 0.85625 0.4828125 0.9520828124999999 0.5 0.9895828124999999 0.6078125 0.9291671875 0.6015625 0.8895828124999999
0 0.8671875 0.4 0.890625 0.41875 0.915625 0.42083281250000004 0.95 0.40416718749999997 0.9734375 0.38125 0.9984375 0.3395828125 0.9953125 0.2854171875 0.971875 0.2333328125 0.95625 0.2208328125 0.925 0.2208328125 0.89375 0.2333328125 0.8609375 0.2625 0.834375 0.3020828125 0.8328125 0.325 0.8734375 0.36875 0.8765625 0.38125 0.8671875 0.4
0 0.546875 0.39375 0.5640625 0.3604171875 0.528125 0.34375 0.5078125 0.3125 0.48125 0.325 0.46875 0.3458328125 0.4734375 0.43333281250000005 0.5140625 0.4583328125 0.5328125 0.45 0.546875 0.39375
0 0.771875 0.59375 0.8109375 0.5708328125000001 0.8140625 0.5166671875 0.8265625 0.4791671875 0.8265625 0.46041718749999994 0.8046875 0.42916718749999994 0.76875 0.40208281250000005 0.73125 0.3979171875 0.7078125 0.40833281250000003 0.69375 0.425 0.68125 0.45 0.6734375 0.49375 0.675 0.525 0.6921875 0.5625 0.7265625 0.5895828125 0.771875 0.59375
2 0.5078125 0.5979171875 0.5234375 0.5875 0.540625 0.5604171874999999 0.54375 0.5270828125 0.5390625 0.5020828125000001 0.5296875 0.48125 0.5046875 0.45625 0.4859375 0.4479171875 0.459375 0.45208281250000004 0.4375 0.47083281250000003 0.428125 0.49166718749999994 0.43125 0.5416671875 0.4625 0.5895828125 0.4875 0.6 0.5078125 0.5979171875
