2 0.36131250000000004 0.09502031250000001 0.348840625 0.1093703125 0.3400796875 0.12730312500000002 0.335396875 0.1614875 0.33868125 0.168178125 0.3404765625 0.18574531249999998 0.359671875 0.199 0.378015625 0.21846875 0.4013484375 0.2321984375 0.4166796875 0.22764687499999997 0.4421421875 0.2258375 0.467025 0.21291406249999997 0.4842734375 0.194378125 0.49282031249999997 0.1779984375 0.4930328125 0.17644375 0.4993609375 0.1456046875 0.4942796875 0.121346875 0.4893515625 0.11131093750000001 0.47264999999999996 0.0951859375 0.45302968750000006 0.08504062500000001 0.44083125 0.0820609375 0.4331953125 0.0764484375 0.4228515625 0.07525937499999999 0.388478125 0.0807796875 0.36131250000000004 0.09502031250000001
2 0.0 0.582928125 0.0090890625 0.580125 0.0175765625 0.579521875 0.0244203125 0.5755734375 0.0441625 0.5541671874999999 0.050003125 0.5422125 0.050215625 0.5406578125 0.051340624999999994 0.5171125 0.0392640625 0.48258124999999996 0.022775 0.46490312500000003 0.0 0.44575 0.0 0.582928125
3 0.1973578125 0.5402046875 0.18017031249999998 0.5429640625000001 0.1708328125 0.5497828124999999 0.1604890625 0.5485953125 0.143575 0.534025 0.13323281250000002 0.5328359375 0.11519375000000001 0.5418109375 0.109565625 0.5522125 0.1117875 0.5666734375 0.1245640625 0.5807671875 0.1342671875 0.5866171875 0.1387703125 0.5997609374999999 0.151546875 0.61385625 0.2104109375 0.6442953124999999 0.23331718750000002 0.6611312500000001 0.29169375 0.7104546875 0.35293125000000003 0.769575 0.37005781249999997 0.782590625 0.3991703125 0.800140625 0.42870937500000006 0.8145843749999999 0.4411203125 0.8160093749999999 0.450459375 0.8091906249999999 0.450671875 0.8076375 0.447234375 0.786725 0.4326625 0.7550625 0.404675 0.7139671875 0.3477875 0.6537671875 0.3288046875 0.638959375 0.3009703125 0.6120859375000001 0.27435312500000003 0.591665625 0.2708546875 0.5865296875 0.22111718749999998 0.5508265625 0.1973578125 0.5402046875
3 0.18369843749999998 0.48655 0.13012812499999998 0.47881718749999996 0.127846875 0.48013281250000006 0.12392343750000001 0.47810312499999996 0.11315468749999999 0.4800234375 0.10551875 0.47441093749999996 0.0963921875 0.479675 0.07135625 0.4783765625 0.06265625 0.48053437499999996 0.0479640625 0.4804234375 0.0436140625 0.4815015625 0.042762499999999995 0.48771718750000004 0.0538359375 0.5142421875000001 0.0548390625 0.52225 0.048299999999999996 0.55464375 0.079328125 0.5582078125 0.081184375 0.5599999999999999 0.103725 0.56416875 0.10600781249999999 0.5628515625 0.1083484375 0.545759375 0.11333750000000001 0.5400203125 0.13572656249999998 0.529965625 0.14585625 0.5327078125 0.158846875 0.5452484375 0.1650515625 0.5459625 0.191365625 0.5379375 0.20170781249999997 0.5391265625 0.2310328125 0.555121875 0.274990625 0.5870046875 0.3011828125 0.6105328125 0.30738906250000003 0.6112453125 0.3142328125 0.6072968750000001 0.314446875 0.60574375 0.30538125 0.59523125 0.291965625 0.5857984375 0.2957375 0.5736046875 0.293303125 0.5606984374999999 0.27787968749999997 0.5352515624999999 0.263246875 0.519365625 0.23620312499999999 0.502053125 0.2101640625 0.49274843749999997 0.18555468749999998 0.48834218749999997 0.18369843749999998 0.48655
3 0.70235625 0.25889531250000003 0.6806062500000001 0.2642875 0.6474484375 0.27625937500000003 0.5858484374999999 0.31179687500000003 0.583353125 0.314665625 0.5803734375 0.3364203125 0.5749578125 0.34526875 0.5604171874999999 0.3593796875 0.5467296875 0.36727656249999996 0.533465625 0.3720671875 0.524978125 0.3726703125 0.5110765625 0.3821203125 0.499609375 0.40447812499999997 0.4972671875 0.4215703125 0.49948750000000003 0.43602968750000004 0.506271875 0.4478578125 0.524615625 0.4673265625 0.5398875000000001 0.4785515625 0.542959375 0.48679531249999997 0.5401921875 0.5069953125 0.5434765625 0.5136875 0.5548234375 0.5228828125 0.5630984375 0.5238328125 0.5717984375 0.5216765624999999 0.5819890625 0.5086421875 0.582109375 0.4770890625 0.5960109375 0.4676390625 0.6014265625 0.45879062499999995 0.6044671875 0.42126093750000004 0.6152968750000001 0.403565625 0.6341875 0.388375 0.6371078125 0.382396875 0.646659375 0.374025 0.6630546875000001 0.3617046875 0.7495390625 0.31324375 0.8012218750000001 0.2734109375 0.801434375 0.2718578125 0.803715625 0.2705421875 0.80520625 0.2596640625 0.8014953125 0.25608125 0.789296875 0.25310156250000004 0.7870140625000001 0.2544171875 0.768396875 0.252278125 0.7367296875 0.253375 0.7300984374999999 0.25576875 0.72389375 0.25505625 0.70235625 0.25889531250000003
4 0.6267046875 0.396984375 0.6146578125 0.40822812500000005 0.60924375 0.417075 0.6055640624999999 0.45926718749999995 0.60328125 0.46058281250000005 0.601578125 0.4730140625 0.608575 0.4832875 0.6321203125 0.49546250000000003 0.6381140624999999 0.4977296875 0.6691421875 0.5012953125 0.6821921875 0.49805937499999997 0.7118515624999999 0.48095 0.719121875 0.47389374999999995 0.7193343750000001 0.4723390625 0.7301640625 0.45464374999999996 0.7333578125 0.4313359375 0.7290671875 0.4166390625 0.716078125 0.40409843749999996 0.70245 0.39621875 0.6819765624999999 0.3922875 0.6796953125 0.3936046875 0.659009375 0.3912265625 0.6420359375 0.3924328125 0.6267046875 0.396984375
5 0.050601562499999996 0.06247343749999999 0.0710140625 0.0821796875 0.10405 0.10175937500000001 0.13030312500000002 0.1095109375 0.1634 0.1133140625 0.1888625 0.1115046875 0.2019125 0.10827031250000001 0.2265828125 0.0969 0.25751875 0.0704671875 0.265215625 0.060303125 0.26649218750000003 0.0509796875 0.2687734375 0.0496640625 0.2689875 0.048109374999999996 0.2716015625 0.0136875 0.271125 0.01205 0.077065625 0.003425 0.075028125 0.0068828125 0.0702515625 0.011068749999999999 0.047315625 0.0557828125 0.050601562499999996 0.06247343749999999
5 0.4013265625 0.6157265625 0.3883359375 0.6031859374999999 0.36457812500000003 0.5925640624999999 0.34845625 0.5875546875000001 0.33604375000000003 0.586128125 0.3211390625 0.587571875 0.307875 0.5923609375 0.3076625 0.593915625 0.31672812499999997 0.6044265625 0.3160890625 0.6090890625000001 0.3092453125 0.6130375 0.30860625 0.6176984375 0.340365625 0.6466015625 0.35006875000000004 0.6524515625 0.379728125 0.635340625 0.403334375 0.6317406250000001 0.4062546875 0.6257625 0.4013265625 0.6157265625
5 0.49446406249999997 0.18134375 0.4761515625 0.2076484375 0.4666 0.21602187499999997 0.4462796875 0.2263125 0.4247421875 0.2301515625 0.4185359375 0.2294390625 0.409196875 0.23625625 0.42011875 0.248559375 0.43024843749999997 0.251303125 0.45470625 0.24148593749999997 0.4675421875 0.2398046875 0.47210625000000006 0.23717187499999998 0.49342968750000005 0.2348875 0.520109375 0.23953125000000003 0.5436546875 0.25170625 0.5529921875 0.24488906250000003 0.5661031249999999 0.22587656250000002 0.5663171874999999 0.2243234375 0.56829375 0.1945625 0.5621484375 0.1780734375 0.5530828125 0.1675609375 0.5378109375 0.1563375 0.516121875 0.145953125 0.5039234375 0.1429734375 0.5016421875 0.1442890625 0.50179375 0.1585109375 0.49951249999999997 0.15982812500000002 0.49446406249999997 0.18134375
5 0.0 0.4436078125 0.0099984375 0.4508078125 0.0322671875 0.47230625000000004 0.042184375 0.476603125 0.044465624999999995 0.4752859375 0.0695015625 0.4765859375 0.1109328125 0.4655625 0.126903125 0.45635000000000003 0.1445765625 0.43470624999999996 0.144790625 0.4331515625 0.1457015625 0.41116093749999993 0.127996875 0.3870296875 0.120209375 0.3671953125 0.1179875 0.352734375 0.0886625 0.3367390625 0.066121875 0.3325703125 0.064265625 0.33077812500000003 0.0456484375 0.3286390625 0.0328109375 0.3303203125 0.03874375 0.3483640625 0.0346984375 0.37788750000000004 0.031990625 0.3823109375 0.0120359375 0.40527187500000006 0.0 0.4111953125 0.0 0.4436078125
1 0.335275 0.19304062500000002 0.3298 0.2176640625 0.31148750000000003 0.24396874999999998 0.2996546875 0.2536578125 0.276840625 0.26681875 0.2764140625 0.26992656249999997 0.27784375 0.27482656250000004 0.3223796875 0.31782343750000003 0.33080625 0.33299687499999997 0.33016718749999996 0.3376578125 0.33573437500000003 0.3430328125 0.3584890625 0.345646875 0.3887265625 0.3396515625 0.41360937499999995 0.326728125 0.42586874999999996 0.31393125 0.42608125 0.312378125 0.42878906250000004 0.3079546875 0.4324078125 0.2815390625 0.4274796875 0.271503125 0.42504687499999994 0.258596875 0.40277812500000004 0.23709843749999998 0.37759062499999996 0.2215765625 0.359246875 0.20210781249999998 0.3497546875 0.194703125 0.3398390625 0.1904078125 0.335275 0.19304062500000002
1 0.3341234375 0.3854625 0.3295 0.40387031249999994 0.3315078125 0.419884375 0.34465 0.446646875 0.36506249999999996 0.4663546875 0.384684375 0.4765 0.42213124999999996 0.479225 0.44616249999999996 0.4725171875 0.46897656249999997 0.4593546875 0.48251406250000006 0.4372359375 0.4827265625 0.43568125 0.4877765625 0.414165625 0.48677187499999997 0.406159375 0.48248281249999997 0.3914609375 0.4736296875 0.37939531249999997 0.4422359375 0.3631625 0.409778125 0.354696875 0.395296875 0.3530328125 0.3824609375 0.354715625 0.3463828125 0.372665625 0.3341234375 0.3854625
1 0.4522109375 0.24435625 0.429396875 0.2575171875 0.42833125 0.2652875 0.434690625 0.280221875 0.433778125 0.3022140625 0.42793749999999997 0.31416875 0.42045468750000003 0.3227796875 0.4191765625 0.332103125 0.4241046875 0.3421390625 0.44266249999999996 0.3600546875 0.4622828125 0.3702 0.4974484375 0.374240625 0.5316109375 0.370275 0.5492234375 0.3644078125 0.5633375 0.353403125 0.573315625 0.34192187500000004 0.5735281249999999 0.34036875 0.5797953125 0.32530625 0.58049375 0.3048671875 0.5743484375000001 0.28837812500000004 0.563853125 0.27296718750000004 0.547153125 0.25684375 0.5316687499999999 0.2471734375 0.515759375 0.24060937500000001 0.4973546875 0.23691718750000001 0.47396093749999996 0.23896406250000002 0.4522109375 0.24435625
0 0.43908125 0.754221875 0.4790828125 0.7383 0.4995234375 0.69645625 0.48516562499999993 0.6632390625 0.44242499999999996 0.6378109375000001 0.388215625 0.6347375000000001 0.3614765625 0.6458703125 0.35378125 0.6560343750000001 0.43908125 0.754221875
0 0.133109375 0.4570625 0.1839109375 0.48499687500000005 0.22443125 0.495965625 0.23933749999999998 0.49452187500000006 0.273346875 0.476334375 0.29080625000000004 0.45624374999999995 0.29676874999999997 0.41273593750000004 0.224246875 0.43596874999999996 0.15148124999999998 0.41498125 0.133109375 0.4570625
0 0.2998984375 0.297878125 0.26500625 0.2765078125 0.22363593750000002 0.2717546875 0.1911171875 0.279065625 0.15689375 0.2988078125 0.1300953125 0.325715625 0.124346875 0.3676703125 0.15169531249999998 0.41342656250000004 0.22652812500000002 0.434653125 0.261115625 0.4275796875 0.30175625 0.4069953125 0.325484375 0.37184218750000003 0.3268828125 0.3309671875 0.2998984375 0.297878125
1 0.3532 0.53759375 0.33452187499999997 0.5512312500000001 0.3555125 0.5820531250000001 0.39083125 0.600315625 0.43925937499999995 0.5995671875 0.46663750000000004 0.5837734375 0.477253125 0.56763125 0.473025 0.5371578125 0.42121875 0.5012171875 0.377565625 0.4977796875 0.3532 0.53759375
0 0.46855156249999996 0.4624625 0.4304046875 0.48017656249999996 0.42912812499999997 0.4894984375 0.45817968750000004 0.522825 0.5127531249999999 0.538565625 0.5502609374999999 0.5255140625 0.5379109375 0.5083125 0.5376046875 0.4798671875 0.49535156249999995 0.4355546875 0.4870765625 0.43460312500000003 0.46855156249999996 0.4624625
1 0.29436874999999996 0.5529296875 0.33473593749999997 0.5496765625 0.36944374999999996 0.51105 0.3652140625 0.4805765625 0.32661093750000003 0.4556234375 0.2978640625 0.450740625 0.277909375 0.47370156249999995 0.23684218750000002 0.4973921875 0.29436874999999996 0.5529296875
1 0.32839999999999997 0.1512140625 0.2834375 0.11132500000000001 0.263603125 0.10273125000000001 0.223875 0.10132343749999999 0.1525703125 0.131009375 0.123703125 0.15768125 0.12592343749999999 0.172140625 0.150046875 0.19543125 0.162278125 0.2441859375 0.20979375 0.265428125 0.255515625 0.2691046875 0.286178125 0.2600015625 0.30963281249999997 0.242178125 0.3354875 0.1914859375 0.32839999999999997 0.1512140625
1 0.0 0.6784296875 0.025640625 0.689353125 0.0626609375 0.695184375 0.10387968750000001 0.685715625 0.13916718749999998 0.6582046874999999 0.14570624999999998 0.6258109375 0.1297046875 0.58925 0.09317031249999999 0.564534375 0.043525 0.5588296875000001 0.017150000000000002 0.5826296875 0.0 0.58603125 0.0 0.6784296875
1 0.0 0.40795624999999996 0.01018125 0.40347968749999996 0.0326296875 0.37765 0.0352453125 0.3432265625 0.014254687499999998 0.31240625 0.0 0.3038125 0.0 0.40795624999999996
