2 0.1964203125 0.8135984374999999 0.222628125 0.77486875 0.22415 0.77063125 0.2225625 0.7686234375 0.22099687499999998 0.7686984375 0.2146921875 0.7648328125 0.20060625 0.7655015625 0.180546875 0.793528125 0.1588125 0.8112203125 0.15885625 0.815384375 0.16840312500000001 0.8295078124999999 0.18897031250000002 0.8493562499999999 0.1905140625 0.8472 0.1918578125 0.8263109375000001 0.1964203125 0.8135984374999999
2 0.31103125 0.841475 0.3125734375 0.83931875 0.3235296875 0.8387984375 0.33441875 0.8320328124999999 0.34678593750000003 0.81686875 0.352890625 0.8019999999999999 0.34495468749999997 0.7919640625000001 0.337084375 0.7881734375 0.3211890625 0.7660203125 0.3196234375 0.7660953125 0.3132078125 0.751821875 0.3068578125 0.74379375 0.2990328125 0.744165625 0.288209375 0.7571749999999999 0.29619062500000004 0.7713734375 0.3027171875 0.796053125 0.3029828125 0.8210312500000001 0.30000781249999997 0.8357515624999999 0.3031828125 0.8397656250000001 0.31103125 0.841475
2 0.258325 0.8918765625 0.27384375 0.8786453125 0.2861875 0.8613984374999999 0.296921875 0.8400624999999999 0.3013953125 0.8190250000000001 0.301196875 0.800290625 0.2979546875 0.7900328125 0.29786718749999996 0.7817062499999999 0.28984062499999996 0.7633453125 0.263078125 0.7500390625 0.2615140625 0.7501125 0.2505578125 0.7506328124999999 0.2272796875 0.7704828125 0.2025921875 0.804975 0.1934234375 0.8262375000000001 0.1921234375 0.8512890625 0.19373281250000002 0.855378125 0.22226093750000003 0.8873421875 0.23332812500000003 0.8972296875 0.2396109375 0.8990140625 0.258325 0.8918765625
2 0.30986875 0.585378125 0.31608593749999997 0.5809171875 0.3206921875 0.57236875 0.31579687500000003 0.5538578125 0.3015109375 0.5357937500000001 0.28103125 0.5242718749999999 0.279465625 0.5243453125 0.2559890625 0.5254609375 0.241990625 0.5344562500000001 0.2312125 0.5516281249999999 0.2267390625 0.5726671875 0.22685 0.5830734375 0.234940625 0.6076796875 0.2539453125 0.627603125 0.28220625 0.634590625 0.30215468749999996 0.59615625 0.30986875 0.585378125
2 0.42342031249999995 1.0 0.4565546875 0.9782562499999999 0.465834375 0.967403125 0.47346093749999996 0.9482984374999999 0.474715625 0.9190828124999999 0.46975468749999993 0.894328125 0.45229375000000005 0.87225 0.44283593750000005 0.8664515625 0.44127031250000004 0.866525 0.42711875 0.8609500000000001 0.41303124999999996 0.8616187500000001 0.3943171875 0.86875625 0.3664765625 0.9013171874999999 0.35885 0.9204218750000001 0.354509375 0.9539484375 0.3562296875 0.9684453124999999 0.3641890625 0.9805624999999999 0.3658203125 0.9867328125 0.3763125 1.0 0.42342031249999995 1.0
3 0.720271875 0.59711875 0.42445781250000003 0.6111718749999999 0.42676406250000004 0.8276468749999999 0.7225765625 0.8135937500000001 0.720271875 0.59711875
3 0.4455578125 0.680975 0.46114375 0.6739875 0.47816093750000005 0.6544359375 0.47652968749999997 0.648265625 0.47496406249999995 0.648340625 0.45942343750000003 0.6594921874999999 0.43125 0.6608296874999999 0.417075 0.6531734375 0.39366406249999997 0.6605328125 0.390578125 0.6648453125 0.4032765625 0.6809015625 0.40649687500000004 0.6890796875 0.41119218750000003 0.68885625 0.4283421875 0.68179375 0.4455578125 0.680975
3 0.415346875 0.4908171875 0.42500312500000004 0.5153484374999999 0.4408546875 0.5333390625 0.4487015625 0.5350484375 0.4580484375 0.5304390625 0.47821875 0.5128203124999999 0.48901874999999995 0.4977296875 0.4888640625 0.48315937499999995 0.48095 0.47520468749999994 0.47931718749999996 0.4690359375 0.47455625 0.4630140625 0.4493796875 0.45171406249999996 0.44303125000000004 0.4436859375 0.4334625 0.4274796875 0.43019999999999997 0.415140625 0.39820937500000003 0.3521015625 0.3664625 0.3119578125 0.364896875 0.3120328125 0.3602015625 0.31225625 0.357115625 0.3165671875 0.35575 0.335375 0.3573375 0.3373828125 0.359190625 0.36436718749999997 0.3624984375 0.38087031250000003 0.37056875 0.4033953125 0.3722453125 0.413728125 0.3979078125 0.4708203125 0.415346875 0.4908171875
4 0.4854671875 0.4583296875 0.49170625 0.4559515625 0.4993765625 0.441009375 0.5117421875 0.42584375 0.5130640625 0.4028734375 0.5066484375 0.3886 0.4955375 0.37455 0.47977499999999995 0.3648859375 0.47820937499999994 0.36496093749999997 0.4687734375 0.36124375 0.4546875 0.36191249999999997 0.44690624999999995 0.3664484375 0.44227812499999997 0.372915625 0.4346734375 0.3941015625 0.433396875 0.4212359375 0.438225 0.43350156249999994 0.45251093750000004 0.451565625 0.472946875 0.45892499999999997 0.4854671875 0.4583296875
5 0.1696578125 0.8002921875 0.1836109375 0.787134375 0.1959546875 0.7698875000000001 0.20049531250000002 0.75509375 0.200384375 0.7446875000000001 0.203403125 0.73413125 0.20324843750000002 0.7195609375 0.2000296875 0.7113828125 0.199940625 0.7030578125 0.193503125 0.686703125 0.1760640625 0.6667062500000001 0.16191093750000002 0.6611312500000001 0.15095468750000002 0.6616515625 0.1493671875 0.6596437500000001 0.147825 0.6618 0.138434375 0.6622453125 0.127521875 0.6669296874999999 0.113546875 0.6780062499999999 0.10118125 0.693171875 0.09511875 0.7122015625 0.09390937499999999 0.7455796875 0.1287859375 0.7855734375 0.1493546875 0.8054218750000001 0.161875 0.804828125 0.1696578125 0.8002921875
5 0.336321875 0.56954375 0.3298609375 0.5511078125 0.3280296875 0.526203125 0.32950625 0.517803125 0.34636875 0.48368124999999995 0.3384765625 0.477809375 0.3243453125 0.474315625 0.3227796875 0.47438906249999996 0.30717343750000003 0.4792953125 0.2994140625 0.48591249999999997 0.2870921875 0.505240625 0.2825734375 0.522115625 0.3014890625 0.5337125 0.3173625 0.5537828124999999 0.32227968749999997 0.5743750000000001 0.32699687499999996 0.5762343750000001 0.3348 0.5737796875 0.336321875 0.56954375
5 0.39429375 0.8666750000000001 0.41144375 0.8596125000000001 0.438075 0.8604296874999999 0.441115625 0.8519546874999999 0.440915625 0.8332218749999999 0.4266296875 0.8151578125000001 0.4233234375 0.7986546875 0.412278125 0.7908484375 0.39342968749999996 0.785496875 0.3918640625 0.7855703125 0.380975 0.7923359375000001 0.363803125 0.7973171875 0.3591515625 0.8017031250000001 0.34835 0.8167937500000001 0.3422890625 0.835825 0.342421875 0.8483140625000001 0.3534890625 0.8582000000000001 0.367775 0.8762640625 0.37416875 0.88845625 0.39429375 0.8666750000000001
1 0.35751093749999996 0.6476734375000001 0.37320625 0.6510921875 0.3762921875 0.64678125 0.3775921875 0.621728125 0.374284375 0.605225 0.364715625 0.5890187499999999 0.35049687500000004 0.5772 0.34893125 0.5772734374999999 0.330128125 0.576084375 0.313 0.585228125 0.2991125 0.60463125 0.283815625 0.638678125 0.3044734375 0.666853125 0.30610468750000003 0.6730234375 0.31243125 0.6789703125 0.326340625 0.6616484375 0.3403171875 0.650571875 0.35751093749999996 0.6476734375000001
1 0.2334515625 0.761859375 0.25053593749999997 0.7485515625 0.264621875 0.7478828125 0.27723125 0.7556140625000001 0.2850796875 0.7573234375 0.3020515625 0.733609375 0.303284375 0.7023125 0.30784687499999996 0.6896 0.3061265625 0.6751046875 0.2981453125 0.66090625 0.2854703125 0.6469296875 0.26027187500000004 0.63355 0.25870625 0.6336234375 0.24775 0.63414375 0.23840468750000002 0.638753125 0.229146875 0.6516890625 0.21364999999999998 0.667003125 0.204503125 0.6903453125000001 0.2046796875 0.706996875 0.21118437499999998 0.7295953125 0.222384375 0.751971875 0.230321875 0.7620078125 0.2334515625 0.761859375
1 0.42964062500000005 0.6567421875 0.45470625 0.6576328124999999 0.46872499999999995 0.65071875 0.48113593750000005 0.6397171875 0.49191406249999997 0.6225453125 0.4948890625 0.607825 0.494734375 0.5932546875 0.48983906250000003 0.5747453124999999 0.478684375 0.5565328125 0.4676390625 0.5487265625 0.46607343749999997 0.5488015625 0.4550515625 0.5430765625 0.436246875 0.5418875 0.41911875 0.5510312500000001 0.40836249999999996 0.5702859375 0.40380000000000005 0.582996875 0.40084687499999994 0.5997984375 0.404221875 0.6225453125 0.40904999999999997 0.6348109375 0.42018281249999995 0.6509437499999999 0.42964062500000005 0.6567421875
1 0.3709984375 0.590803125 0.3819546875 0.5902828125 0.3881703125 0.5858218749999999 0.3991046875 0.5832203125000001 0.4052765625 0.574596875 0.4205953125 0.54263125 0.42187343750000006 0.5154984375 0.41378125 0.49089218749999997 0.40901875 0.4848703125 0.394821875 0.47513125 0.380690625 0.47163750000000004 0.3791265625 0.47171250000000003 0.3713 0.472084375 0.3572796875 0.47899843750000004 0.341784375 0.49431250000000004 0.33109375 0.5198109375 0.3296625 0.5323734375 0.3312484375 0.53438125 0.33140468749999996 0.5489515625 0.33947343750000003 0.5714750000000001 0.3567796875 0.578984375 0.3709984375 0.590803125
0 0.4977765625 0.58478125 0.5087765625 0.5884234375 0.524428125 0.5876796875 0.533775 0.5830703125000001 0.5523125 0.55928125 0.5599171875 0.5380953125 0.5613703125 0.5276140625 0.5596062500000001 0.5089546875 0.55316875 0.49260000000000004 0.5420796875 0.48063124999999995 0.53105625 0.47490781249999997 0.5294921875 0.47498125 0.5060140625 0.476096875 0.49666718750000005 0.48070625 0.49203906249999996 0.4871734375 0.4921046875 0.49341875 0.48906406249999995 0.5018921875 0.47206875000000004 0.523525 0.47231249999999997 0.546421875 0.48498906249999996 0.560396875 0.4930140625 0.578759375 0.4977765625 0.58478125
0 0.3370625 0.7860921875 0.3575203125 0.7955328125000001 0.3653453125 0.7951609375 0.38406093750000003 0.788025 0.3918203125 0.7814078125 0.4010109375 0.762228125 0.4055515625 0.747434375 0.410025 0.726396875 0.4098265625 0.7076640624999999 0.40173437500000003 0.6830578125 0.3874265625 0.6629125 0.3716640625 0.6532484375000001 0.354425 0.651984375 0.3528375 0.649978125 0.351271875 0.6500515625000001 0.334121875 0.6571140625 0.315540625 0.676740625 0.30786875 0.6916828125000001 0.3050046875 0.716809375 0.3065921875 0.718815625 0.3084015625 0.7416375000000001 0.3131640625 0.747659375 0.3132078125 0.751821875 0.3196015625 0.7640140625 0.3370625 0.7860921875
0 0.6609515625 0.6145140625 0.6952078125 0.5962265625 0.7108359375 0.5934015625 0.7123796875 0.5912453125 0.70909375 0.5768234375 0.6963953125 0.5607671875 0.6821984375000001 0.551028125 0.6664796875000001 0.5455281249999999 0.664915625 0.5456015625 0.6524156249999999 0.5482781250000001 0.6399609374999999 0.5551171874999999 0.6245093749999999 0.5745953125 0.61838125 0.58738125 0.61540625 0.6021 0.6172593749999999 0.6290859375 0.620434375 0.6331 0.6220875 0.6413515624999999 0.625240625 0.643284375 0.6609515625 0.6145140625
0 0.42486562499999997 0.7964984375 0.441971875 0.7852734375 0.45757812500000006 0.7803671875 0.4744625 0.7483265625 0.48526406250000004 0.7332359375 0.47878125000000005 0.71271875 0.4708 0.6985187500000001 0.4518640625 0.684840625 0.44558125000000004 0.6830578125 0.444015625 0.68313125 0.4174296875 0.6864765625 0.4096484375 0.6910125 0.408128125 0.6952484375 0.412978125 0.709596875 0.41311093750000005 0.7220859374999999 0.4041203125 0.7599984375 0.39644843750000003 0.7749406249999999 0.39497187500000003 0.783340625 0.409103125 0.786834375 0.42486562499999997 0.7964984375
1 0.54868125 0.6594156250000001 0.5567734375 0.684021875 0.563034375 0.683725 0.59259375 0.6656609375 0.6107546875 0.6064859375 0.6105328125 0.585671875 0.593028125 0.5594296875 0.5663546875 0.55445 0.5261703125 0.6042578125 0.524959375 0.6376359375 0.54868125 0.6594156250000001
1 0.5303421875 0.7019390624999999 0.5506890624999999 0.700971875 0.555296875 0.692421875 0.5455062500000001 0.6554015625 0.5171125 0.6359250000000001 0.49367968749999996 0.641203125 0.4752078125 0.6712374999999999 0.475540625 0.702459375 0.48678437499999994 0.7289984375 0.5303421875 0.7019390624999999
1 0.5269859375 0.9749109375 0.5760515625 0.8767828124999999 0.564696875 0.8398359375 0.5535859375000001 0.8257859375000001 0.5268453125 0.8145609374999999 0.4910015625 0.8308421875 0.47413906250000004 0.8649640625 0.4745390625 0.90243125 0.51453125 0.9817500000000001 0.5269859375 0.9749109375
1 0.32825625 0.9885171875 0.33921250000000003 0.987996875 0.353121875 0.970675 0.3557640625 0.9247343750000001 0.3694296875 0.884515625 0.3440328125 0.8524015625000001 0.322053125 0.8471984375 0.292515625 0.8673453125 0.275696875 0.9056296875 0.2744421875 0.9348453125 0.32825625 0.9885171875
