2 0.22993437499999997 0.6298171875 0.24569375 0.6421828125 0.27166718749999996 0.6528734375 0.284421875 0.6558703125 0.2927171875 0.65578125 0.316984375 0.6492546875 0.33456406250000004 0.6381 0.33985468750000003 0.6286421875 0.3396984375 0.6270765625 0.33768125000000004 0.6067296875 0.3322921875 0.594253125 0.30331406250000004 0.57419375 0.2859453125 0.5665453125 0.27749531250000004 0.5650703125 0.262978125 0.5652250000000001 0.23057031249999999 0.5734046875 0.2164609375 0.598625 0.21754687499999997 0.60958125 0.22993437499999997 0.6298171875
2 0.3391640625 0.4751015625 0.3535828125 0.4530125 0.353428125 0.45144687499999997 0.35488125 0.44516406249999996 0.352653125 0.443621875 0.329684375 0.4423 0.31884843749999997 0.43771562499999994 0.32231875 0.4517796875 0.302453125 0.4817625 0.326975 0.498734375 0.335425 0.5002109375 0.335946875 0.48453749999999995 0.3391640625 0.4751015625
2 0.228484375 0.405778125 0.25751875 0.40546875 0.2597484375 0.40701093750000006 0.28479062499999996 0.4083109375 0.289771875 0.3957234375 0.288684375 0.3847671875 0.29060312499999996 0.38317968750000003 0.2904484375 0.3816140625 0.287909375 0.376940625 0.2816875 0.3770078125 0.267634375 0.3818578125 0.24259218749999997 0.380559375 0.2059390625 0.36685 0.196965625 0.381046875 0.196753125 0.39985 0.20183281250000001 0.409196875 0.206290625 0.4122828125 0.228484375 0.405778125
2 0.196428125 0.45939218750000005 0.2016625 0.4703046875 0.2085046875 0.4764984375 0.2258734375 0.484146875 0.25744687499999996 0.488509375 0.28010625 0.48670156249999996 0.29623125 0.481828125 0.3077453125 0.4723046875 0.3202453125 0.45180156250000003 0.3200890625 0.45023749999999996 0.319625 0.44554218749999996 0.30708281249999997 0.42374062500000004 0.291478125 0.4129390625 0.2702734375 0.408465625 0.23071250000000001 0.40732187499999994 0.21043906250000002 0.41223906250000003 0.1968515625 0.421784375 0.1897984375 0.43439531249999996 0.18943125 0.451634375 0.196428125 0.45939218750000005
2 0.4178484375 0.3473484375 0.435159375 0.37536718750000003 0.4716578125 0.3875109375 0.48410156249999997 0.387378125 0.48985781250000004 0.382615625 0.4999171875 0.379375 0.511275 0.3682859375 0.5140265625 0.3541546875 0.513871875 0.352590625 0.5093140625 0.3275703125 0.499621875 0.313571875 0.48624687499999997 0.3043140625 0.47333749999999997 0.2997515625 0.450525 0.2999953125 0.4324796875 0.30645625 0.4248046875 0.3128046875 0.41468906250000004 0.336415625 0.4169171875 0.3379578125 0.4178484375 0.3473484375
3 0.6836359375 0.7456125 0.6676515625 0.5844015625 0.34411562500000004 0.5878593750000001 0.3600984375 0.7490703125 0.6836359375 0.7456125
3 0.390365625 0.3633109375 0.39751875000000003 0.3726359375 0.406378125 0.3991765625 0.4084515625 0.3991546875 0.40959531250000003 0.389740625 0.4132765625 0.3850015625 0.41903281249999996 0.3802390625 0.4310125 0.3754109375 0.43085625 0.37384531249999997 0.4203875 0.35202187500000004 0.415775 0.347371875 0.4140671875 0.3301546875 0.419359375 0.320696875 0.416975 0.3175890625 0.406915625 0.32082968749999996 0.3934828125 0.33194218750000004 0.38082812499999996 0.35087812500000004 0.3814484375 0.3571390625 0.390365625 0.3633109375
3 0.5088046875 0.5108921875 0.5107234375 0.5093046875 0.5083390624999999 0.506196875 0.5067875 0.4905453125 0.50870625 0.4889578125 0.5085515625 0.48739218749999996 0.50585625 0.4811546875 0.47272968750000005 0.46113906250000003 0.46267031249999996 0.46438125 0.4523 0.4644921875 0.45276562499999995 0.4691875 0.4573796875 0.4738390625 0.4595515625 0.49574999999999997 0.48998437499999997 0.5095265625 0.502271875 0.507828125 0.5088046875 0.5108921875
3 0.42214999999999997 0.5791906250000001 0.3974171875 0.581021875 0.37315 0.5875484375 0.3734609375 0.5906796875 0.3801484375 0.5953078125 0.3992796875 0.5998046875 0.41172343749999996 0.5996718750000001 0.41970937499999994 0.596453125 0.43422656249999997 0.596296875 0.476946875 0.608375 0.4814046875 0.6114609375 0.515675 0.6220625 0.5373453125000001 0.63123125 0.54149375 0.6311875 0.5765390625 0.6496140625 0.5870640625 0.6510687500000001 0.5926640625 0.6447421875 0.5904359375 0.6431984374999999 0.5815187500000001 0.6370265625 0.5536265625000001 0.6279234375 0.5447093749999999 0.6217515625 0.537090625 0.6077328125 0.5168734374999999 0.5922796875 0.4931296875 0.5831328124999999 0.4869078125 0.5831999999999999 0.4739984375 0.5786374999999999 0.42406875 0.5776046874999999 0.42214999999999997 0.5791906250000001
3 0.6168625 0.49093593750000003 0.617328125 0.49563125 0.611571875 0.5003921874999999 0.612346875 0.5082187499999999 0.6254109375 0.5143453124999999 0.643921875 0.51258125 0.6468281250000001 0.500015625 0.6701640624999999 0.4840984375 0.6769640625 0.44798906250000003 0.6771765624999999 0.429184375 0.7002015625 0.4101375 0.7056484375000001 0.4022453125 0.7053375 0.3991140625 0.716384375 0.3848953125 0.74299375 0.3391734375 0.7505703125000001 0.3108890625 0.750415625 0.30932499999999996 0.7496390625 0.3014984375 0.7429515624999999 0.2968703125 0.7285890625 0.298590625 0.6806203125 0.3382734375 0.6497078125 0.38247343749999996 0.6270921875 0.42658593749999996 0.6144359374999999 0.4455234375 0.6046296875 0.4722640625 0.6057171875 0.4832203125 0.6168625 0.49093593750000003
4 0.6785734375 0.44327187500000004 0.6807453125 0.4651828125 0.6880531249999999 0.47607343750000003 0.6969703125 0.4822453125 0.714028125 0.48676250000000004 0.736996875 0.488084375 0.7472109375 0.4864078125 0.756959375 0.4800375 0.764325 0.47055781249999995 0.76723125 0.45799218750000004 0.7670765625 0.4564265625 0.7623640625 0.42984062500000003 0.7549 0.4173859375 0.7482125 0.41275781250000004 0.7332296875 0.4082171875 0.7145640625 0.4084171875 0.7005125 0.41326718749999997 0.6829328125 0.42442343749999994 0.67940625 0.430728125 0.6804921875 0.441684375 0.6785734375 0.44327187500000004
5 0.42465937499999995 0.709209375 0.4329546875 0.709121875 0.4348734375 0.707534375 0.451465625 0.70735625 0.4698203125 0.7040265625 0.489475 0.6928484375 0.4949203125 0.68495625 0.49621875 0.677109375 0.4960625 0.67554375 0.49352343750000005 0.6708703125000001 0.4847625 0.6662640625 0.43965781249999997 0.651078125 0.424984375 0.6496671875 0.4324484375 0.662121875 0.43415468749999997 0.6793390625 0.42917500000000003 0.6919265625000001 0.419890625 0.70299375 0.42020156249999996 0.7061234375 0.42465937499999995 0.709209375
5 0.1979671875 0.3073953125 0.1932984375 0.3231140625 0.1959359375 0.349721875 0.20547343749999997 0.3621546875 0.2231515625 0.3729328125 0.25088750000000004 0.3804703125 0.2674796875 0.3802921875 0.2856796875 0.3753984375 0.3011859375 0.3642640625 0.31145625 0.34221875 0.3113015625 0.3406546875 0.31244375 0.331240625 0.307209375 0.3203296875 0.306434375 0.312503125 0.2948234375 0.30009375 0.27937500000000004 0.2908578125 0.26646562500000004 0.2862953125 0.2516375 0.2833203125 0.23711875 0.28347500000000003 0.21124375 0.29471875000000003 0.1979671875 0.3073953125
5 0.5151125000000001 0.3651109375 0.5059843749999999 0.37774375 0.50645 0.3824390625 0.5109078125 0.385525 0.5171296875 0.3854578125 0.53424375 0.3696078125 0.5522890625 0.363146875 0.5688796875000001 0.3629703125 0.5985359375 0.3689203125 0.6019078125 0.36105 0.601753125 0.35948437499999997 0.6006671875 0.34852812499999997 0.5954328125 0.33761718749999997 0.5882796875 0.3282921875 0.5793640625 0.3221203125 0.5600765625 0.316059375 0.5208265625 0.3180453125 0.5110781249999999 0.32441718750000004 0.51625625 0.35569843749999996 0.5143375 0.35728593750000004 0.5151125000000001 0.3651109375
5 0.301353125 0.533478125 0.29943437500000003 0.535065625 0.300365625 0.54445625 0.2952296875 0.5554796875 0.2964703125 0.568 0.3342109375 0.592665625 0.3405875 0.5941640625 0.354175 0.58461875 0.37092187499999996 0.58600625 0.3749140625 0.584396875 0.3825890625 0.578046875 0.3915625 0.56385 0.3914078125 0.5622843750000001 0.389390625 0.5419375 0.38685 0.5372640625 0.369328125 0.5280515625 0.3586484375 0.52503125 0.34304375 0.51423125 0.338275 0.5080140625 0.3279046875 0.5081249999999999 0.3057125 0.5146296875 0.2981921875 0.52254375 0.301353125 0.533478125
5 0.62724375 0.6584734375 0.6445125 0.6441874999999999 0.660484375 0.63775 0.6603296875 0.636184375 0.6579453125 0.6330765625 0.6410421875 0.6301234375 0.6163109375 0.6319546875000001 0.6043328125 0.6367828125 0.5966578124999999 0.6431312499999999 0.5912109375 0.651025 0.5916765625 0.6557203125 0.611428125 0.6664765625 0.621953125 0.66793125 0.62724375 0.6584734375
1 0.5903937499999999 0.6008953125 0.6235203125 0.620909375 0.6713765625 0.6219640625 0.693103125 0.6107640625 0.698140625 0.5778078125 0.6911421875 0.5700484375 0.6377421875 0.5549515625 0.6128546874999999 0.5552171875 0.5932015625 0.5663953125 0.5903937499999999 0.6008953125
1 0.5909156249999999 0.585221875 0.58874375 0.563309375 0.56199375 0.54479375 0.5224328125000001 0.54365 0.4902796875 0.5753296875 0.54346875 0.60923125 0.5761859375 0.60418125 0.5909156249999999 0.585221875
1 0.5097921875 0.4999140625 0.522025 0.518584375 0.5612171874999999 0.5369671874999999 0.5980828125000001 0.5318734375 0.6131234375 0.5160437499999999 0.6022453125 0.46915625 0.5842578125 0.455246875 0.5346375 0.45734375 0.5100046875 0.48110937500000006 0.5097921875 0.4999140625
1 0.523859375 0.43239062500000003 0.5589046875 0.45081718750000005 0.583946875 0.4521171875 0.609978125 0.44243750000000004 0.6263156249999999 0.4187609375 0.6099921875 0.379765625 0.5795609374999999 0.3659890625 0.5383921875000001 0.3695625 0.5124593749999999 0.4011765625 0.523859375 0.43239062500000003
1 0.40232812500000004 0.42115468749999996 0.40357031250000003 0.4336765625 0.45421875 0.4629046875 0.490775 0.4546796875 0.5071125000000001 0.431003125 0.49856249999999996 0.4075921875 0.4654359375 0.387578125 0.4397734375 0.3800171875 0.4172703125 0.38339218750000004 0.40232812500000004 0.42115468749999996
1 0.293396875 0.4113515625 0.331603125 0.44071249999999995 0.3628671875 0.4419453125 0.390971875 0.43224375000000004 0.405390625 0.41015468750000006 0.388290625 0.3633328125 0.35179218749999996 0.3511890625 0.31684531250000003 0.354696875 0.29106875 0.387875 0.293396875 0.4113515625
1 0.2261125 0.57031875 0.2751109375 0.5619609375 0.296528125 0.54763125 0.2934234375 0.516328125 0.260296875 0.49631406250000004 0.2169 0.49834375 0.19242187500000002 0.523675 0.1995171875 0.55336875 0.2261125 0.57031875
1 0.32216093749999997 0.6805359375 0.349065625 0.7006171875 0.39723281250000003 0.704803125 0.42518124999999996 0.6935359375 0.43223593749999994 0.6809265625 0.42783437500000004 0.6574718749999999 0.38978437499999996 0.629675 0.352453125 0.6300749999999999 0.333109375 0.6443828125 0.32216093749999997 0.6805359375
1 0.18436406249999998 0.6099359375 0.182740625 0.6773265625 0.2091796875 0.6927109375 0.2629484375 0.6905703125 0.27876406249999997 0.6825671875 0.28887968750000004 0.65895625 0.25461093749999997 0.6483546875 0.22786093749999997 0.6298390625 0.21454218749999998 0.6002125 0.1977953125 0.5988249999999999 0.18436406249999998 0.6099359375
1 0.6405796875 0.39510625 0.67118125 0.347775 0.661334375 0.3322125 0.6423578125 0.32928125 0.60626875 0.3422015625 0.6029953124999999 0.37200625 0.6266828125 0.401521875 0.6405796875 0.39510625
0 0.6265671875 0.67258125 0.6875296875 0.72206875 0.7221656249999999 0.71543125 0.7388140625 0.694884375 0.73348125 0.6620375000000001 0.7194859375 0.64651875 0.6979703125000001 0.638915625 0.6505796875 0.6425562499999999 0.6257906249999999 0.66475625 0.6265671875 0.67258125
0 0.6479140625 0.510971875 0.6155078125 0.519153125 0.6237468749999999 0.5394328125000001 0.6524156249999999 0.5563609375 0.7002703125 0.5574171875 0.72360625 0.5414984375 0.724340625 0.5070218750000001 0.712575 0.49304531249999994 0.68851875 0.48076875 0.6778390625 0.4777484375 0.6479140625 0.510971875
0 0.4705421875 0.5019 0.45970781250000003 0.497315625 0.45088906250000005 0.513078125 0.42947187500000006 0.5274078125 0.39291718750000004 0.5356328125 0.4003234375 0.56845625 0.43635624999999995 0.57590625 0.48006562500000005 0.5770046875 0.48789531249999996 0.572221875 0.49894218749999997 0.5580015625 0.5009171875 0.5360453125 0.48806562500000006 0.5111140625 0.4705421875 0.5019
0 0.3396296875 0.479796875 0.347346875 0.5157515625 0.386384375 0.53256875 0.4293171875 0.52584375 0.45571406249999996 0.498925 0.4502265625 0.4645140625 0.4145609375 0.43982656249999996 0.3810671875 0.43705 0.3650953125 0.44348906250000003 0.3396296875 0.479796875
0 0.3495640625 0.34964531249999997 0.376990625 0.35405312499999997 0.3791203125 0.33366250000000003 0.3710375 0.314946875 0.3379109375 0.29493281250000003 0.29643125000000003 0.295375 0.31420781249999996 0.32808906250000003 0.31269843750000004 0.354740625 0.3495640625 0.34964531249999997
0 0.49315625 0.688109375 0.493678125 0.6724359375 0.4439609375 0.6525984375 0.424984375 0.6496671875 0.434 0.6777734375 0.4245046875 0.7076453125 0.4637546875 0.7056578124999999 0.49315625 0.688109375
