2 0.515865625 0.714734375 0.5213671875 0.7080203125 0.52544375 0.68884375 0.5283140625 0.6865249999999999 0.5304703125 0.677975 0.5292828125 0.6675890625 0.521403125 0.65353125 0.5184234375 0.6411890625 0.51078125 0.6292078125 0.503853125 0.6234578125 0.4940546875 0.6200281249999999 0.4925 0.6201484374999999 0.47158749999999994 0.6154828125 0.4482796875 0.6172921875 0.43321718750000004 0.6226515625 0.42329062500000003 0.631803125 0.414553125 0.6513421875 0.412871875 0.664046875 0.41429687499999995 0.676509375 0.432103125 0.681415625 0.46555625 0.6997765625000001 0.515865625 0.714734375
2 0.7187812499999999 0.7618609375000001 0.7266781250000001 0.748675 0.7292 0.72961875 0.7255078125 0.7110453125 0.71894375 0.6947890625 0.7095109374999999 0.6808515625 0.695178125 0.6651984375 0.6902796875 0.6634828125000001 0.688725 0.6636031250000001 0.6709203125000001 0.658696875 0.6569359375 0.6597828125 0.6330250000000001 0.6700203124999999 0.627521875 0.6767328125 0.609809375 0.7137328125 0.60705 0.7307125 0.6087125 0.745253125 0.6120593750000001 0.7470890625 0.698690625 0.7780890625 0.7187812499999999 0.7618609375000001
2 0.40705625 0.5995328125 0.41327187500000007 0.5990515624999999 0.4247515625 0.589778125 0.4313328125 0.5787890625000001 0.437803125 0.5531406249999999 0.432446875 0.520025 0.4227765625 0.5040109375 0.4125015625 0.496425 0.4109484375 0.4965453125 0.40915625 0.49458906249999995 0.3796328125 0.4968796875 0.3661234375 0.50211875 0.35906875 0.508953125 0.3553578125 0.5176234375 0.35199375 0.5430312500000001 0.3541328125 0.5617265625 0.366071875 0.5838515625 0.3918828125 0.5902328125 0.40705625 0.5995328125
3 0.7222890625 0.6966249999999999 0.729565625 0.7191125 0.7309921875 0.7315750000000001 0.7295484375 0.74635625 0.7232046875 0.7594218749999999 0.7236796875 0.7635765625000001 0.7316874999999999 0.7650515625 0.751759375 0.7760687500000001 0.762746875 0.789884375 0.7706265625000001 0.80394375 0.7757625 0.8077359375000001 0.7781578125 0.8012640624999999 0.7747015625 0.784765625 0.7620515625000001 0.7564093749999999 0.7570421875 0.7400328125 0.744628125 0.713753125 0.7280296875000001 0.6919890625 0.713825 0.6637515625 0.7126359375 0.653365625 0.7108453124999999 0.651409375 0.710021875 0.6305171875 0.7156515625 0.61121875 0.7222328124999999 0.60023125 0.733475 0.58888125 0.7423234375 0.584003125 0.7516453125 0.5832796874999999 0.7573859374999999 0.57864375 0.7569109375 0.5744890625 0.74974375 0.5666625 0.7330171875 0.55748125 0.7314640625 0.5576015625 0.714371875 0.558928125 0.702653125 0.5661234375 0.692965625 0.5773531249999999 0.6771703125 0.6037265625 0.67238125 0.616671875 0.6680671874999999 0.633771875 0.667575 0.6568609375000001 0.6915953125 0.6612843749999999 0.7072437500000001 0.674740625 0.7222890625 0.6966249999999999
3 0.4693203125 0.609371875 0.4679125 0.5696656250000001 0.470671875 0.5526859375 0.4807265625 0.53095 0.5072687499999999 0.5163171875 0.5274687499999999 0.51475 0.54063125 0.492771875 0.5507953125 0.48569687500000003 0.56765 0.48229375 0.5774484375 0.48572499999999996 0.58103125 0.48963906250000006 0.5905921875 0.4909921875 0.5978859375 0.48623593749999994 0.6057828125 0.4730484375 0.62455625 0.45901875 0.6522875 0.45477187499999994 0.6540796875 0.456728125 0.6569499999999999 0.45441093749999995 0.6608984375 0.4478171875 0.659709375 0.43743125000000005 0.65301875 0.433759375 0.634134375 0.433128125 0.6221796875 0.43824687500000004 0.606640625 0.439453125 0.5961296875000001 0.429790625 0.58143125 0.42464375 0.579878125 0.4247640625 0.5627859374999999 0.4260890625 0.525365625 0.44156562499999996 0.48805468750000003 0.471703125 0.4631765625 0.5008765625 0.4449875 0.533721875 0.43935781250000006 0.55301875 0.43599375 0.5784281250000001 0.4402734375 0.6158171875 0.46358125 0.614009375 0.4693203125 0.609371875
4 0.5718703125 0.4232890625 0.57581875 0.41669687499999997 0.5696218749999999 0.389934375 0.5615046875 0.37379843749999997 0.552546875 0.364015625 0.5509937500000001 0.3641359375 0.5443015625000001 0.3604640625 0.527209375 0.3617890625 0.5162046874999999 0.3752171875 0.5085453125 0.39048125 0.5247796874999999 0.42275156249999996 0.52596875 0.43313750000000006 0.527759375 0.43509374999999995 0.5386375 0.43425 0.56099375 0.4241328125 0.5718703125 0.4232890625
5 0.38420624999999997 0.6327406250000001 0.37764375 0.616484375 0.36080625 0.5926437499999999 0.3391796875 0.581746875 0.3376265625 0.5818671875 0.30941874999999996 0.5819593750000001 0.3018875 0.584640625 0.2890921875 0.5961109375 0.28095781249999996 0.6072203125 0.27640625 0.6222421875 0.2848875 0.6278718750000001 0.38287343749999997 0.6621828125 0.3857421875 0.6598640625 0.3863453125 0.651434375 0.38420624999999997 0.6327406250000001
5 0.6106499999999999 0.70738125 0.6135203125 0.7050625 0.627284375 0.67465625 0.626809375 0.6705015624999999 0.6162984375 0.6608390625 0.6016 0.6556921874999999 0.600046875 0.6558125 0.579846875 0.6573796875 0.575421875 0.65981875 0.5626265625 0.6712890625 0.5520968749999999 0.688871875 0.552571875 0.6930265624999999 0.5752765625 0.699646875 0.5871046875 0.7071125 0.6001203125 0.7249625 0.6052578125 0.72875625 0.6106499999999999 0.70738125
5 0.44103906249999997 0.5403156250000001 0.4418796875 0.5339625 0.4495390625 0.5187 0.46557031249999997 0.4944046875 0.4599578125 0.48645781250000003 0.44813125 0.4789921875 0.44657656250000005 0.4791125 0.44478437499999995 0.47715625 0.42458437499999996 0.47872343749999996 0.4157375 0.48360000000000003 0.41023437500000004 0.4903140625 0.41071093750000004 0.49446874999999996 0.42253749999999995 0.501934375 0.4299421875 0.5118375000000001 0.43626718750000004 0.526015625 0.43745625 0.5364015625 0.44103906249999997 0.5403156250000001
1 0.572953125 0.5971421875 0.5807218749999999 0.5965390625 0.5979421874999999 0.5826296875 0.601653125 0.573959375 0.6002265625 0.561496875 0.5934265625 0.5431625 0.5922375 0.5327765624999999 0.59391875 0.5200734375 0.5920171875 0.5034562499999999 0.5776859375 0.487803125 0.57613125 0.4879234375 0.5663328125 0.4844921875 0.549478125 0.48789531249999996 0.54086875 0.49485 0.5316546875 0.510234375 0.5323687500000001 0.516465625 0.544196875 0.5239296875 0.558765625 0.5416609375 0.567834375 0.5661046875 0.5711609375 0.5951859374999999 0.572953125 0.5971421875
1 0.49692499999999995 0.617709375 0.5069609374999999 0.6232171875 0.517709375 0.6349578124999999 0.52224375 0.6471796875 0.5258265625 0.6510921875 0.54291875 0.6497671875 0.5515296875 0.6428125 0.5636125 0.625109375 0.5698453125 0.5973828125 0.5667546875 0.5703796875 0.562459375 0.5602343750000001 0.5612703125 0.5498484375 0.5533921875 0.535790625 0.53774375 0.5223359375000001 0.5310515625 0.5186625 0.513959375 0.5199890625 0.5121687500000001 0.5180328125 0.5108515625 0.5202296875 0.5046375000000001 0.5207124999999999 0.49447343750000006 0.5277875 0.483834375 0.530709375 0.4756984375 0.5418171875 0.47030625 0.5631921875 0.47112968750000006 0.584084375 0.46981406249999996 0.5862828125 0.472665625 0.6112078125 0.477803125 0.6150015625 0.49692499999999995 0.617709375
1 0.77353125 0.7471359375 0.7862 0.7482484375 0.7917015625 0.7415359375 0.7912265625 0.73738125 0.793859375 0.7329859375 0.793384375 0.72883125 0.7990140625000001 0.7095343749999999 0.7985375 0.7053796875 0.8011703125 0.700984375 0.8015359375 0.690478125 0.8150812500000001 0.63075 0.8123374999999999 0.620484375 0.8044593750000001 0.6064265625 0.7937093749999999 0.5946859375 0.7769828125 0.5855046875000001 0.7754296875 0.5856265625 0.7547531249999999 0.5830390624999999 0.7352671875000001 0.5908375 0.71720625 0.6110984375 0.7118140625 0.6324734375000001 0.715140625 0.6615546875 0.7295828125 0.6918671875 0.7477359375 0.7135109374999999 0.7540625000000001 0.7276906249999999 0.7630203125 0.7374734375 0.77353125 0.7471359375
1 0.7154499999999999 0.554653125 0.7358875 0.5551640625 0.755721875 0.564103125 0.7661234375 0.5591046875 0.770071875 0.5525109375 0.777859375 0.5246640625000001 0.7777484375 0.510003125 0.7759578125 0.508046875 0.77405625 0.4914296875 0.763434375 0.46710624999999995 0.7486265624999999 0.44729843750000003 0.74014375 0.4416703125 0.738590625 0.441790625 0.7319 0.43811875 0.7103828125 0.4418828125 0.69029375 0.4581109375 0.682396875 0.471296875 0.683109375 0.47752812499999997 0.6970765625 0.5036875000000001 0.7025609375 0.52421875 0.7086484375000001 0.5363203125 0.7136578124999999 0.552696875 0.7154499999999999 0.554653125
1 0.45816718749999996 0.4845 0.4648578125 0.4881734375 0.46951875000000004 0.48781093750000004 0.489134375 0.46742812499999997 0.49511093749999996 0.46486875000000005 0.5019296875 0.4559578125 0.5235734375 0.439609375 0.521671875 0.42299218749999995 0.5130796875 0.40270312500000005 0.49671875 0.38301562499999997 0.4882359375 0.3773875 0.48668281249999995 0.3775078125 0.4817828125 0.3757921875 0.4615828125 0.377359375 0.4540515625 0.38003906249999997 0.4469953125 0.3868734375 0.43802031250000006 0.404334375 0.434784375 0.41715937500000005 0.437271875 0.45259218749999997 0.43953749999999997 0.458703125 0.4474171875 0.47276093750000003 0.45816718749999996 0.4845
1 0.552809375 0.6951031249999999 0.55125625 0.6952234374999999 0.537509375 0.6983859375 0.5273453124999999 0.7054609375 0.52184375 0.712175 0.524109375 0.7182859374999999 0.6038140624999999 0.7435375 0.6051296875000001 0.7413390625 0.6039421875000001 0.730953125 0.589134375 0.7111453125 0.57216875 0.6998875 0.552809375 0.6951031249999999
0 0.607815625 0.6552109374999999 0.6178515625000001 0.66071875 0.6283624999999999 0.6703812499999999 0.6314703125000001 0.6701406249999999 0.646059375 0.6606265625 0.662675 0.6551453125 0.6663859375000001 0.646475 0.6654359375000001 0.6381671875 0.6699875 0.62314375 0.6670078125 0.6108015625000001 0.65805 0.6010187499999999 0.6495671875 0.5953890625 0.6351078125 0.5923203125 0.6299703125 0.5885281250000001 0.6284156249999999 0.5886484375000001 0.6168265625 0.5832609375 0.6028421875000001 0.5843453125 0.5853843750000001 0.596178125 0.57725 0.6072859375 0.5699375 0.6392875 0.5716015624999999 0.653828125 0.575184375 0.6577421875 0.5796078125 0.655303125 0.5998078125 0.6537359375 0.607815625 0.6552109374999999
0 0.41063906250000004 0.603446875 0.3954671875 0.5941453125 0.37431562500000004 0.587403125 0.366546875 0.5880062500000001 0.3623609375 0.592521875 0.36415156249999997 0.5944796875 0.379196875 0.6163640625 0.38349375 0.626509375 0.387425 0.647159375 0.3859796875 0.661940625 0.387771875 0.6638984375 0.41071406250000003 0.672596875 0.4127609375 0.6493859375000001 0.4217359375 0.6319250000000001 0.42054843750000004 0.6215390625 0.41063906250000004 0.603446875
0 0.8189718750000001 0.5277624999999999 0.8340359375 0.5224015625 0.8416937499999999 0.5071390625000001 0.8532093749999999 0.4433765625 0.851784375 0.43091406250000003 0.8434296874999999 0.4127015625 0.834471875 0.40291875 0.82288125 0.3975296875 0.80196875 0.392865625 0.8004140625 0.3929859375 0.7851140625 0.39626875 0.7707640625 0.40785937499999997 0.760471875 0.42751875000000006 0.7563953125 0.4466953125 0.757346875 0.45500468749999995 0.7708375000000001 0.477009375 0.7813328125 0.5139171874999999 0.7895765625 0.51746875 0.7967421875 0.5252953125000001 0.8189718750000001 0.5277624999999999
0 0.8347484375 0.528634375 0.826740625 0.527159375 0.8254250000000001 0.52935625 0.8067796875000001 0.530803125 0.7954265625 0.5274921875 0.78694375 0.5218640625 0.785390625 0.521984375 0.7809671875 0.5244234375 0.778571875 0.5308953125 0.7725765625000001 0.5607 0.7851171875 0.5743968749999999 0.78654375 0.586859375 0.8019546875 0.5982375 0.8150984375 0.6035046875 0.8213140624999999 0.6030234375 0.8329390625 0.553921875 0.8347484375 0.528634375
0 0.6379765625 0.5900015625 0.6426390625 0.589640625 0.6493296875000001 0.5933125 0.6633140625 0.592228125 0.6836421875 0.5780765625 0.6904609374999999 0.569165625 0.695725 0.560375 0.7004046875000001 0.53276875 0.6955218750000001 0.503809375 0.6815562500000001 0.47764843749999997 0.6527640625 0.4589265625 0.651209375 0.459046875 0.638540625 0.45793437499999995 0.637225 0.46013125 0.6263484375 0.460975 0.6047046875000001 0.47732343750000006 0.595728125 0.4947859375 0.5935546875 0.5305796875000001 0.5949796875 0.5430421875 0.5997515625000001 0.5573421875 0.6127671875 0.5751921875 0.6379765625 0.5900015625
0 0.654334375 0.4315609375 0.6630546875000001 0.43926718749999993 0.6635296875 0.443421875 0.658978125 0.45844375 0.6728359375 0.46994375 0.6792890625 0.4715375 0.690896875 0.44968125 0.6900734374999999 0.42878906250000004 0.68828125 0.4268328125 0.6843515625000001 0.40618125000000005 0.6782640625 0.3940796875 0.6661984375000001 0.38453750000000003 0.66464375 0.38465781250000003 0.6530546875 0.3792703125 0.6390687500000001 0.3803546875 0.6286671875 0.385353125 0.6132390625 0.40121874999999996 0.6047390625 0.422834375 0.6028203125 0.4334625 0.606403125 0.437375 0.6203875 0.436290625 0.63234375 0.431171875 0.654334375 0.4315609375
