2 0.253125 0.8020828124999999 0.2125 0.8270828124999999 0.1921875 0.8479171875 0.18125 0.86875 0.171875 0.9083328125 0.171875 0.9291671875 0.1734375 0.93125 0.175 0.9583328124999999 0.1875 0.9854171875000001 0.1984375 0.9979171875 0.328125 0.9979171875 0.334375 0.99375 0.3484375 0.975 0.3578125 0.95 0.3625 0.9291671875 0.3640625 0.8875 0.359375 0.86875 0.3453125 0.8416671875 0.334375 0.8270828124999999 0.315625 0.8125 0.29375 0.8020828124999999 0.2921875 0.8020828124999999 0.2578125 0.8 0.253125 0.8020828124999999
2 0.090625 0.6083328125 0.084375 0.6229171874999999 0.084375 0.6291671875 0.08125 0.6375 0.08125 0.6666671875 0.084375 0.6791671874999999 0.0875 0.6833328125 0.0875 0.6875 0.1015625 0.7083328125 0.1234375 0.725 0.1359375 0.7270828125000001 0.15 0.71875 0.1484375 0.7083328125 0.121875 0.66875 0.1125 0.6416671875 0.109375 0.6104171875 0.1125 0.5979171875 0.1125 0.5875 0.1109375 0.5895828125 0.1015625 0.59375 0.090625 0.6083328125
2 0.2578125 0.60625 0.2625 0.625 0.2609375 0.66875 0.253125 0.6875 0.2484375 0.69375 0.24375 0.7083328125 0.24375 0.7270828125000001 0.2484375 0.7333328125 0.2546875 0.7333328125 0.2703125 0.7145828125 0.2796875 0.7083328125 0.3015625 0.7 0.33125 0.6958328125000001 0.35 0.70625 0.3546875 0.7 0.359375 0.6854171874999999 0.359375 0.6645828125000001 0.35625 0.6583328125000001 0.34375 0.65625 0.334375 0.65 0.3203125 0.65 0.3140625 0.6458328125 0.3078125 0.6458328125 0.290625 0.6354171875 0.2734375 0.6166671874999999 0.2640625 0.5958328125000001 0.2625 0.5958328125000001 0.2578125 0.5979171875 0.2578125 0.60625
2 0.14375 0.5458328125 0.1171875 0.58125 0.115625 0.59375 0.1109375 0.6083328125 0.1140625 0.64375 0.1265625 0.675 0.1515625 0.7083328125 0.1578125 0.7125 0.1796875 0.71875 0.209375 0.71875 0.2203125 0.7145828125 0.2390625 0.7020828125 0.2546875 0.6791671874999999 0.2609375 0.6520828125 0.259375 0.6166671874999999 0.2546875 0.6020828125000001 0.2328125 0.5770828125 0.2078125 0.55625 0.171875 0.5354171875 0.1703125 0.5354171875 0.165625 0.5354171875 0.14375 0.5458328125
2 0.24375 0.33125 0.2265625 0.35 0.2203125 0.3625 0.215625 0.3791671875 0.215625 0.40833281250000003 0.21875 0.42291718749999996 0.225 0.4375 0.24375 0.46041718749999994 0.2609375 0.47291718749999995 0.2796875 0.47291718749999995 0.2859375 0.46875 0.3328125 0.41458281250000006 0.334375 0.41041718749999995 0.334375 0.3916671875 0.33125 0.3729171875 0.325 0.3625 0.296875 0.3479171875 0.2921875 0.3479171875 0.2875 0.34375 0.278125 0.3416671875 0.2734375 0.3375 0.26875 0.3375 0.2640625 0.3333328125 0.2625 0.3333328125 0.253125 0.3291671875 0.24375 0.33125
3 0.696875 0.7979171875 0.6421875 0.7979171875 0.6265625 0.8041671875 0.60625 0.8166671875 0.5921875 0.81875 0.590625 0.8229171875000001 0.609375 0.8333328124999999 0.6328125 0.85625 0.653125 0.8458328125 0.690625 0.8166671875 0.69375 0.8166671875 0.7078125 0.80625 0.703125 0.7979171875 0.7015625 0.7979171875 0.6984375 0.7958328125 0.696875 0.7979171875
3 0.5515625 0.7020828125 0.5328125 0.7020828125 0.51875 0.7083328125 0.50625 0.7104171874999999 0.4953125 0.7166671874999999 0.475 0.73125 0.4546875 0.75 0.4109375 0.8020828124999999 0.3875 0.8395828125 0.36875 0.88125 0.365625 0.9291671875 0.3609375 0.9520828124999999 0.3484375 0.98125 0.346875 0.9958328125 0.3484375 0.9979171875 0.4140625 0.9979171875 0.415625 0.99375 0.4078125 0.98125 0.39375 0.9395828125 0.3921875 0.9 0.39375 0.8979171875 0.39375 0.8833328125 0.4 0.8583328124999999 0.4140625 0.83125 0.428125 0.8125 0.45 0.7979171875 0.465625 0.7916671875 0.49375 0.79375 0.509375 0.8 0.5359375 0.8208328125 0.5453125 0.8208328125 0.5625 0.8145828125 0.5859375 0.8145828125 0.5875 0.8125 0.6140625 0.8104171875 0.6421875 0.79375 0.6640625 0.79375 0.66875 0.7916671875 0.6796875 0.7979171875 0.68125 0.7958328125 0.7 0.7958328125 0.7015625 0.79375 0.70625 0.7729171874999999 0.70625 0.7583328125000001 0.7015625 0.7520828125000001 0.696875 0.75 0.6671875 0.7520828125000001 0.665625 0.75 0.6375 0.75 0.5984375 0.7083328125 0.5828125 0.7020828125 0.56875 0.7020828125 0.5671875 0.7 0.565625 0.7020828125 0.553125 0.7 0.5515625 0.7020828125
3 0.4703125 0.3625 0.46875 0.3645828125 0.4578125 0.3645828125 0.4421875 0.3708328125 0.4265625 0.3729171875 0.415625 0.3791671875 0.4078125 0.3791671875 0.3984375 0.3854171875 0.39375 0.3854171875 0.3859375 0.3916671875 0.365625 0.4 0.359375 0.40625 0.35 0.40833281250000003 0.33125 0.42083281250000004 0.3109375 0.44375 0.3046875 0.4479171875 0.278125 0.48333281250000004 0.271875 0.49791718749999997 0.2640625 0.5083328125000001 0.25625 0.5291671874999999 0.25625 0.5416671875 0.2625 0.55 0.271875 0.5104171875 0.2828125 0.48333281250000004 0.296875 0.46666718749999997 0.3 0.46666718749999997 0.3109375 0.4583328125 0.3484375 0.46041718749999994 0.35 0.4583328125 0.3578125 0.4583328125 0.3640625 0.46041718749999994 0.3765625 0.47083281250000003 0.3921875 0.4895828125 0.396875 0.4895828125 0.40625 0.48333281250000004 0.4125 0.47291718749999995 0.434375 0.45208281250000004 0.4515625 0.44583281250000006 0.4703125 0.44583281250000006 0.4890625 0.45625 0.496875 0.46666718749999997 0.509375 0.47708281250000006 0.5234375 0.4791671875 0.5421875 0.4875 0.553125 0.48125 0.5640625 0.48125 0.5671875 0.4875 0.565625 0.4895828125 0.575 0.5020828125000001 0.58125 0.5020828125000001 0.5875 0.49583281250000005 0.590625 0.49791718749999997 0.5984375 0.49583281250000005 0.6 0.49791718749999997 0.615625 0.49791718749999997 0.6234375 0.49375 0.6265625 0.48333281250000004 0.625 0.47291718749999995 0.61875 0.46041718749999994 0.6046875 0.4479171875 0.5765625 0.43541718749999997 0.5703125 0.4270828125 0.5640625 0.40416718749999997 0.5515625 0.3833328125 0.5421875 0.375 0.51875 0.3645828125 0.5171875 0.3645828125 0.5125 0.3625 0.4703125 0.3625
4 0.559375 0.2541671875 0.5453125 0.2645828125 0.5359375 0.28125 0.53125 0.3 0.528125 0.3333328125 0.5265625 0.3354171875 0.5265625 0.35625 0.5296875 0.3645828125 0.546875 0.375 0.5640625 0.39375 0.575 0.39375 0.59375 0.38125 0.60625 0.3541671875 0.609375 0.3354171875 0.6109375 0.3104171875 0.609375 0.3083328125 0.6078125 0.2791671875 0.60625 0.2729171875 0.6015625 0.2666671875 0.5921875 0.2604171875 0.590625 0.2604171875 0.5765625 0.2541671875 0.559375 0.2541671875
5 0.5421875 0.8270828124999999 0.5421875 0.8333328124999999 0.553125 0.8583328124999999 0.55625 0.8708328125 0.559375 0.9083328125 0.5640625 0.9083328125 0.6140625 0.8729171875 0.628125 0.8604171875000001 0.628125 0.85625 0.6203125 0.8458328125 0.6078125 0.8333328124999999 0.5765625 0.81875 0.575 0.81875 0.553125 0.8208328125 0.5421875 0.8270828124999999
5 0.3140625 0.7 0.3125 0.7020828125 0.303125 0.7020828125 0.284375 0.7083328125 0.2703125 0.7166671874999999 0.2515625 0.74375 0.246875 0.7604171875 0.246875 0.7729171874999999 0.25 0.7854171875 0.25625 0.7958328125 0.296875 0.8 0.3109375 0.80625 0.3328125 0.8229171875000001 0.3515625 0.8479171875 0.365625 0.8770828125 0.3859375 0.8354171875 0.3875 0.8270828124999999 0.3875 0.7854171875 0.3828125 0.7645828125 0.3765625 0.7479171874999999 0.3671875 0.73125 0.3515625 0.7104171874999999 0.3375 0.7020828125 0.3359375 0.7020828125 0.334375 0.7 0.3140625 0.7
5 0.05625 0.40625 0.0421875 0.42291718749999996 0.0328125 0.44375 0.0296875 0.45625 0.0265625 0.49791718749999997 0.0296875 0.5166671875 0.0421875 0.5458328125 0.05625 0.5625 0.071875 0.575 0.0859375 0.58125 0.1046875 0.5833328125 0.1140625 0.5791671875 0.1328125 0.5520828125 0.14375 0.5416671875 0.15625 0.5354171875 0.159375 0.5291671874999999 0.1640625 0.5083328125000001 0.1640625 0.4625 0.1578125 0.44166718749999995 0.1515625 0.42916718749999994 0.134375 0.40625 0.1109375 0.39375 0.1015625 0.39375 0.1 0.3916671875 0.0984375 0.3916671875 0.0734375 0.3958328125 0.05625 0.40625
5 0.36875 0.3333328125 0.3421875 0.3583328125 0.334375 0.3729171875 0.334375 0.3916671875 0.3359375 0.39375 0.3359375 0.41041718749999995 0.3421875 0.4125 0.359375 0.4 0.4140625 0.375 0.415625 0.36875 0.4140625 0.3625 0.409375 0.3520828125 0.4078125 0.3416671875 0.403125 0.3354171875 0.4015625 0.3354171875 0.3953125 0.33125 0.36875 0.3333328125
1 0.6625 0.5333328125000001 0.6609375 0.5354171875 0.6328125 0.5354171875 0.609375 0.55 0.596875 0.56875 0.5921875 0.5854171874999999 0.590625 0.6125 0.5875 0.625 0.5875 0.6666671875 0.590625 0.6833328125 0.596875 0.7 0.615625 0.7229171875 0.6296875 0.7291671875 0.64375 0.7291671875 0.671875 0.74375 0.690625 0.74375 0.7015625 0.7354171875 0.715625 0.7166671874999999 0.7296875 0.6833328125 0.73125 0.65625 0.7296875 0.6541671874999999 0.7296875 0.6375 0.73125 0.6354171875 0.7328125 0.6125 0.728125 0.5895828125 0.71875 0.5708328125000001 0.7 0.54375 0.6890625 0.5354171875 0.6875 0.5354171875 0.6828125 0.5333328125000001 0.6625 0.5333328125000001
1 0.4390625 0.45208281250000004 0.4265625 0.46041718749999994 0.396875 0.49583281250000005 0.396875 0.5020828125000001 0.4046875 0.5270828125 0.4109375 0.5708328125000001 0.425 0.5958328125000001 0.434375 0.6 0.4390625 0.5791671875 0.4390625 0.5666671875 0.45 0.5375 0.4515625 0.525 0.4578125 0.5104171875 0.46875 0.49583281250000005 0.4796875 0.4875 0.5015625 0.48125 0.5015625 0.475 0.4921875 0.4625 0.4796875 0.45208281250000004 0.465625 0.4479171875 0.4640625 0.4479171875 0.453125 0.4479171875 0.4390625 0.45208281250000004
1 0.3140625 0.46041718749999994 0.2984375 0.46875 0.2890625 0.4791671875 0.2875 0.48541718749999996 0.28125 0.49375 0.28125 0.49791718749999997 0.2765625 0.5041671875 0.2640625 0.5541671874999999 0.2640625 0.5854171874999999 0.275 0.6166671874999999 0.278125 0.6208328125 0.2859375 0.6291671875 0.3109375 0.64375 0.334375 0.6458328125 0.3546875 0.6375 0.3765625 0.6229171874999999 0.38125 0.6166671874999999 0.384375 0.6166671874999999 0.396875 0.6 0.403125 0.58125 0.403125 0.5354171875 0.4015625 0.5333328125000001 0.4015625 0.5229171874999999 0.39375 0.49583281250000005 0.3796875 0.47708281250000006 0.3640625 0.46458281250000005 0.3625 0.46458281250000005 0.3609375 0.4625 0.3140625 0.46041718749999994
1 0.428125 0.25 0.4140625 0.2770828125 0.4078125 0.3020828125 0.40625 0.33125 0.4140625 0.3604171875 0.41875 0.36875 0.440625 0.36875 0.4484375 0.3645828125 0.4671875 0.3625 0.46875 0.3604171875 0.515625 0.3604171875 0.521875 0.3541671875 0.5234375 0.3458328125 0.525 0.3083328125 0.5234375 0.30625 0.5234375 0.2958328125 0.5203125 0.2791671875 0.5109375 0.2583328125 0.4984375 0.2416671875 0.4921875 0.2375 0.4625 0.2270828125 0.4609375 0.2270828125 0.4453125 0.23125 0.428125 0.25
0 0.8078125 0.5416671875 0.790625 0.54375 0.7609375 0.5645828125000001 0.746875 0.5875 0.7375 0.61875 0.7359375 0.6270828125000001 0.7359375 0.675 0.746875 0.7166671874999999 0.7609375 0.7375 0.775 0.7479171874999999 0.7828125 0.7479171874999999 0.890625 0.675 0.9046875 0.6604171875 0.903125 0.625 0.8875 0.5895828125 0.8703125 0.5666671875 0.859375 0.55625 0.84375 0.5458328125 0.825 0.5395828125000001 0.8234375 0.5395828125000001 0.809375 0.5395828125000001 0.8078125 0.5416671875
0 0.1859375 0.43333281250000005 0.165625 0.45208281250000004 0.1671875 0.5 0.1640625 0.5145828125 0.1640625 0.53125 0.18125 0.5354171875 0.184375 0.5395828125000001 0.1875 0.5395828125000001 0.190625 0.54375 0.196875 0.5458328125 0.2 0.55 0.2203125 0.5625 0.2375 0.5791671875 0.246875 0.5791671875 0.2578125 0.5708328125000001 0.2609375 0.5645828125000001 0.2609375 0.55625 0.25625 0.55 0.253125 0.5395828125000001 0.253125 0.5291671874999999 0.259375 0.5125 0.2703125 0.49375 0.2703125 0.48541718749999996 0.26875 0.48125 0.253125 0.47291718749999995 0.24375 0.46458281250000005 0.2171875 0.4270828125 0.2109375 0.425 0.209375 0.425 0.1984375 0.4270828125 0.1859375 0.43333281250000005
0 0.596875 0.50625 0.596875 0.5208328125 0.6125 0.5375 0.6875 0.53125 0.7109375 0.5041671875 0.7234375 0.47083281250000003 0.71875 0.4125 0.7 0.38125 0.6828125 0.36875 0.628125 0.375 0.5859375 0.41875 0.5828125 0.43333281250000005 0.615625 0.45416718749999996 0.628125 0.4895828125 0.596875 0.50625
0 0.5046875 0.69375 0.5328125 0.69375 0.55625 0.6854171874999999 0.5765625 0.6645828125000001 0.5859375 0.5541671874999999 0.5671875 0.5145828125 0.540625 0.49583281250000005 0.5203125 0.48541718749999996 0.471875 0.49583281250000005 0.4546875 0.5208328125 0.440625 0.5708328125000001 0.4375 0.61875 0.4484375 0.6541671874999999 0.46875 0.6770828125 0.5046875 0.69375
0 0.4140625 0.7958328125 0.465625 0.7354171875 0.50625 0.70625 0.4546875 0.6666671875 0.434375 0.61875 0.396875 0.6333328125000001 0.36875 0.6895828125000001 0.3671875 0.725 0.390625 0.7833328125000001 0.4046875 0.7979171875 0.4140625 0.7958328125
1 0.5578125 0.90625 0.5515625 0.8604171875000001 0.5375 0.8270828124999999 0.5078125 0.8020828124999999 0.4890625 0.7958328125 0.45625 0.7979171875 0.4265625 0.81875 0.403125 0.85625 0.39375 0.9020828125 0.396875 0.9458328125 0.4203125 0.9979171875 0.4375 0.9979171875 0.5578125 0.90625
1 0.146875 0.9270828124999999 0.1640625 0.9270828124999999 0.1901046875 0.8486109374999999 0.2078125 0.8270828124999999 0.25 0.8 0.25 0.7895828125000001 0.2203125 0.7375 0.19375 0.725 0.171875 0.725 0.1234375 0.7541671875 0.1 0.8020828124999999 0.1 0.84375 0.1109375 0.8875 0.1328125 0.9166671875000001 0.146875 0.9270828124999999
