2 0.6780453125 0.3908859375 0.684640625 0.383509375 0.6874234375 0.36805781249999997 0.7036781249999999 0.3316171875 0.7141796874999999 0.28384375 0.70024375 0.26883124999999997 0.673678125 0.2561 0.6572375 0.25030312499999996 0.6302515625 0.24692656249999997 0.6070765625 0.251625 0.5770953125 0.26837656249999997 0.5659875000000001 0.28326875 0.5590421875 0.298440625 0.558971875 0.3 0.556046875 0.31856874999999996 0.557778125 0.3265046875 0.5675515625 0.3412359375 0.5674109374999999 0.3443546875 0.5873109375000001 0.366021875 0.6033999999999999 0.3796140625 0.6135953125 0.38499062500000003 0.6424531250000001 0.3931859375 0.661184375 0.39444375 0.6780453125 0.3908859375
2 0.6014734374999999 0.607809375 0.6059171875 0.6018515625 0.61314375 0.5804437499999999 0.6313390625 0.5472609375 0.64343125 0.510540625 0.64378125 0.5027453125 0.600846875 0.4826578125 0.592521875 0.48209843750000003 0.5798234375 0.4859359375 0.5712171875000001 0.49161406249999995 0.547971875 0.49787187499999996 0.539296875 0.5051078125 0.5325609375 0.5156015625 0.532490625 0.5171609375 0.5301984375 0.5216984375 0.528303125 0.5637953125 0.5303140625 0.5654953125 0.5315531250000001 0.58434375 0.5373046875 0.595678125 0.5594265625 0.6143671875 0.5696921875000001 0.618184375 0.5945984375 0.621421875 0.6011921874999999 0.6140453124999999 0.6014734374999999 0.607809375
2 0.4949515625 0.6553859375 0.5016875 0.6448921875 0.5018984375 0.6402140625 0.5107140625000001 0.629859375 0.5109953125 0.6236234375 0.5051734375 0.6138484375 0.48097031250000005 0.5950203125 0.4603671875 0.58894375 0.43331093750000005 0.5871265625000001 0.412146875 0.5935234375 0.3970859375 0.6034578125000001 0.38749687499999996 0.6309640625 0.3874265625 0.632521875 0.3885953125 0.65293125 0.392196875 0.665684375 0.3980890625 0.6738999999999999 0.4204921875 0.6863515625 0.4328390625 0.690309375 0.4556625 0.69340625 0.4788375 0.688709375 0.4895953125 0.6816125000000001 0.4900875 0.6706984375 0.4949515625 0.6553859375
3 0.5145515625 0.591021875 0.52933125 0.5873234375 0.52968125 0.5795265625 0.5243515624999999 0.5588390624999999 0.5202578124999999 0.557 0.4807140625 0.5543421875 0.4621234375 0.549965625 0.441590625 0.5423296875 0.4254328125 0.530296875 0.40997500000000003 0.5026734375 0.4087375 0.4838234375 0.38044218750000003 0.46315625000000005 0.37461875 0.45338124999999996 0.370878125 0.443746875 0.37136874999999997 0.43283281249999994 0.3782453125 0.41922031249999997 0.378665625 0.409865625 0.375065625 0.3971125 0.36723125 0.3856390625 0.35717656249999996 0.37714375 0.3474015625 0.36241249999999997 0.33991875 0.3431421875 0.338540625 0.3274109375 0.3285546875 0.3173578125 0.3202296875 0.31679843750000003 0.3159265625 0.3196359375 0.31134375 0.3287109375 0.31078125 0.341184375 0.317771875 0.37136874999999997 0.31735156249999996 0.38072343750000004 0.3128375 0.3882390625 0.302009375 0.3968953125 0.3019390625 0.39845312499999996 0.29964843750000003 0.402990625 0.2983140625 0.43261562500000006 0.31313749999999996 0.474271875 0.33268749999999997 0.503734375 0.3645125 0.5387140625 0.3846234375 0.5557046875 0.42533750000000003 0.5787703125 0.4707734375 0.58964375 0.50615625 0.5920203125 0.5145515625 0.591021875
4 0.573559375 0.3932484375 0.5868203125 0.3769359375 0.587171875 0.369140625 0.56331875 0.342515625 0.5537546875 0.32310625000000004 0.5523765625 0.307375 0.5441921875 0.3036984375 0.523378125 0.3023 0.4918078125 0.307996875 0.47674843750000007 0.3179328125 0.457103125 0.3369421875 0.45703281249999994 0.33850156249999996 0.452309375 0.35069531249999997 0.4515359375 0.36784531249999997 0.46109999999999995 0.38725468749999997 0.47718906250000004 0.40084687499999994 0.4893953125 0.407921875 0.509928125 0.4155578125 0.524496875 0.41653593750000006 0.53504375 0.41411718750000004 0.5649546875 0.39892500000000003 0.573559375 0.3932484375
5 0.5606859375 0.7254859375 0.56583125 0.7039375 0.5751390625 0.68266875 0.575490625 0.6748734375 0.580003125 0.6673578124999999 0.580425 0.6580015625 0.5784140625 0.656303125 0.5617640625 0.6551843749999999 0.5280421875 0.6623015624999999 0.5087484375 0.6735156250000001 0.49785 0.68373125 0.48653124999999997 0.7033 0.48646093749999997 0.7048593750000001 0.48367812499999996 0.7203109375000001 0.4856890625 0.7220109375 0.4849859375 0.7376015625 0.49246875 0.7568703125 0.5064062500000001 0.7718828125 0.522634375 0.7823562500000001 0.5329015625 0.7861734375 0.5417171875 0.77581875 0.54679375 0.7558296875 0.5606859375 0.7254859375
5 0.643903125 0.4073578125 0.6588921875 0.39898125 0.6527890625 0.39544375 0.627884375 0.39220625 0.61761875 0.3883890625 0.597296875 0.3760765625 0.5889015625 0.3770765625 0.5800140625 0.38899062500000003 0.57994375 0.3905484375 0.5755015625000001 0.39650625 0.5743078125000001 0.42301093749999996 0.5780484375 0.43264531249999993 0.5838703125 0.4424203125 0.6019 0.4592703125 0.6182703125 0.4666265625 0.6224328125 0.46690624999999997 0.6236265624999999 0.4404 0.6307125 0.42210937499999995 0.643903125 0.4073578125
5 0.41500000000000004 0.5765125 0.3906578125 0.5608015625 0.3844125 0.5603828125 0.3715046875 0.5688984375 0.36233593750000004 0.5870484375 0.362265625 0.5886078125 0.361775 0.599521875 0.369328125 0.61723125 0.38139375000000003 0.627425 0.38555625 0.6277046875 0.3882 0.615371875 0.39937812500000003 0.5989203125 0.41860156249999997 0.589265625 0.43546250000000003 0.58570625 0.4355328125 0.584146875 0.41500000000000004 0.5765125
1 0.4694 0.434728125 0.49645625000000004 0.436546875 0.502771875 0.43540625000000005 0.5050625 0.43086874999999997 0.4933484375 0.4128796875 0.47094531249999994 0.4004265625 0.4647015625 0.4000078125 0.44145625 0.40626562499999996 0.4060734375 0.4038875 0.39975937500000003 0.40502656249999996 0.3825484375 0.41638125 0.3758125 0.426875 0.3757421875 0.428434375 0.3731 0.44076875 0.3751109375 0.44246718749999997 0.374759375 0.4502625 0.38058125 0.4600375 0.392578125 0.471790625 0.408946875 0.47914531250000003 0.4137421875 0.46539374999999994 0.43130468750000006 0.44624375 0.456771875 0.4370078125 0.4694 0.434728125
1 0.3783796875 0.5552859375 0.3305359375 0.5051546874999999 0.316809375 0.48546562499999996 0.2959265625 0.48562656249999997 0.283228125 0.4894640625 0.255328125 0.50635625 0.24644218750000002 0.5182703125 0.246371875 0.5198296874999999 0.24503750000000002 0.549453125 0.250859375 0.5592265624999999 0.268959375 0.57451875 0.287340625 0.5835734375 0.3205703125 0.5873703124999999 0.3373609375 0.5853703125 0.350059375 0.58153125 0.36505 0.57315625 0.3782390625 0.558403125 0.3783796875 0.5552859375
1 0.524771875 0.549484375 0.5282578124999999 0.518440625 0.5328421875 0.509365625 0.5394359375 0.5019890625000001 0.5523453125 0.49347343749999995 0.5671953125 0.48821562500000004 0.5676875 0.4773015625 0.559853125 0.465828125 0.5478578125 0.454075 0.5274656249999999 0.443321875 0.5130375 0.439225 0.47349218750000005 0.4365671875 0.45878281249999997 0.43870624999999996 0.43761875000000006 0.445103125 0.42686250000000003 0.45220000000000005 0.415753125 0.46709218750000003 0.41102812499999997 0.4792859375 0.413040625 0.48098437499999996 0.41406875000000004 0.5045124999999999 0.4238421875 0.51924375 0.42557343750000004 0.5271796875 0.43965 0.539071875 0.44984531250000004 0.5444484375 0.47252968749999996 0.5506640625 0.505759375 0.5544609375 0.5079109374999999 0.5530421875 0.5183171875 0.5537421874999999 0.524771875 0.549484375
1 0.6799859374999999 0.39414375 0.6716609375 0.393584375 0.6545890625 0.40182031250000005 0.6438328125 0.4089171875 0.630571875 0.425228125 0.6305015625 0.4267875 0.625778125 0.43898125 0.624584375 0.4654859375 0.6343578125 0.48021874999999997 0.646425 0.4904125 0.6505875 0.4906921875 0.6558734375 0.46602499999999997 0.6676140625 0.43710000000000004 0.6729 0.412434375 0.6796359375 0.4019390625 0.6799859374999999 0.39414375
0 0.424790625 0.17369375 0.422990625 0.1673171875 0.42521250000000005 0.1643375 0.41988125 0.14365 0.411978125 0.13373593749999999 0.3878453125 0.113346875 0.3672421875 0.10727187499999999 0.3256875 0.102915625 0.3235359375 0.10433437500000001 0.3110484375 0.10349531249999999 0.29835 0.1073328125 0.28335937499999997 0.115709375 0.2743328125 0.1307421875 0.27426249999999996 0.1323 0.2706359375 0.1664625 0.2762484375 0.1809140625 0.29621718750000003 0.201021875 0.32694531250000003 0.214034375 0.3331890625 0.214453125 0.34825 0.20451875 0.367403125 0.196421875 0.392659375 0.19186406250000002 0.4156234375 0.19184375 0.424790625 0.17369375
0 0.4391046875 0.13399375 0.42425468750000006 0.13925156249999998 0.42369375 0.151725 0.427434375 0.161359375 0.4265921875 0.18006875 0.42207812499999997 0.18758593750000002 0.42408906249999995 0.189284375 0.4258890625 0.1956609375 0.46473125 0.21390937499999998 0.48638750000000003 0.1965984375 0.4869484375 0.184125 0.49174375000000003 0.170371875 0.5050734375 0.1525015625 0.5052140625 0.14938437499999999 0.5011921874999999 0.1459859375 0.4683125 0.13439375 0.4391046875 0.13399375
0 0.530740625 0.41695625 0.5077765624999999 0.41697656250000004 0.501603125 0.4149984375 0.4994515625 0.4164171875 0.5014624999999999 0.41811718750000004 0.501321875 0.42123437499999994 0.51130625 0.4312890625 0.5398125 0.4472796875 0.578725 0.46396875 0.5871203125 0.46296875000000004 0.593715625 0.4555921875 0.5857421875 0.44723750000000007 0.5740968750000001 0.4276890625 0.5734203124999999 0.396365625 0.530740625 0.41695625
0 0.5531125 0.6155062499999999 0.5235531250000001 0.622903125 0.5127953125 0.63 0.5061312499999999 0.6389359375 0.5060609375 0.64049375 0.4946 0.6631828125 0.493828125 0.6803328125 0.49792031249999996 0.682171875 0.50881875 0.67195625 0.5259609375000001 0.6621625 0.5597531250000001 0.6534859375 0.5804953125 0.65644375 0.589521875 0.6414109375 0.5944578125 0.6245406250000001 0.5531125 0.6155062499999999
0 0.4352828125 0.40428593749999997 0.44999218750000003 0.402146875 0.46484218750000006 0.3968890625 0.4649828125 0.3937703125 0.4511859375 0.375640625 0.4477953125 0.3582109375 0.45731406249999995 0.332265625 0.4789703125 0.314953125 0.48348281249999997 0.3074375 0.46545312499999997 0.2905875 0.449084375 0.2832328125 0.43257500000000004 0.2789953125 0.41800625 0.278015625 0.3969828125 0.2812953125 0.3693640625 0.29195000000000004 0.3585359375 0.30060625 0.3473578125 0.31705625 0.3472875 0.31861562499999996 0.34284375 0.3245734375 0.3440125 0.34498125 0.34789375 0.3514984375 0.3476828125 0.356175 0.3632796875 0.38068124999999997 0.38144999999999996 0.3944140625 0.39587812499999997 0.3985109375 0.406284375 0.399209375 0.41655 0.40302812499999996 0.4352828125 0.40428593749999997
0 0.308559375 0.3441640625 0.31169375 0.320915625 0.31821875 0.3150984375 0.3245328125 0.313959375 0.3408328125 0.3228734375 0.351940625 0.30798125 0.3522921875 0.3001859375 0.34618906250000003 0.2966484375 0.30248125 0.2937109375 0.2920046875 0.2945703125 0.2707703125 0.302528125 0.25987343749999997 0.3127421875 0.2531375 0.3232359375 0.2530671875 0.3247953125 0.25042343749999996 0.3371296875 0.2521546875 0.3450640625 0.2677515625 0.3695703125 0.28384062499999996 0.38316249999999996 0.2961171875 0.3886796875 0.3065234375 0.389378125 0.31534062500000004 0.3790234375 0.31015000000000004 0.3552171875 0.3105703125 0.3458625 0.308559375 0.3441640625
1 0.5751546875 0.2651171875 0.6646062500000001 0.22577656250000003 0.6823796875 0.20194843750000002 0.679059375 0.18295937499999998 0.5745984375 0.1384078125 0.5537859375 0.13700937500000002 0.51999375 0.1456859375 0.49826875 0.16455625000000002 0.4882578125 0.20141562500000001 0.5033640625 0.23683593749999998 0.53568125 0.2609015625 0.5751546875 0.2651171875
3 0.525415625 0.257084375 0.4894265625 0.221825 0.472425 0.22850156250000003 0.45832187500000005 0.263521875 0.4920890625 0.3017609375 0.5547390625 0.301278125 0.575084375 0.2666765625 0.5500390625 0.2665578125 0.525415625 0.257084375
1 0.3586765625 0.2974875 0.3970515625 0.27973593750000003 0.45575 0.274296875 0.4661109375 0.229640625 0.46042812499999997 0.2167484375 0.4113203125 0.19468125 0.36941406250000003 0.198121875 0.3502609375 0.2062171875 0.328746875 0.2204109375 0.31950781250000004 0.2401203125 0.3384953125 0.28205625 0.3586765625 0.2974875
