2 0.0 0.99375 0.015625 0.9958328125 0.0171875 0.9979171875 0.1546875 0.9979171875 0.171875 0.9645828125 0.175 0.9520828124999999 0.175 0.9270828124999999 0.1671875 0.8958328124999999 0.159375 0.8770828125 0.1453125 0.85625 0.1171875 0.8354171875 0.090625 0.825 0.0890625 0.825 0.0640625 0.8270828124999999 0.0421875 0.8333328124999999 0.021875 0.8479171875 0.0 0.8729171875 0.0 0.9395828125 0.003125 0.9416671875 0.0 0.9458328125 0.0 0.99375
2 0.2015625 0.6 0.203125 0.6083328125 0.2 0.6270828125000001 0.1859375 0.65625 0.1890625 0.68125 0.1921875 0.6895828125000001 0.1984375 0.6958328125000001 0.2046875 0.69375 0.2328125 0.69375 0.2390625 0.6958328125000001 0.2578125 0.7083328125 0.2703125 0.7229171875 0.278125 0.725 0.2859375 0.71875 0.296875 0.6875 0.321875 0.6479171874999999 0.31875 0.64375 0.3125 0.64375 0.3 0.65 0.2609375 0.65 0.2453125 0.64375 0.2296875 0.63125 0.2140625 0.6104171875 0.209375 0.6 0.20625 0.5854171874999999 0.203125 0.5854171874999999 0.203125 0.5875 0.2015625 0.5895828125 0.2015625 0.6
2 0.090625 0.49791718749999997 0.0796875 0.5083328125000001 0.0671875 0.525 0.059375 0.5395828125000001 0.0546875 0.5645828125000001 0.0546875 0.5958328125000001 0.059375 0.6208328125 0.065625 0.6375 0.0859375 0.6645828125000001 0.109375 0.6791671874999999 0.1421875 0.68125 0.14375 0.6791671874999999 0.1515625 0.6791671874999999 0.1625 0.6729171875 0.178125 0.6604171875 0.1890625 0.6458328125 0.2 0.6145828125 0.1984375 0.5875 0.2015625 0.5791671875 0.2015625 0.5729171875 0.2 0.5708328125000001 0.1984375 0.5458328125 0.1921875 0.5291671874999999 0.1703125 0.5041671875 0.1421875 0.4895828125 0.140625 0.4895828125 0.103125 0.49166718749999994 0.090625 0.49791718749999997
2 0.26875 0.26875 0.2484375 0.28125 0.2390625 0.2916671875 0.2328125 0.3041671875 0.228125 0.31875 0.228125 0.33125 0.2265625 0.3333328125 0.2265625 0.3520828125 0.2296875 0.3645828125 0.240625 0.3875 0.25 0.4 0.2671875 0.41458281250000006 0.2859375 0.42083281250000004 0.3 0.4125 0.3125 0.4 0.33125 0.3895828125 0.334375 0.3854171875 0.3546875 0.375 0.359375 0.3645828125 0.359375 0.33125 0.3515625 0.3083328125 0.3375 0.29375 0.31875 0.28125 0.3 0.2729171875 0.2984375 0.2729171875 0.2859375 0.26875 0.26875 0.26875
3 0.33125 0.8208328125 0.3234375 0.8270828124999999 0.31875 0.8270828124999999 0.284375 0.85 0.25 0.8770828125 0.2125 0.9145828125 0.2078125 0.925 0.2171875 0.91875 0.2390625 0.9104171875 0.2671875 0.9083328125 0.26875 0.9104171875 0.2765625 0.9104171875 0.296875 0.9229171875000001 0.3171875 0.9416671875 0.33125 0.9604171875 0.3375 0.9604171875 0.359375 0.9479171875000001 0.3734375 0.94375 0.39375 0.9416671875 0.3953125 0.94375 0.409375 0.94375 0.4421875 0.9520828124999999 0.4546875 0.9583328124999999 0.4984375 0.9979171875 0.6109375 0.9979171875 0.6125 0.9916671875 0.6015625 0.9666671875 0.6015625 0.9583328124999999 0.6125 0.9375 0.6125 0.9291671875 0.609375 0.925 0.5953125 0.9229171875000001 0.5875 0.9270828124999999 0.571875 0.9270828124999999 0.55625 0.9208328124999999 0.5328125 0.9166671875000001 0.49375 0.8791671875 0.484375 0.8666671875 0.4703125 0.8291671875000001 0.465625 0.8229171875000001 0.4484375 0.8145828125 0.41875 0.80625 0.4171875 0.80625 0.36875 0.80625 0.33125 0.8208328125
3 0.4109375 0.3625 0.409375 0.3645828125 0.36875 0.3729171875 0.3359375 0.3875 0.3140625 0.40208281250000005 0.2828125 0.42916718749999994 0.278125 0.4375 0.2890625 0.44375 0.30625 0.44583281250000006 0.3234375 0.45208281250000004 0.340625 0.47291718749999995 0.3484375 0.49166718749999994 0.35625 0.49166718749999994 0.371875 0.48541718749999996 0.3953125 0.46666718749999997 0.40625 0.4625 0.4265625 0.46041718749999994 0.428125 0.4625 0.4453125 0.46458281250000005 0.4640625 0.47708281250000006 0.5109375 0.5375 0.5203125 0.5395828125000001 0.5421875 0.58125 0.5546875 0.5895828125 0.5734375 0.5916671874999999 0.5796875 0.5875 0.5796875 0.5729171875 0.5734375 0.5520828125 0.5546875 0.5145828125 0.55625 0.5041671875 0.5609375 0.49583281250000005 0.5609375 0.47708281250000006 0.55625 0.46458281250000005 0.55625 0.45625 0.5421875 0.42291718749999996 0.5421875 0.41875 0.5328125 0.4 0.515625 0.3791671875 0.4921875 0.3666671875 0.490625 0.3666671875 0.475 0.3625 0.4109375 0.3625
4 0.6140625 0.25 0.6078125 0.2520828125 0.5828125 0.2708328125 0.5671875 0.2979171875 0.5578125 0.3354171875 0.5578125 0.3708328125 0.5609375 0.3833328125 0.5875 0.42083281250000004 0.6 0.42083281250000004 0.61875 0.41458281250000006 0.628125 0.41458281250000006 0.6359375 0.41041718749999995 0.65 0.3895828125 0.6578125 0.3708328125 0.659375 0.3458328125 0.6640625 0.325 0.6640625 0.3 0.665625 0.2958328125 0.6640625 0.29375 0.6640625 0.2833328125 0.659375 0.275 0.6375 0.2520828125 0.6359375 0.2520828125 0.634375 0.25 0.6140625 0.25
5 0.3640625 0.95 0.334375 0.96875 0.3375 0.9979171875 0.425 0.9979171875 0.4328125 0.9958328125 0.434375 0.9979171875 0.478125 0.9979171875 0.4796875 0.99375 0.4734375 0.98125 0.459375 0.9645828125 0.4390625 0.9541671875000001 0.4203125 0.9520828124999999 0.4015625 0.9458328125 0.4 0.9458328125 0.3796875 0.9458328125 0.3640625 0.95
5 0.2078125 0.6958328125000001 0.1828125 0.7041671875 0.1625 0.7229171875 0.153125 0.7375 0.140625 0.775 0.1390625 0.83125 0.1421875 0.8479171875 0.159375 0.8708328125 0.1703125 0.8979171875 0.1765625 0.90625 0.1921875 0.9145828125 0.20625 0.9145828125 0.253125 0.8708328125 0.2734375 0.85625 0.28125 0.8479171875 0.2859375 0.8333328124999999 0.2859375 0.7958328125 0.284375 0.79375 0.284375 0.7791671874999999 0.2796875 0.7479171874999999 0.2703125 0.7270828125000001 0.259375 0.7125 0.24375 0.7020828125 0.2421875 0.7020828125 0.228125 0.6958328125000001 0.2078125 0.6958328125000001
5 0.05625 0.33125 0.046875 0.3479171875 0.0359375 0.3958328125 0.0375 0.425 0.0421875 0.44375 0.0515625 0.4625 0.059375 0.47291718749999995 0.078125 0.4875 0.0875 0.49166718749999994 0.096875 0.49166718749999994 0.1125 0.48541718749999996 0.13125 0.48541718749999996 0.1421875 0.4791671875 0.1546875 0.46458281250000005 0.1625 0.45 0.1703125 0.41458281250000006 0.171875 0.3854171875 0.16875 0.36875 0.1609375 0.3479171875 0.14375 0.325 0.13125 0.3166671875 0.115625 0.3104171875 0.1140625 0.3104171875 0.0828125 0.3125 0.05625 0.33125
5 0.44375 0.2875 0.3609375 0.2875 0.3609375 0.375 0.44375 0.375 0.44375 0.2875
1 0.24375 0.45208281250000004 0.221875 0.4791671875 0.2046875 0.5229171874999999 0.2015625 0.54375 0.203125 0.5458328125 0.2046875 0.5770828125 0.2140625 0.60625 0.221875 0.6208328125 0.23125 0.63125 0.2484375 0.64375 0.2546875 0.64375 0.2625 0.6479171874999999 0.2875 0.6479171874999999 0.315625 0.6375 0.3234375 0.6291671875 0.33125 0.625 0.353125 0.5770828125 0.3515625 0.5395828125000001 0.353125 0.5375 0.353125 0.5229171874999999 0.3484375 0.5 0.3390625 0.475 0.33125 0.4625 0.315625 0.45208281250000004 0.2875 0.44583281250000006 0.2796875 0.44166718749999995 0.278125 0.44166718749999995 0.2671875 0.44166718749999995 0.24375 0.45208281250000004
1 0.484375 0.1979171875 0.465625 0.2125 0.4515625 0.23125 0.4421875 0.25 0.434375 0.2770828125 0.4328125 0.30625 0.434375 0.3083328125 0.434375 0.325 0.4375 0.3333328125 0.4375 0.3395828125 0.4453125 0.35625 0.4484375 0.3583328125 0.46875 0.3583328125 0.4703125 0.3604171875 0.490625 0.3625 0.5109375 0.3729171875 0.528125 0.3854171875 0.534375 0.3854171875 0.553125 0.36875 0.55625 0.3479171875 0.55625 0.33125 0.5609375 0.3166671875 0.5609375 0.3104171875 0.571875 0.2791671875 0.565625 0.2541671875 0.553125 0.2375 0.5484375 0.2270828125 0.540625 0.2166671875 0.5171875 0.2020828125 0.515625 0.2020828125 0.5078125 0.1958328125 0.484375 0.1979171875
0 0.6765625 0.7645828125 0.6640625 0.7729171874999999 0.6390625 0.8041671875 0.6265625 0.8270828124999999 0.61875 0.85625 0.61875 0.86875 0.615625 0.8833328125 0.615625 0.9104171875 0.6140625 0.9125 0.615625 0.9270828124999999 0.61875 0.9354171875 0.621875 0.9770828125 0.625 0.9833328124999999 0.625 0.99375 0.628125 0.9979171875 0.7890625 0.9979171875 0.8 0.99375 0.8109375 0.99375 0.815625 0.9895828124999999 0.8234375 0.9770828125 0.83125 0.9583328124999999 0.8328125 0.95 0.8328125 0.9 0.83125 0.8979171875 0.8296875 0.8729171875 0.825 0.8625 0.825 0.85625 0.81875 0.8354171875 0.809375 0.8145828125 0.803125 0.8020828124999999 0.7890625 0.7833328125000001 0.771875 0.76875 0.7375 0.7541671875 0.7359375 0.7541671875 0.70625 0.7541671875 0.6765625 0.7645828125
0 0.225 0.35625 0.2140625 0.35625 0.1921875 0.3666671875 0.175 0.3895828125 0.1703125 0.42916718749999994 0.1609375 0.4625 0.1671875 0.48333281250000004 0.18125 0.5083328125000001 0.1890625 0.5145828125 0.203125 0.51875 0.2203125 0.47708281250000006 0.2359375 0.45625 0.2484375 0.44583281250000006 0.2734375 0.4375 0.28125 0.425 0.265625 0.4166671875 0.2546875 0.40625 0.253125 0.40625 0.234375 0.38125 0.225 0.35625
0 0.5796875 0.6125 0.60625 0.6458328125 0.6359375 0.6520828125 0.671875 0.64375 0.709375 0.6166671874999999 0.73125 0.5791671875 0.7296875 0.53125 0.71875 0.47708281250000006 0.709375 0.4583328125 0.6890625 0.44375 0.6265625 0.44375 0.603125 0.45416718749999996 0.575 0.4791671875 0.5609375 0.5041671875 0.559375 0.51875 0.5828125 0.5770828125 0.5765625 0.59375 0.5796875 0.6125
0 0.421875 0.7895828125000001 0.4703125 0.7770828125 0.4796875 0.7333328125 0.5140625 0.6604171875 0.503125 0.6104171875 0.465625 0.5645828125000001 0.428125 0.5458328125 0.390625 0.55 0.3625 0.5708328125000001 0.33125 0.6375 0.328125 0.6895828125000001 0.346875 0.7333328125 0.3734375 0.76875 0.421875 0.7895828125000001
1 0.5703125 0.9229171875000001 0.6078125 0.9145828125 0.6265625 0.8208328125 0.6625 0.7708328125 0.6484375 0.7208328125000001 0.634375 0.7 0.5625 0.6583328125000001 0.521875 0.6666671875 0.503125 0.6875 0.4890625 0.7125 0.4734375 0.7645828125 0.471875 0.8208328125 0.4859375 0.8645828124999999 0.53125 0.9125 0.5703125 0.9229171875000001
1 0.703125 0.7520828125000001 0.7515625 0.7541671875 0.7546875 0.7479171874999999 0.746875 0.6854171874999999 0.7203125 0.6479171874999999 0.684375 0.6395828125 0.6234375 0.6583328125000001 0.6125 0.66875 0.609375 0.6770828125 0.65 0.7208328125000001 0.6609375 0.7708328125 0.703125 0.7520828125000001
1 0.0 0.8625 0.0515625 0.8270828124999999 0.09375 0.8229171875000001 0.125 0.83125 0.134375 0.80625 0.1375 0.7645828125 0.1265625 0.7291671875 0.1125 0.7104171874999999 0.08125 0.69375 0.0609375 0.69375 0.0125 0.7166671874999999 0.0 0.7291671875 0.0 0.8625
