2 0.523865625 0.92960625 0.5287843750000001 0.9399890624999999 0.5336109375 0.946203125 0.550984375 0.954409375 0.563715625 0.9647343749999999 0.5747453124999999 0.96881875 0.5903703124999999 0.968703125 0.6119671875 0.9560421874999999 0.6332875 0.9308796875 0.643715625 0.90788125 0.64945625 0.88491875 0.65023125 0.8494906249999999 0.6468281250000001 0.8370140625 0.6289 0.8038078125 0.6082640625 0.7893749999999999 0.6067015625 0.7893859375 0.6019671875 0.7873375 0.5816546875 0.7874890625 0.56460625 0.793865625 0.5492125 0.8043984375000001 0.5324890625 0.825359375 0.525 0.8400000000000001 0.5191671875 0.858796875 0.519490625 0.8733796875 0.5245484375 0.8900109374999999 0.523865625 0.92960625
2 0.28054375 0.7397109375 0.271678125 0.7626968749999999 0.27108750000000004 0.8064578125 0.2759609375 0.81475625 0.2795015625 0.8334843749999999 0.28616874999999997 0.8521875 0.3022109375 0.8708218750000001 0.3132875 0.876990625 0.317975 0.8769562499999999 0.3243171875 0.8810765625 0.35400468749999997 0.8808562500000001 0.378865625 0.874421875 0.40657343749999997 0.8554625 0.41865781249999995 0.8366203125 0.43170156249999997 0.7906828124999999 0.4314703125 0.780265625 0.42480312500000006 0.7615624999999999 0.4195609375 0.736596875 0.414640625 0.726215625 0.4034265625 0.713796875 0.382928125 0.7056140625 0.38136562500000004 0.7056250000000001 0.362615625 0.7057640625 0.35944375 0.703703125 0.35792812500000004 0.7057984375 0.35011562500000004 0.70585625 0.34381875 0.70381875 0.34230312500000004 0.7059140625 0.323553125 0.7060531250000001 0.3034265625 0.7145374999999999 0.289640625 0.727140625 0.28054375 0.7397109375
2 0.22193281250000002 0.9151734375 0.2298375 0.9192828125 0.2392125 0.9192125000000001 0.25773125 0.9086578125000001 0.2684375 0.898159375 0.2820375 0.877221875 0.286446875 0.8646874999999999 0.2862609375 0.8563546875 0.2813890625 0.84805625 0.2745828125 0.8231015625 0.2663546875 0.804409375 0.27011562499999997 0.7627078125 0.2494328125 0.7461921874999999 0.23215312500000002 0.742153125 0.2321984375 0.7442359374999999 0.23477968749999997 0.7900578125 0.232071875 0.8088312500000001 0.22476875000000002 0.83180625 0.21727968749999998 0.846446875 0.20211874999999999 0.8673953125 0.1667828125 0.8947453124999999 0.1684375 0.8989 0.19366875 0.9091312500000001 0.21412031250000002 0.91523125 0.22193281250000002 0.9151734375
2 0.27898125 0.7397218750000001 0.29570625 0.7187609375 0.30645781250000004 0.710346875 0.32194375000000003 0.70398125 0.35006875000000004 0.7037734375 0.3547109375 0.7016546875 0.35631875 0.7037265625 0.38444375000000003 0.70351875 0.4018171875 0.711725 0.40485 0.707534375 0.40457187499999997 0.695034375 0.4029625 0.6929624999999999 0.387384375 0.6951625 0.385775 0.693090625 0.3685421875 0.6911343750000001 0.35273125 0.6829171875 0.3415625 0.67258125 0.3399078125 0.6684265625 0.3383453125 0.6684375 0.3237734375 0.645625 0.3187609375 0.6310765625 0.3094328125 0.6332296875 0.286365625 0.65006875 0.272765625 0.67100625 0.2669796875 0.6918859375 0.26625 0.7293984375 0.2713546875 0.7481140625 0.274525 0.7501734375 0.27898125 0.7397218750000001
2 0.1894328125 0.577859375 0.19094843749999998 0.5757640625 0.2050109375 0.5756593750000001 0.22054374999999998 0.5713765625 0.2467359375 0.5545140625 0.261759375 0.5273140625 0.269015625 0.5022562500000001 0.2686921875 0.4876734375 0.26179375 0.458553125 0.2551265625 0.43985 0.24703750000000002 0.4274078125 0.2326046875 0.41084531249999995 0.21357656249999998 0.398484375 0.2088890625 0.39851875 0.1867828125 0.3882640625 0.18522031249999998 0.38827500000000004 0.150890625 0.39061406249999997 0.140046875 0.3948609375 0.1323734375 0.40116874999999996 0.11942187500000001 0.4512734375 0.114965625 0.46172500000000005 0.1080328125 0.501365625 0.12118124999999999 0.5304390625 0.145265625 0.5594328125 0.170590625 0.57383125 0.1894328125 0.577859375
3 0.53461875 0.6398953125 0.5370250000000001 0.7482296875000001 0.538634375 0.7503015625 0.5426859375 0.79194375 0.5460421875 0.8023374999999999 0.5507296875 0.8023031250000001 0.5645609375 0.7917828124999999 0.578484375 0.7854281249999999 0.605046875 0.78523125 0.6161234375 0.7914 0.6140046875 0.7664125 0.60899375 0.7518640624999999 0.6054046875 0.7310531250000001 0.60508125 0.7164703125 0.6079749999999999 0.7060296875 0.609340625 0.626840625 0.612234375 0.6164 0.6120484375 0.6080671875 0.6207296875 0.5767484375 0.6216437499999999 0.54756875 0.6151156249999999 0.535115625 0.6087734375 0.5309953125 0.6072109375 0.53100625 0.60100625 0.5331359375 0.5951265625 0.54985 0.5875921875000001 0.5624078124999999 0.56618125 0.583403125 0.56305625 0.5834265624999999 0.5492250000000001 0.593946875 0.5414578125 0.5960875 0.5370484375 0.6086234375 0.5361343749999999 0.6378015625 0.53461875 0.6398953125
3 0.315590625 0.629015625 0.3185765625 0.6227437499999999 0.3169671875 0.620671875 0.3164125 0.5956718750000001 0.317928125 0.5935765625 0.319028125 0.57273125 0.3263765625 0.551840625 0.339884375 0.5267359375 0.338321875 0.5267484375 0.332025 0.5247109375 0.32274375 0.528946875 0.3182875 0.5393984374999999 0.3184265625 0.5456484374999999 0.314015625 0.5581828125 0.3113078125 0.5769562500000001 0.29523125 0.6270828125000001 0.29693281250000003 0.633321875 0.30474531250000003 0.6332640625 0.315590625 0.629015625
3 0.5396062500000001 0.7940515625 0.5391890625 0.7753015624999999 0.5356484375 0.7565734375 0.534721875 0.7149078125 0.5331140624999999 0.7128359375 0.5345828125 0.7086578125 0.53288125 0.70241875 0.5323734375 0.6795015624999999 0.5338421875 0.6753234375 0.5320953125 0.6670015625 0.5336109375 0.6649078125 0.5318171875 0.6545015624999999 0.53319375 0.6461578125 0.5315859374999999 0.6440859375 0.5300687500000001 0.6461812499999999 0.5224890624999999 0.6566546875 0.515046875 0.6733796875 0.4968515625 0.6985187500000001 0.5129859375 0.72131875 0.5179046875 0.7317015625 0.5248953125 0.7649890625 0.525590625 0.7962390625 0.532025 0.8045249999999999 0.53515 0.8045015624999999 0.5396062500000001 0.7940515625
3 0.44638906250000004 0.39675937499999997 0.45273125 0.40087968749999997 0.4672109375 0.419525 0.47874999999999995 0.44652812500000005 0.4788421875 0.45069375 0.4835765625 0.45274374999999994 0.5249765625 0.4170140625 0.5483687500000001 0.41475625000000005 0.549884375 0.4126625 0.56711875 0.41461875 0.5687265625 0.4166890625 0.57805625 0.41453749999999995 0.5826046875 0.4082515625 0.584028125 0.401990625 0.58375 0.389490625 0.578784375 0.377025 0.5739578125 0.3708109375 0.569225 0.3687609375 0.5676625 0.36877343749999997 0.5520828125 0.370971875 0.5459265624999999 0.3751859375 0.4990046875 0.3734484375 0.48972187500000003 0.3776859375 0.4866890625 0.381875 0.4742828125 0.38613437500000003 0.4461578125 0.3863421875 0.443078125 0.3884484375 0.4415625 0.39054375 0.44638906250000004 0.39675937499999997
3 0.25976875 0.43773125 0.260046875 0.45023125 0.27011562499999997 0.48141249999999997 0.27071718749999996 0.5084953125 0.264884375 0.5272921875 0.2514234375 0.5544796875 0.2517015625 0.5669796875 0.25883124999999996 0.606515625 0.26890000000000003 0.6376968749999999 0.2737265625 0.6439125 0.2862265625 0.64381875 0.2938078125 0.6333453125 0.29362343750000003 0.6250109375 0.3096984375 0.574884375 0.3123140625 0.5519437500000001 0.31961875 0.5289703125 0.323703125 0.5018515625 0.33243125 0.472615625 0.3413890625 0.453796875 0.362615625 0.4244671875 0.39018593749999997 0.399259375 0.4102203125 0.38660937500000003 0.48195625 0.3798265625 0.4989125 0.3692828125 0.5223953125 0.3711921875 0.5240046875 0.3732640625 0.5255203125000001 0.37116875 0.5442703125 0.3710296875 0.5489124999999999 0.36891250000000003 0.5534609374999999 0.36262656249999997 0.5578234375 0.348009375 0.5529515625 0.3397109375 0.541921875 0.335625 0.4995953125 0.3296875 0.4738546875 0.2965390625 0.46116875 0.2882984375 0.4485765625 0.284225 0.4470140625 0.2842359375 0.42977968750000006 0.2822796875 0.428171875 0.2802078125 0.404734375 0.28038124999999997 0.3814359375 0.28680625000000004 0.35519687499999997 0.30158593749999996 0.3245484375 0.3289 0.3062609375 0.3498734375 0.28200156249999997 0.383390625 0.2700109375 0.4064 0.25976875 0.43773125
4 0.3944796875 0.24086875000000002 0.40702499999999997 0.24285937500000002 0.4147453125 0.238634375 0.41929375 0.23235 0.42664375000000004 0.2114578125 0.4326625 0.2009953125 0.4283796875 0.1489359375 0.42171250000000005 0.13023125 0.4086578125 0.10532343749999999 0.3943640625 0.0950109375 0.3740046875 0.093078125 0.3723953125 0.09100625 0.3708328125 0.09101875000000001 0.3490046875 0.0932640625 0.33668906249999997 0.10168906250000001 0.32616875 0.12052031249999999 0.32644687499999997 0.1330203125 0.3440515625 0.15164375000000002 0.35866875 0.1765390625 0.3670375 0.20148125 0.370578125 0.2202078125 0.3754984375 0.230590625 0.3944796875 0.24086875000000002
5 0.06930625 0.8683796875 0.1055671875 0.882696875 0.1558453125 0.8948265624999999 0.1836453125 0.8800343749999999 0.19899375 0.86741875 0.2126859375 0.8506484375 0.22756875000000001 0.8171984374999999 0.23184062499999997 0.7984140625 0.2328015625 0.77131875 0.23119218749999998 0.7692484375 0.22888906250000002 0.7359265625 0.22387656250000001 0.7213765624999999 0.20764999999999997 0.694409375 0.17901562499999998 0.6717015625 0.16168906249999998 0.665578125 0.1476265625 0.6656828124999999 0.14601875 0.6636109375 0.14445625 0.6636234375 0.1101265625 0.6659609375 0.093171875 0.6765046875 0.0656015625 0.7017125 0.0549890625 0.7163765625 0.0446984375 0.745625 0.039096874999999996 0.7748375000000001 0.0397921875 0.8060875 0.044989062499999996 0.8289703125000001 0.051609375 0.845590625 0.06930625 0.8683796875
5 0.2309484375 0.40668906250000003 0.2502078125 0.42946718749999996 0.2548953125 0.4294328125 0.26389999999999997 0.41269687499999996 0.26945625 0.3814 0.2690859375 0.364734375 0.2706015625 0.3626390625 0.2651734375 0.329340625 0.2586 0.31480312499999996 0.2376859375 0.2878703125 0.2233453125 0.275475 0.19820625 0.269409375 0.19664375 0.26942187500000003 0.1748609375 0.27375 0.168703125 0.2779625 0.1626859375 0.2884265625 0.1439 0.3573265625 0.1411453125 0.374015625 0.1414703125 0.3886 0.1882984375 0.38616875 0.1945953125 0.38820625 0.21509218749999998 0.3963890625 0.2309484375 0.40668906250000003
5 0.42320624999999995 0.8303359374999999 0.42334531249999996 0.8365859375 0.4326265625 0.8323499999999999 0.435659375 0.828159375 0.4589125 0.819653125 0.4777078125 0.821596875 0.49356406249999996 0.8318984374999999 0.5014234375 0.8339234375 0.51663125 0.8150578124999999 0.52241875 0.794178125 0.5233328125 0.765 0.521725 0.762928125 0.5196984375 0.74210625 0.5146875 0.7275578125 0.4953359375 0.7006140624999999 0.47635468750000004 0.6903359375 0.4591671875 0.6904625 0.4575578125 0.688390625 0.45604218750000003 0.6904859375 0.44510468750000004 0.6905671875 0.43113437499999996 0.6948375 0.417303125 0.705359375 0.4112390625 0.7137390625 0.41133125000000004 0.7179046875 0.42273125 0.7386578125 0.4280203125 0.76570625 0.4329390625 0.7760875 0.43331093750000005 0.7927546875 0.42320624999999995 0.8303359374999999
5 0.6630203125 0.651446875 0.6611343749999999 0.6368750000000001 0.6529515625 0.620265625 0.6353015625 0.5995609375 0.622615625 0.59131875 0.621053125 0.59133125 0.617975 0.5934375000000001 0.61508125 0.6038765625 0.6109484375 0.6289125 0.6107750000000001 0.6914234375 0.6123375 0.6914125 0.6213890625 0.6767593749999999 0.6351265625 0.662071875 0.6443640625 0.6557515625 0.6615046875 0.6535421875 0.6630203125 0.651446875
1 0.31820624999999997 0.6060765625 0.320278125 0.62898125 0.32368125000000003 0.6414578125 0.3318171875 0.655984375 0.3479046875 0.6767015625 0.3637609375 0.6870015625 0.3779171875 0.6910640625 0.40604218750000004 0.6908562500000001 0.4168859375 0.686609375 0.4322796875 0.6760765625 0.44905156249999995 0.6571984375000001 0.4609953125 0.63210625 0.466596875 0.60289375 0.46613437500000005 0.5820609375 0.4626390625 0.5654171875 0.4509609375 0.5321640624999999 0.4379984375 0.5114234375 0.415890625 0.5011687499999999 0.41432812500000005 0.5011812499999999 0.4017359375 0.49710625 0.3845484375 0.497234375 0.365984375 0.50570625 0.3475578125 0.520428125 0.3309265625 0.54555625 0.3220609375 0.5685421875000001 0.3221984375 0.5747921875 0.319259375 0.5831484375 0.31972187500000004 0.60398125 0.31820624999999997 0.6060765625
1 0.5927203125 0.44151562499999997 0.59929375 0.45605312500000006 0.6043984375 0.47476874999999996 0.6053703125000001 0.5185187499999999 0.603946875 0.5247796874999999 0.60555625 0.5268515625 0.62118125 0.5267359375 0.6381828125 0.518275 0.6549078125000001 0.4973140625 0.66225625 0.4764234375 0.6650578125 0.4618171875 0.6643171875 0.42848437500000003 0.65429375 0.3993859375 0.6398140625 0.380740625 0.6271296875 0.3725 0.6255671875 0.37251093750000003 0.6082875 0.368471875 0.6067703125 0.3705671875 0.5942703125000001 0.370659375 0.585034375 0.3769796875 0.5820015625 0.38116875 0.585265625 0.3873953125 0.5856359375 0.40406250000000005 0.57506875 0.42081093750000004 0.5815515625 0.43118125 0.5927203125 0.44151562499999997
1 0.230971875 0.2670828125 0.2408109375 0.287846875 0.261678125 0.312696875 0.2743640625 0.3209375 0.282221875 0.3229625 0.32445625 0.324734375 0.34288124999999997 0.31001093750000003 0.3581359375 0.2932296875 0.365625 0.2785875 0.369803125 0.2556359375 0.36910937499999996 0.2243859375 0.360509375 0.189028125 0.34414375 0.1558109375 0.33449062500000004 0.14337968750000002 0.32175937499999996 0.13305625000000001 0.320196875 0.1330671875 0.30765 0.1310765625 0.29064843749999997 0.1395375 0.27511562500000003 0.14381875 0.24386562500000003 0.1440515625 0.2361921875 0.15035937500000002 0.23164375 0.15664375 0.2257640625 0.17335625 0.2231015625 0.1942125 0.22416718750000003 0.2421296875 0.230971875 0.2670828125
0 0.66039375 0.3222453125 0.6315390625 0.35996562499999996 0.6302078125 0.37039374999999997 0.6525921875 0.3931484375 0.66243125 0.4139125 0.6682750000000001 0.46596093749999995 0.7057296875 0.4636 0.7226390625 0.450971875 0.739178125 0.421678125 0.7409609374999999 0.36123906250000004 0.7279984374999999 0.34049843750000003 0.702534375 0.31985 0.6774421875 0.31586875000000003 0.66039375 0.3222453125
0 0.46336875 0.24660937500000002 0.46102968750000006 0.28204843749999997 0.49472187500000003 0.3213890625 0.5465625000000001 0.33350625 0.5594328125 0.35008125 0.5686234375 0.341678125 0.58024375 0.3020015625 0.5795953125 0.2728359375 0.5678703125 0.2375 0.5437390625 0.20642343749999997 0.5326625 0.20025468750000003 0.4906140625 0.2068171875 0.46336875 0.24660937500000002
0 0.4913890625 0.45268593749999997 0.478159375 0.49028906250000004 0.4808328125 0.540278125 0.500278125 0.5713890625 0.530428125 0.5920015624999999 0.5553359375 0.58765 0.5829515625 0.5645249999999999 0.6038546874999999 0.5206140625 0.59773125 0.4560640625 0.5863765625 0.43739531249999997 0.5609609375 0.41883125000000004 0.5297109375 0.4190625 0.5142703125 0.4275109375 0.4913890625 0.45268593749999997
0 0.467696875 0.5820484375 0.46687500000000004 0.61539375 0.45516249999999997 0.6509031249999999 0.43090312500000005 0.684421875 0.49211875000000005 0.6964703125 0.5059484375000001 0.6859484375 0.5300234374999999 0.644096875 0.5306140625 0.6003359374999999 0.508321875 0.5817484375 0.47444375 0.5340734375 0.457303125 0.5362843749999999 0.467696875 0.5820484375
1 0.3918859375 0.40549843750000003 0.3389578125 0.48506875000000005 0.3350109375 0.5184375 0.35215312499999996 0.5162265625 0.3782984375 0.4972796875 0.4001265625 0.495034375 0.426875 0.5031718749999999 0.45716406249999997 0.530034375 0.47365781250000005 0.4986578125 0.4772796875 0.45070625 0.4592125 0.41125 0.4432171875 0.3946984375 0.421203125 0.38861093750000003 0.3918859375 0.40549843750000003
1 0.64133125 0.6599421875 0.6109140625 0.6976734375 0.6087609375 0.7414468750000001 0.625359375 0.78508125 0.6240281249999999 0.795509375 0.6319796875 0.8017015625000001 0.674259375 0.8055562500000001 0.6913078125000001 0.799178125 0.7170375 0.76148125 0.7210765625 0.7322796874999999 0.715740625 0.7031484375 0.696296875 0.6720375 0.68039375 0.659653125 0.64133125 0.6599421875
1 0.381725 0.93274375 0.387153125 0.9660421875 0.42157343750000004 0.9678703125 0.4312265625 0.9803015625 0.4909265625 0.99444375 0.519640625 0.950475 0.5196296874999999 0.8796296874999999 0.4936109375 0.8339812500000001 0.47462968749999995 0.823703125 0.45431718749999994 0.8238546875000001 0.42054375000000005 0.8511921875 0.3968859375 0.91179375 0.381725 0.93274375
4 0.37850625 0.9286 0.3743171875 0.88070625 0.3211921875 0.8811 0.291134375 0.864653125 0.2806140625 0.8834843749999999 0.2831015625 0.9251390625000001 0.2990515625 0.93960625 0.35884218749999997 0.9579171875 0.37850625 0.9286
4 0.2667125 0.75023125 0.2627078125 0.710671875 0.2739125 0.6522453125000001 0.25782343750000003 0.631528125 0.2295609375 0.6254859374999999 0.22883124999999999 0.6629984375 0.21721093749999998 0.7026734375 0.2335296875 0.7338078125 0.2667125 0.75023125
0 0.09076406249999999 0.568171875 0.06633125 0.6642015625 0.0653703125 0.691296875 0.10851875 0.6638890625 0.141284375 0.6615624999999999 0.1710640625 0.665509375 0.21399374999999998 0.6985296875 0.227221875 0.6609265625 0.22804375000000002 0.62758125 0.208321875 0.5839703125 0.1738078125 0.577975 0.13097187500000002 0.5491203125 0.120034375 0.5492015625 0.09076406249999999 0.568171875
