2 0.2765625 0.5520828125 0.2703125 0.55625 0.2609375 0.56875 0.25625 0.5791671875 0.2546875 0.5916671874999999 0.2640625 0.6083328125 0.2859375 0.6354171875 0.296875 0.6333328125000001 0.303125 0.6291671875 0.31875 0.6291671875 0.3359375 0.6395828125 0.346875 0.6270828125000001 0.353125 0.6104171875 0.3515625 0.58125 0.3453125 0.5666671875 0.3375 0.5583328125 0.3359375 0.5583328125 0.3125 0.5520828125 0.2765625 0.5520828125
2 0.29375 0.43125 0.284375 0.44375 0.2796875 0.4625 0.2796875 0.47708281250000006 0.28125 0.48333281250000004 0.2921875 0.49583281250000005 0.303125 0.5166671875 0.30625 0.51875 0.325 0.51875 0.35 0.49166718749999994 0.353125 0.48125 0.353125 0.45416718749999996 0.3453125 0.44166718749999995 0.31875 0.42291718749999996 0.3171875 0.42291718749999996 0.3015625 0.425 0.29375 0.43125
3 0.3796875 0.6604171875 0.371875 0.6604171875 0.3546875 0.6729171875 0.3515625 0.6729171875 0.340625 0.6916671875 0.340625 0.6958328125000001 0.3359375 0.7041671875 0.3359375 0.7125 0.3515625 0.7416671874999999 0.3671875 0.7625 0.3953125 0.7604171875 0.4078125 0.7645828125 0.415625 0.7708328125 0.4203125 0.7708328125 0.4359375 0.75 0.440625 0.7375 0.4421875 0.7125 0.434375 0.68125 0.421875 0.6666671875 0.409375 0.6583328125000001 0.4078125 0.6583328125000001 0.3890625 0.65625 0.3796875 0.6604171875
3 0.5015625 0.64375 0.490625 0.6479171874999999 0.465625 0.6666671875 0.4484375 0.6854171874999999 0.4421875 0.6958328125000001 0.44375 0.73125 0.4390625 0.7479171874999999 0.4265625 0.7666671875 0.4265625 0.7708328125 0.428125 0.7708328125 0.4625 0.7520828125000001 0.4640625 0.7458328125 0.4609375 0.73125 0.4609375 0.7020828125 0.4625 0.6958328125000001 0.465625 0.6875 0.4765625 0.6729171875 0.4875 0.6645828125000001 0.5 0.6604171875 0.509375 0.6604171875 0.515625 0.6645828125000001 0.5203125 0.6645828125000001 0.5421875 0.6833328125 0.5515625 0.70625 0.5609375 0.7020828125 0.565625 0.69375 0.565625 0.68125 0.5609375 0.6666671875 0.553125 0.65625 0.5375 0.6458328125 0.5359375 0.6458328125 0.53125 0.64375 0.5015625 0.64375
3 0.421875 0.46875 0.4 0.47083281250000003 0.3765625 0.4791671875 0.3609375 0.4895828125 0.35 0.49375 0.3265625 0.5208328125 0.3140625 0.5458328125 0.3140625 0.55 0.33125 0.5520828125 0.3390625 0.5291671874999999 0.3484375 0.5125 0.359375 0.5 0.3671875 0.49583281250000005 0.371875 0.49583281250000005 0.3828125 0.5020828125000001 0.3953125 0.5020828125000001 0.4046875 0.50625 0.4203125 0.5208328125 0.4359375 0.5083328125000001 0.44375 0.50625 0.45625 0.5083328125000001 0.4671875 0.5166671875 0.4734375 0.525 0.490625 0.51875 0.5015625 0.51875 0.521875 0.5291671874999999 0.5359375 0.5458328125 0.5484375 0.5479171875 0.553125 0.5458328125 0.55625 0.5416671875 0.55625 0.5333328125000001 0.553125 0.5270828125 0.5421875 0.51875 0.5296875 0.5145828125 0.5203125 0.5083328125000001 0.5125 0.4875 0.5046875 0.4791671875 0.49375 0.47291718749999995 0.4734375 0.46666718749999997 0.471875 0.46666718749999997 0.4234375 0.46666718749999997 0.421875 0.46875
4 0.615625 0.48333281250000004 0.6 0.4895828125 0.5953125 0.49583281250000005 0.5875 0.5208328125 0.5875 0.5458328125 0.590625 0.55625 0.6046875 0.5666671875 0.615625 0.58125 0.621875 0.5833328125 0.6359375 0.575 0.64375 0.5645828125000001 0.646875 0.55 0.6453125 0.5104171875 0.634375 0.4875 0.6328125 0.4875 0.6265625 0.48333281250000004 0.615625 0.48333281250000004
5 0.1859375 0.44375 0.1796875 0.4479171875 0.175 0.45625 0.2015625 0.5020828125000001 0.2125 0.5166671875 0.228125 0.5458328125 0.2328125 0.55 0.2515625 0.525 0.2546875 0.5104171875 0.2546875 0.48125 0.2515625 0.47083281250000003 0.2453125 0.46041718749999994 0.2359375 0.45 0.2125 0.4375 0.2109375 0.4375 0.203125 0.4375 0.1859375 0.44375
5 0.3640625 0.6354171875 0.346875 0.64375 0.34375 0.6479171874999999 0.34375 0.6520828125 0.3515625 0.6708328125 0.3546875 0.6708328125 0.3671875 0.6604171875 0.3796875 0.65625 0.4015625 0.6541671874999999 0.4046875 0.65625 0.40625 0.6541671874999999 0.4 0.6458328125 0.3921875 0.6395828125 0.390625 0.6395828125 0.384375 0.6354171875 0.3640625 0.6354171875
5 0.3546875 0.45208281250000004 0.3546875 0.48333281250000004 0.353125 0.4895828125 0.35625 0.4895828125 0.371875 0.4791671875 0.3875 0.47291718749999995 0.39375 0.47291718749999995 0.3984375 0.46875 0.39375 0.45416718749999996 0.3796875 0.44583281250000006 0.378125 0.44583281250000006 0.3640625 0.44583281250000006 0.3546875 0.45208281250000004
0 0.5453125 0.48541718749999996 0.525 0.5041671875 0.525 0.5083328125000001 0.5390625 0.5145828125 0.553125 0.525 0.5578125 0.5333328125000001 0.5578125 0.5416671875 0.5546875 0.5479171875 0.5390625 0.5520828125 0.5421875 0.5583328125 0.54375 0.56875 0.546875 0.5708328125000001 0.5671875 0.5583328125 0.584375 0.5583328125 0.5859375 0.55625 0.5859375 0.5208328125 0.5921875 0.5041671875 0.5921875 0.49583281250000005 0.5890625 0.4895828125 0.571875 0.48125 0.5703125 0.48125 0.559375 0.48125 0.5453125 0.48541718749999996
0 0.6375 0.5791671875 0.6296875 0.5895828125 0.621875 0.6083328125 0.621875 0.6479171874999999 0.6265625 0.6625 0.6328125 0.6645828125000001 0.6375 0.6604171875 0.6421875 0.6604171875 0.659375 0.65 0.6671875 0.6479171874999999 0.6859375 0.6354171875 0.7015625 0.6291671875 0.7078125 0.625 0.709375 0.6208328125 0.70625 0.6041671875 0.6921875 0.5833328125 0.6796875 0.5729171875 0.665625 0.56875 0.6640625 0.56875 0.6484375 0.5708328125000001 0.6375 0.5791671875
0 0.25625 0.48125 0.25625 0.5125 0.2546875 0.51875 0.25 0.53125 0.234375 0.5541671874999999 0.2375 0.5625 0.2515625 0.5708328125000001 0.2578125 0.5708328125000001 0.2671875 0.55625 0.275 0.55 0.3015625 0.5479171875 0.303125 0.5458328125 0.3015625 0.51875 0.2984375 0.5104171875 0.2890625 0.49375 0.2796875 0.48333281250000004 0.2703125 0.4791671875 0.26875 0.4791671875 0.2578125 0.4791671875 0.25625 0.48125
0 0.475 0.5270828125 0.45625 0.55625 0.45 0.5770828125 0.453125 0.6041671875 0.4625 0.6229171874999999 0.475 0.6354171875 0.4859375 0.6416671875 0.50625 0.6416671875 0.5078125 0.6395828125 0.521875 0.6395828125 0.53125 0.6291671875 0.5390625 0.6083328125 0.5421875 0.59375 0.5421875 0.5666671875 0.540625 0.5604171874999999 0.53125 0.5416671875 0.51875 0.5291671874999999 0.5171875 0.5291671874999999 0.4984375 0.5208328125 0.475 0.5270828125
1 0.440625 0.3895828125 0.4140625 0.40208281250000005 0.3984375 0.43333281250000005 0.403125 0.46666718749999997 0.471875 0.4625 0.4703125 0.41458281250000006 0.440625 0.3895828125
1 0.4015625 0.6041671875 0.4203125 0.56875 0.41875 0.525 0.39375 0.5041671875 0.3625 0.5 0.3359375 0.5416671875 0.334375 0.5541671874999999 0.3640625 0.6125 0.3796875 0.6145828125 0.4015625 0.6041671875
0 0.48125 0.65 0.4453125 0.6041671875 0.421875 0.6041671875 0.396875 0.6333328125000001 0.3953125 0.6395828125 0.4328125 0.675 0.440625 0.6916671875 0.48125 0.65
