2 0.6296875 0.55625 0.6234375 0.5645828125000001 0.615625 0.5770828125 0.6046875 0.60625 0.6046875 0.6145828125 0.6015625 0.625 0.6015625 0.6458328125 0.6046875 0.6541671874999999 0.61875 0.6729171875 0.6234375 0.6854171874999999 0.6328125 0.6875 0.684375 0.66875 0.690625 0.6583328125000001 0.7 0.6291671875 0.7015625 0.6020828125000001 0.6984375 0.5854171874999999 0.6921875 0.56875 0.6828125 0.55625 0.6734375 0.55 0.6578125 0.5479171875 0.65625 0.5458328125 0.6546875 0.5458328125 0.6421875 0.5479171875 0.6296875 0.55625
2 0.4 0.7229171875 0.3765625 0.73125 0.3734375 0.7354171875 0.3734375 0.7541671875 0.3859375 0.7541671875 0.39375 0.75 0.428125 0.7416671874999999 0.4296875 0.7375 0.4203125 0.7291671875 0.41875 0.7291671875 0.4125 0.725 0.4 0.7229171875
2 0.403125 0.6395828125 0.396875 0.6520828125 0.3921875 0.6708328125 0.3921875 0.69375 0.4 0.7166671874999999 0.403125 0.7208328125000001 0.4171875 0.725 0.43125 0.7354171875 0.4421875 0.7354171875 0.44375 0.7333328125 0.4515625 0.7333328125 0.453125 0.7291671875 0.4421875 0.7125 0.434375 0.6875 0.4328125 0.6604171875 0.434375 0.6583328125000001 0.434375 0.6354171875 0.4296875 0.6333328125000001 0.428125 0.6333328125000001 0.4109375 0.6333328125000001 0.403125 0.6395828125
2 0.4765625 0.59375 0.4640625 0.5979171875 0.4515625 0.6083328125 0.4359375 0.6333328125000001 0.434375 0.68125 0.440625 0.7041671875 0.44375 0.7125 0.4578125 0.73125 0.46875 0.73125 0.5203125 0.7166671874999999 0.53125 0.7 0.5359375 0.66875 0.528125 0.6333328125000001 0.5234375 0.6229171874999999 0.5109375 0.60625 0.503125 0.6 0.5015625 0.6 0.4875 0.59375 0.4765625 0.59375
3 0.4359375 0.3520828125 0.4265625 0.3520828125 0.4140625 0.3458328125 0.39375 0.3479171875 0.3625 0.36875 0.35 0.3833328125 0.334375 0.40833281250000003 0.3171875 0.45416718749999996 0.315625 0.46666718749999997 0.3125 0.47291718749999995 0.3125 0.48541718749999996 0.309375 0.5 0.309375 0.5208328125 0.3109375 0.5270828125 0.328125 0.55625 0.3296875 0.5625 0.3296875 0.6 0.3359375 0.6125 0.346875 0.6270828125000001 0.359375 0.6395828125 0.36875 0.6458328125 0.3765625 0.6458328125 0.38125 0.6395828125 0.38125 0.6270828125000001 0.378125 0.6125 0.378125 0.6020828125000001 0.371875 0.575 0.36875 0.5270828125 0.3671875 0.525 0.36875 0.5229171874999999 0.3703125 0.49791718749999997 0.3796875 0.46458281250000005 0.3890625 0.44166718749999995 0.3984375 0.42916718749999994 0.4171875 0.4166671875 0.4359375 0.4 0.440625 0.3875 0.4453125 0.38125 0.45625 0.3729171875 0.4671875 0.3583328125 0.4796875 0.3375 0.4765625 0.33125 0.475 0.33125 0.45625 0.3375 0.4359375 0.3520828125
3 0.453125 0.3791671875 0.45 0.3791671875 0.44375 0.3854171875 0.440625 0.3958328125 0.4328125 0.40625 0.421875 0.4166671875 0.4421875 0.4270828125 0.4546875 0.43958281250000003 0.459375 0.43958281250000003 0.4609375 0.4125 0.4640625 0.4 0.4828125 0.3729171875 0.5 0.3583328125 0.5015625 0.3541671875 0.5015625 0.3416671875 0.4953125 0.3354171875 0.49375 0.3354171875 0.4828125 0.3354171875 0.453125 0.3791671875
3 0.271875 0.53125 0.26875 0.5354171875 0.265625 0.5354171875 0.2625 0.5395828125000001 0.259375 0.5395828125000001 0.2328125 0.5583328125 0.2234375 0.5666671875 0.2203125 0.5729171875 0.2171875 0.5875 0.21875 0.6041671875 0.2203125 0.6125 0.2296875 0.63125 0.24375 0.6458328125 0.2640625 0.65 0.3015625 0.6375 0.3203125 0.6125 0.3265625 0.6 0.328125 0.5645828125000001 0.3265625 0.5583328125 0.3234375 0.55 0.3109375 0.53125 0.3 0.5229171874999999 0.2984375 0.5229171874999999 0.2921875 0.5208328125 0.271875 0.53125
3 0.3828125 0.6375 0.375 0.6479171874999999 0.36875 0.6479171874999999 0.359375 0.6416671875 0.346875 0.6291671875 0.3265625 0.6 0.3203125 0.6145828125 0.3046875 0.6354171875 0.3046875 0.6395828125 0.3234375 0.6458328125 0.3484375 0.675 0.359375 0.675 0.365625 0.6708328125 0.3734375 0.6708328125 0.390625 0.6625 0.3984375 0.6458328125 0.4109375 0.6291671875 0.4015625 0.6229171874999999 0.3859375 0.6020828125000001 0.3796875 0.5895828125 0.3765625 0.5895828125 0.3765625 0.5916671874999999 0.3796875 0.6 0.3828125 0.6375
3 0.571875 0.42083281250000004 0.565625 0.4270828125 0.5625 0.43333281250000005 0.55625 0.4625 0.5484375 0.4791671875 0.5484375 0.5083328125000001 0.5578125 0.53125 0.56875 0.5458328125 0.5734375 0.5583328125 0.5828125 0.5708328125000001 0.5859375 0.5791671875 0.6015625 0.6020828125000001 0.6046875 0.6020828125000001 0.615625 0.5729171875 0.6296875 0.5541671874999999 0.6390625 0.5458328125 0.6265625 0.525 0.621875 0.50625 0.6171875 0.5 0.60625 0.47291718749999995 0.603125 0.44166718749999995 0.59375 0.425 0.5921875 0.425 0.5828125 0.42083281250000004 0.571875 0.42083281250000004
3 0.5796875 0.59375 0.5875 0.6041671875 0.5984375 0.6270828125000001 0.6015625 0.6229171874999999 0.603125 0.60625 0.6015625 0.6020828125000001 0.58125 0.5729171875 0.559375 0.5333328125000001 0.5578125 0.5354171875 0.559375 0.5770828125 0.5796875 0.59375
4 0.4765625 0.2291671875 0.4734375 0.2375 0.475 0.2791671875 0.4875 0.3104171875 0.50625 0.3208328125 0.51875 0.3208328125 0.5296875 0.3104171875 0.5359375 0.3 0.534375 0.2479171875 0.5296875 0.2354171875 0.5234375 0.2270828125 0.5046875 0.2145828125 0.503125 0.2145828125 0.4921875 0.2145828125 0.4765625 0.2291671875
5 0.2890625 0.6770828125 0.2703125 0.6895828125000001 0.2578125 0.7041671875 0.24375 0.7416671874999999 0.24375 0.7833328125000001 0.2453125 0.7895828125000001 0.2515625 0.7895828125000001 0.30625 0.775 0.3140625 0.7708328125 0.34375 0.7645828125 0.3515625 0.7604171875 0.365625 0.7583328125000001 0.371875 0.7541671875 0.371875 0.73125 0.359375 0.7 0.3453125 0.6833328125 0.325 0.6729171875 0.3234375 0.6729171875 0.303125 0.6729171875 0.2890625 0.6770828125
5 0.6109375 0.4583328125 0.6078125 0.4625 0.6109375 0.48333281250000004 0.61875 0.5 0.6234375 0.5041671875 0.6265625 0.47708281250000006 0.6359375 0.4583328125 0.6359375 0.45416718749999996 0.634375 0.45416718749999996 0.6203125 0.45416718749999996 0.6109375 0.4583328125
5 0.5265625 0.58125 0.5203125 0.5854171874999999 0.509375 0.6 0.525 0.6229171874999999 0.534375 0.6479171874999999 0.5359375 0.6604171875 0.5390625 0.6625 0.55 0.65 0.5671875 0.6416671875 0.584375 0.6416671875 0.5921875 0.6458328125 0.5984375 0.6458328125 0.5984375 0.63125 0.5859375 0.6041671875 0.5703125 0.5854171874999999 0.5609375 0.5791671875 0.55 0.5791671875 0.5484375 0.5770828125 0.546875 0.5770828125 0.5359375 0.5770828125 0.5265625 0.58125
5 0.2421875 0.4791671875 0.2265625 0.49375 0.2234375 0.5 0.2171875 0.51875 0.2171875 0.53125 0.215625 0.5333328125000001 0.2203125 0.5604171874999999 0.225 0.5625 0.2859375 0.5208328125 0.296875 0.51875 0.30625 0.525 0.30625 0.5083328125000001 0.303125 0.5 0.2921875 0.48541718749999996 0.284375 0.4791671875 0.265625 0.47291718749999995 0.2640625 0.47291718749999995 0.2484375 0.475 0.2421875 0.4791671875
0 0.4171875 0.2729171875 0.4046875 0.2895828125 0.396875 0.3145828125 0.3953125 0.33125 0.396875 0.3354171875 0.3953125 0.3375 0.3984375 0.34375 0.4171875 0.34375 0.428125 0.35 0.4328125 0.35 0.46875 0.3291671875 0.478125 0.3291671875 0.4828125 0.3333328125 0.4859375 0.33125 0.4859375 0.3166671875 0.4828125 0.3041671875 0.4734375 0.2854171875 0.4625 0.2729171875 0.4453125 0.2645828125 0.44375 0.2645828125 0.4265625 0.2666671875 0.4171875 0.2729171875
0 0.4828125 0.375 0.46875 0.39375 0.4640625 0.40416718749999997 0.4609375 0.425 0.4609375 0.44583281250000006 0.4703125 0.475 0.484375 0.4895828125 0.4953125 0.49583281250000005 0.525 0.49583281250000005 0.5375 0.4875 0.546875 0.47708281250000006 0.55625 0.45625 0.559375 0.43541718749999997 0.559375 0.42291718749999996 0.5546875 0.4 0.5328125 0.3708328125 0.5171875 0.3625 0.503125 0.3625 0.5015625 0.3604171875 0.5 0.3625 0.49375 0.3645828125 0.4828125 0.375
0 0.615625 0.34375 0.6296875 0.3145828125 0.63125 0.2729171875 0.6046875 0.2333328125 0.5734375 0.2354171875 0.546875 0.2708328125 0.546875 0.3 0.56875 0.3125 0.5984375 0.3583328125 0.615625 0.34375
1 0.6890625 0.5604171874999999 0.6984375 0.5520828125 0.7140625 0.49791718749999997 0.7078125 0.4625 0.6828125 0.43958281250000003 0.6609375 0.43958281250000003 0.6421875 0.45 0.625 0.49166718749999994 0.628125 0.5229171874999999 0.6390625 0.5416671875 0.6703125 0.5458328125 0.6890625 0.5604171874999999
1 0.5609375 0.42291718749999996 0.5796875 0.41458281250000006 0.596875 0.3854171875 0.596875 0.3645828125 0.584375 0.3333328125 0.553125 0.30625 0.5375 0.3083328125 0.525 0.3208328125 0.50625 0.3583328125 0.5328125 0.36875 0.5515625 0.3916671875 0.5609375 0.42291718749999996
1 0.434375 0.63125 0.4578125 0.6 0.48125 0.5895828125 0.484375 0.5375 0.4625 0.49375 0.425 0.48125 0.3828125 0.5083328125000001 0.3796875 0.5770828125 0.3890625 0.6041671875 0.4046875 0.6229171874999999 0.434375 0.63125
1 0.275 0.47083281250000003 0.303125 0.46458281250000005 0.3171875 0.4479171875 0.3328125 0.40833281250000003 0.3328125 0.3916671875 0.3234375 0.3708328125 0.303125 0.3479171875 0.2828125 0.3375 0.25 0.35 0.225 0.3854171875 0.2265625 0.4125 0.2375 0.43958281250000003 0.25 0.4583328125 0.275 0.47083281250000003
1 0.3921875 0.5 0.4265625 0.4791671875 0.465625 0.49166718749999994 0.4578125 0.44583281250000006 0.4296875 0.42291718749999996 0.3984375 0.43333281250000005 0.384375 0.46666718749999997 0.3875 0.50625 0.3796875 0.5145828125 0.3796875 0.5333328125000001 0.3921875 0.5
0 0.4828125 0.5895828125 0.5078125 0.5979171875 0.5328125 0.5770828125 0.5578125 0.5729171875 0.5546875 0.5291671874999999 0.5375 0.5 0.4796875 0.5020828125000001 0.4765625 0.5145828125 0.4859375 0.5375 0.4875 0.5708328125000001 0.4828125 0.5895828125
1 0.5828125 0.64375 0.55625 0.6479171874999999 0.5375 0.6708328125 0.5359375 0.7145828125 0.621875 0.6895828125000001 0.6046875 0.65625 0.5828125 0.64375
