2 0.228125 0.7416671874999999 0.2078125 0.76875 0.1859375 0.7854171875 0.1859375 0.7895828125000001 0.1953125 0.8041671875 0.215625 0.825 0.2171875 0.8229171875000001 0.21875 0.8020828124999999 0.2234375 0.7895828125000001 0.25 0.7520828125000001 0.2515625 0.7479171874999999 0.25 0.7458328125 0.2484375 0.7458328125 0.2421875 0.7416671874999999 0.228125 0.7416671874999999
2 0.334375 0.725 0.3265625 0.725 0.315625 0.7375 0.3234375 0.7520828125000001 0.3296875 0.7770828125 0.3296875 0.8020828124999999 0.3265625 0.8166671875 0.3296875 0.8208328125 0.3375 0.8229171875000001 0.3390625 0.8208328125 0.35 0.8208328125 0.3609375 0.8145828125 0.3734375 0.8 0.3796875 0.7854171875 0.371875 0.775 0.3640625 0.7708328125 0.3484375 0.7479171874999999 0.346875 0.7479171874999999 0.340625 0.7333328125 0.334375 0.725
2 0.2546875 0.7479171874999999 0.2296875 0.78125 0.2203125 0.8020828124999999 0.21875 0.8270828124999999 0.2203125 0.83125 0.2484375 0.8645828124999999 0.259375 0.875 0.265625 0.8770828125 0.284375 0.8708328125 0.3 0.8583328124999999 0.3125 0.8416671875 0.3234375 0.8208328125 0.328125 0.8 0.328125 0.78125 0.325 0.7708328125 0.325 0.7625 0.3171875 0.74375 0.290625 0.7291671875 0.2890625 0.7291671875 0.278125 0.7291671875 0.2546875 0.7479171874999999
2 0.271875 0.5125 0.2609375 0.5291671874999999 0.25625 0.55 0.25625 0.5604171874999999 0.2640625 0.5854171874999999 0.2828125 0.60625 0.3109375 0.6145828125 0.33125 0.5770828125 0.3390625 0.5666671875 0.3453125 0.5625 0.35 0.5541671874999999 0.3453125 0.5354171875 0.33125 0.5166671875 0.3109375 0.5041671875 0.309375 0.5041671875 0.2859375 0.5041671875 0.271875 0.5125
2 0.4390625 0.8479171875 0.4203125 0.8541671875000001 0.3921875 0.8854171875000001 0.384375 0.9041671875 0.3796875 0.9375 0.38125 0.9520828124999999 0.3890625 0.9645828125 0.390625 0.9708328125 0.4015625 0.9854171875000001 0.4140625 0.99375 0.4265625 0.99375 0.446875 0.9875 0.48125 0.9666671875 0.490625 0.95625 0.4984375 0.9375 0.5 0.9083328125 0.4953125 0.8833328125 0.478125 0.8604171875000001 0.46875 0.8541671875000001 0.4671875 0.8541671875000001 0.453125 0.8479171875 0.4390625 0.8479171875
3 0.7484375 0.5979171875 0.453125 0.5979171875 0.453125 0.8145828125 0.7484375 0.8145828125 0.7484375 0.5979171875
3 0.459375 0.6479171874999999 0.4453125 0.6395828125 0.421875 0.6458328125 0.41875 0.65 0.43125 0.6666671875 0.434375 0.675 0.4390625 0.675 0.45625 0.66875 0.4734375 0.66875 0.4890625 0.6625 0.50625 0.64375 0.5046875 0.6375 0.503125 0.6375 0.4875 0.6479171874999999 0.459375 0.6479171874999999
3 0.3890625 0.3 0.3875 0.31875 0.3890625 0.3208328125 0.390625 0.3479171875 0.39375 0.3645828125 0.4015625 0.3875 0.403125 0.3979171875 0.428125 0.45625 0.4453125 0.47708281250000006 0.4546875 0.5020828125000001 0.4703125 0.5208328125 0.478125 0.5229171874999999 0.4875 0.51875 0.5078125 0.5020828125000001 0.51875 0.4875 0.51875 0.47291718749999995 0.5109375 0.46458281250000005 0.509375 0.4583328125 0.5046875 0.45208281250000004 0.4796875 0.43958281250000003 0.4734375 0.43125 0.4640625 0.41458281250000006 0.4609375 0.40208281250000005 0.4296875 0.3375 0.3984375 0.2958328125 0.396875 0.2958328125 0.3921875 0.2958328125 0.3890625 0.3
4 0.4859375 0.35 0.478125 0.3541671875 0.4734375 0.3604171875 0.465625 0.38125 0.4640625 0.40833281250000003 0.46875 0.42083281250000004 0.4828125 0.43958281250000003 0.503125 0.4479171875 0.515625 0.4479171875 0.521875 0.44583281250000006 0.5296875 0.43125 0.5421875 0.4166671875 0.54375 0.39375 0.5375 0.3791671875 0.5265625 0.3645828125 0.5109375 0.3541671875 0.509375 0.3541671875 0.5 0.35 0.4859375 0.35
5 0.15625 0.6395828125 0.1421875 0.65 0.1296875 0.6645828125000001 0.1234375 0.6833328125 0.121875 0.7166671874999999 0.15625 0.7583328125000001 0.1765625 0.7791671874999999 0.1890625 0.7791671874999999 0.196875 0.775 0.2109375 0.7625 0.2234375 0.7458328125 0.228125 0.73125 0.228125 0.7208328125000001 0.23125 0.7104171874999999 0.23125 0.6958328125000001 0.228125 0.6875 0.228125 0.6791671874999999 0.221875 0.6625 0.2046875 0.6416671875 0.190625 0.6354171875 0.1796875 0.6354171875 0.178125 0.6333328125000001 0.1765625 0.6354171875 0.1671875 0.6354171875 0.15625 0.6395828125
5 0.3296875 0.46666718749999997 0.3171875 0.48541718749999996 0.3125 0.5020828125000001 0.33125 0.5145828125 0.346875 0.5354171875 0.3515625 0.55625 0.35625 0.5583328125 0.3640625 0.55625 0.365625 0.5520828125 0.359375 0.5333328125000001 0.3578125 0.5083328125000001 0.359375 0.5 0.3765625 0.46666718749999997 0.36875 0.46041718749999994 0.3546875 0.45625 0.353125 0.45625 0.3375 0.46041718749999994 0.3296875 0.46666718749999997
5 0.390625 0.78125 0.3859375 0.7854171875 0.375 0.8 0.36875 0.81875 0.36875 0.83125 0.3796875 0.8416671875 0.39375 0.8604171875000001 0.4 0.8729171875 0.4203125 0.8520828125 0.4375 0.8458328125 0.4640625 0.8479171875 0.4671875 0.8395828125 0.4671875 0.8208328125 0.453125 0.8020828124999999 0.45 0.7854171875 0.4390625 0.7770828125 0.4203125 0.7708328125 0.41875 0.7708328125 0.4078125 0.7770828125 0.390625 0.78125
1 0.3421875 0.5666671875 0.328125 0.5854171874999999 0.3125 0.61875 0.3328125 0.6479171874999999 0.334375 0.6541671874999999 0.340625 0.6604171875 0.3546875 0.64375 0.36875 0.6333328125000001 0.3859375 0.63125 0.4015625 0.6354171875 0.4046875 0.63125 0.40625 0.60625 0.403125 0.5895828125 0.39375 0.5729171875 0.3796875 0.5604171874999999 0.378125 0.5604171874999999 0.359375 0.5583328125 0.3421875 0.5666671875
1 0.2671875 0.6166671874999999 0.2578125 0.6291671875 0.2421875 0.64375 0.2328125 0.6666671875 0.2328125 0.6833328125 0.2390625 0.70625 0.25 0.7291671875 0.2578125 0.7395828125 0.2609375 0.7395828125 0.278125 0.7270828125000001 0.2921875 0.7270828125000001 0.3046875 0.7354171875 0.3125 0.7375 0.3296875 0.7145828125 0.33125 0.6833328125 0.3359375 0.6708328125 0.334375 0.65625 0.3265625 0.6416671875 0.3140625 0.6270828125000001 0.2890625 0.6125 0.2875 0.6125 0.2765625 0.6125 0.2671875 0.6166671874999999
1 0.465625 0.5291671874999999 0.4484375 0.5375 0.4375 0.55625 0.4328125 0.56875 0.4296875 0.5854171874999999 0.4328125 0.6083328125 0.4375 0.6208328125 0.4484375 0.6375 0.4578125 0.64375 0.4828125 0.6458328125 0.496875 0.6395828125 0.509375 0.6291671875 0.5203125 0.6125 0.5234375 0.5979171875 0.5234375 0.5833328125 0.51875 0.5645828125000001 0.5078125 0.5458328125 0.496875 0.5375 0.4953125 0.5375 0.484375 0.53125 0.465625 0.5291671874999999
1 0.3875 0.4625 0.371875 0.47708281250000006 0.3609375 0.5020828125000001 0.359375 0.5145828125 0.3609375 0.5166671875 0.3609375 0.53125 0.36875 0.5541671874999999 0.3859375 0.5625 0.4 0.575 0.4109375 0.575 0.4171875 0.5708328125000001 0.428125 0.56875 0.434375 0.5604171874999999 0.45 0.5291671874999999 0.4515625 0.5020828125000001 0.44375 0.47708281250000006 0.4390625 0.47083281250000003 0.425 0.46041718749999994 0.4109375 0.45625 0.409375 0.45625 0.4015625 0.45625 0.3875 0.4625
0 0.5265625 0.47083281250000003 0.521875 0.47708281250000006 0.521875 0.48333281250000004 0.51875 0.49166718749999994 0.5015625 0.5125 0.5015625 0.5354171875 0.5140625 0.55 0.521875 0.56875 0.5265625 0.575 0.5375 0.5791671875 0.553125 0.5791671875 0.5625 0.575 0.58125 0.5520828125 0.5890625 0.53125 0.590625 0.5208328125 0.5890625 0.5020828125000001 0.5828125 0.48541718749999996 0.571875 0.47291718749999995 0.5609375 0.46666718749999997 0.559375 0.46666718749999997 0.5359375 0.46666718749999997 0.5265625 0.47083281250000003
0 0.34375 0.6583328125000001 0.3359375 0.6729171875 0.3328125 0.6979171875 0.334375 0.7 0.3359375 0.7229171875 0.340625 0.7291671875 0.340625 0.7333328125 0.346875 0.7458328125 0.3640625 0.76875 0.384375 0.7791671874999999 0.3921875 0.7791671874999999 0.4109375 0.7729171874999999 0.41875 0.7666671875 0.428125 0.7479171874999999 0.4328125 0.7333328125 0.4375 0.7125 0.4375 0.69375 0.4296875 0.66875 0.415625 0.6479171874999999 0.4 0.6375 0.3828125 0.6354171875 0.38125 0.6333328125000001 0.3796875 0.6333328125000001 0.3625 0.6395828125 0.34375 0.6583328125000001
0 0.66875 0.5520828125 0.653125 0.5708328125000001 0.646875 0.5833328125 0.64375 0.5979171875 0.6453125 0.625 0.6484375 0.6291671875 0.65 0.6375 0.653125 0.6395828125 0.6890625 0.6125 0.7234375 0.5958328125000001 0.7390625 0.59375 0.740625 0.5916671874999999 0.7375 0.5770828125 0.725 0.5604171874999999 0.7109375 0.55 0.6953125 0.54375 0.69375 0.54375 0.68125 0.5458328125 0.66875 0.5520828125
0 0.4375 0.6770828125 0.4359375 0.68125 0.440625 0.6958328125000001 0.440625 0.7083328125 0.43125 0.7458328125 0.4234375 0.7604171875 0.421875 0.76875 0.4359375 0.7729171874999999 0.4515625 0.7833328125000001 0.46875 0.7729171874999999 0.484375 0.76875 0.5015625 0.7375 0.5125 0.7229171875 0.50625 0.7020828125 0.4984375 0.6875 0.4796875 0.6729171875 0.4734375 0.6708328125 0.471875 0.6708328125 0.4453125 0.6729171875 0.4375 0.6770828125
1 0.590625 0.6770828125 0.6203125 0.6604171875 0.6390625 0.6020828125000001 0.6390625 0.58125 0.621875 0.5541671874999999 0.5953125 0.5479171875 0.5546875 0.5958328125000001 0.553125 0.6291671875 0.5765625 0.6520828125 0.584375 0.6770828125 0.590625 0.6770828125
1 0.578125 0.69375 0.5828125 0.6854171874999999 0.5734375 0.6479171874999999 0.5453125 0.6270828125000001 0.521875 0.63125 0.503125 0.6604171875 0.503125 0.6916671875 0.5140625 0.71875 0.5578125 0.69375 0.578125 0.69375
1 0.6015625 0.8708328125 0.590625 0.8333328124999999 0.5796875 0.81875 0.553125 0.80625 0.5171875 0.8208328125 0.5 0.8541671875000001 0.5 0.8916671875000001 0.5390625 0.9729171875 0.5515625 0.9666671875 0.6015625 0.8708328125
1 0.378125 0.9541671875000001 0.38125 0.9083328125 0.3953125 0.86875 0.3703125 0.8354171875 0.3484375 0.8291671875000001 0.31875 0.8479171875 0.3015625 0.8854171875000001 0.3 0.9145828125 0.353125 0.9708328125 0.3640625 0.9708328125 0.378125 0.9541671875000001
