2 0.03540625 0.509590625 0.030017187499999997 0.5215828124999999 0.0114078125 0.540015625 0.0058625 0.5535625 0.0044671875 0.5675546875 0.010590625 0.5902093749999999 0.01764375 0.6035359375 0.030765625 0.619084375 0.051871875 0.6386296875 0.0656140625 0.647959375 0.07759218749999999 0.6539578125000001 0.0981765625 0.657734375 0.1000953125 0.6595125000000001 0.13758125000000002 0.661959375 0.16324531250000002 0.656853125 0.20290312500000002 0.637534375 0.220059375 0.6126609375000001 0.22021406250000003 0.61110625 0.221921875 0.5940046875 0.21802656250000002 0.57001875 0.19961562500000002 0.5444765625 0.1551734375 0.506715625 0.1267578125 0.49738437500000005 0.11431406250000001 0.49605 0.0951828125 0.49871406250000005 0.057853125000000005 0.4947125 0.0513203125 0.49715468749999997 0.03540625 0.509590625
2 0.30125156249999996 0.3872421875 0.2755875 0.392346875 0.255990625 0.399675 0.23924531249999997 0.3994515625 0.231259375 0.395453125 0.2309484375 0.39856250000000004 0.2745578125 0.4236625 0.27870625000000004 0.42410781249999996 0.2922921875 0.43499218749999996 0.321328125 0.43810312500000004 0.3342375 0.43477343749999997 0.34092500000000003 0.4307765625 0.3412359375 0.4276671875 0.330653125 0.407678125 0.327746875 0.3947953125 0.330540625 0.3668125 0.3406984375 0.34904531250000004 0.35884218749999997 0.3352765625 0.358996875 0.333721875 0.3594625 0.3290578125 0.3557796875 0.32395 0.3423484375 0.3115109375 0.3322890625 0.307290625 0.3299046875 0.31017656250000003 0.32701250000000004 0.36014843750000003 0.3244734375 0.364590625 0.3263921875 0.36636718749999997 0.3165453125 0.381025 0.30125156249999996 0.3872421875
2 0.17124062499999998 0.2617453125 0.170775 0.266409375 0.1634671875 0.276625 0.15999531250000001 0.29039375 0.1619140625 0.292171875 0.16119531250000002 0.3203765625 0.16793906249999999 0.3368125 0.180440625 0.3585796875 0.193871875 0.37101875 0.2218203125 0.3850125 0.2334875 0.3941203125 0.24769531250000001 0.3987859375 0.256146875 0.3981203125 0.271440625 0.391903125 0.3122421875 0.382134375 0.3216234375 0.372140625 0.32270937499999997 0.361259375 0.32493906250000004 0.3599265625 0.326434375 0.32394687499999997 0.3289734375 0.3195046875 0.32721093749999997 0.3161734375 0.3294390625 0.314840625 0.3275203125 0.31306406249999996 0.330159375 0.286634375 0.32465625 0.2577625 0.3152171875 0.24732343750000002 0.301475 0.23799375 0.2874234375 0.2317734375 0.24609999999999999 0.225771875 0.22712343750000002 0.22688125 0.20337968750000002 0.2337640625 0.187775 0.243090625 0.17124062499999998 0.2617453125
2 0.163959375 0.16668750000000002 0.1207875 0.24219531249999998 0.1201671875 0.24841406250000003 0.1297609375 0.2572984375 0.137746875 0.261296875 0.1479609375 0.26396406250000004 0.153871875 0.2677390625 0.1642421875 0.2688515625 0.17662968750000002 0.24975156250000002 0.18585625 0.2413140625 0.2036890625 0.2306546875 0.235884375 0.22310625 0.2773640625 0.22755312499999997 0.27959375 0.22622031250000002 0.2797484375 0.224665625 0.2805234375 0.2168921875 0.2763203125 0.1960140625 0.271028125 0.1860203125 0.267190625 0.18246562500000002 0.23716875 0.16824843750000001 0.2021640625 0.14092812500000002 0.1878015625 0.1378171875 0.17888593749999998 0.143146875 0.17095625 0.15958125 0.163959375 0.16668750000000002
2 0.4457625 0.2204625 0.44897968749999995 0.230234375 0.4635546875 0.2522234375 0.48082343749999995 0.26821562499999996 0.49487500000000006 0.2744359375 0.515459375 0.27821406249999997 0.517378125 0.279990625 0.5361984375 0.2804359375 0.5618624999999999 0.27533124999999997 0.5906859375 0.259565625 0.595609375 0.2522359375 0.5957656250000001 0.25068125 0.5975703125 0.21159218750000003 0.5888515625 0.172946875 0.5776484375 0.1591765625 0.5493890625 0.148290625 0.5141328125 0.1445109375 0.5077546875000001 0.1454 0.486084375 0.15250468749999999 0.46379374999999995 0.165828125 0.450940625 0.18959062499999998 0.4457625 0.2204625
3 0.2873984375 0.5680265624999999 0.2794125 0.564028125 0.2524515625 0.5611375 0.24384531250000002 0.5633578124999999 0.23555 0.5624687500000001 0.2263234375 0.5709078125 0.22793125 0.57579375 0.22331718750000001 0.5800140625 0.22238750000000002 0.5893421875 0.22430625 0.5911187499999999 0.22182343750000003 0.6159921875000001 0.20259375 0.64064375 0.1869890625 0.6499703125 0.1740796875 0.6533 0.15432812499999998 0.6621828125 0.11430156250000001 0.6641765625 0.0937171875 0.6604 0.0917984375 0.6586234375 0.0812734375 0.659065625 0.0647390625 0.6777203125 0.0290734375 0.6990375 0.0309921875 0.7008156249999999 0.0434359375 0.7021484375 0.0520421875 0.699928125 0.0793140625 0.6997093750000001 0.115346875 0.695715625 0.14116562500000002 0.6890546875 0.15806718749999998 0.6877234375 0.1902625 0.680175 0.227846875 0.660634375 0.253821875 0.6524203125 0.26227187500000004 0.6517546875 0.2893890625 0.6530890625 0.30774375 0.6582 0.3296265625 0.6699734375 0.3392203125 0.6788578125 0.35565625 0.6821906249999999 0.3717828125 0.6886328125000001 0.38360625000000004 0.6961859375 0.3949625 0.7084015625 0.40725156250000005 0.711290625 0.421303125 0.7175109375 0.4421984375 0.718178125 0.45941093750000006 0.7137390625 0.4707125 0.705521875 0.4716421875 0.6961937500000001 0.47387187500000005 0.6948609375 0.4740265625 0.69330625 0.47542343750000005 0.679315625 0.457478125 0.6491078124999999 0.42885156249999995 0.6209 0.41319062500000003 0.6097921875 0.37901875 0.59513125 0.329709375 0.5851328125 0.3118203125 0.5753578125 0.3055984375 0.574690625 0.29776875 0.5691375 0.2873984375 0.5680265624999999
3 0.50063125 0.27976718749999996 0.486425 0.2751015625 0.45930781249999997 0.273765625 0.453240625 0.27154531249999997 0.45101250000000004 0.2728765625 0.4133703125 0.271984375 0.38563281250000003 0.27686875 0.37656093749999997 0.283753125 0.3756296875 0.2930796875 0.38315 0.30174218750000004 0.3892171875 0.3039640625 0.404721875 0.316625 0.44013437499999997 0.31884999999999997 0.45019375000000006 0.32307031249999996 0.47477187499999995 0.328846875 0.49872812499999997 0.34084375 0.52320625 0.36860781249999997 0.5304156250000001 0.3803796875 0.6037953125 0.4432390625 0.6129234375 0.45678906250000006 0.6161390625000001 0.4665609375 0.6131921874999999 0.49610000000000004 0.6197796875 0.5140890625 0.6203031250000001 0.529859375 0.6275125 0.5416296875 0.6351875 0.5487375 0.6384046875 0.5585109375 0.6389265625 0.5742796875 0.658946875 0.604709375 0.6623187500000001 0.6129265625 0.6616984375 0.6191453124999999 0.6720671874999999 0.62025625 0.680984375 0.6149265625 0.6852296875 0.5933843750000001 0.6833109375 0.5916078125 0.6837203125 0.5665109375 0.6818015625 0.564734375 0.6836640625 0.546078125 0.7018078125 0.532309375 0.71435 0.5116562499999999 0.7145046875000001 0.5101015624999999 0.7177640625 0.477453125 0.7137140625 0.455021875 0.7003812500000001 0.4205953125 0.6838875 0.39682968750000003 0.6462890625 0.3535171875 0.6328578125 0.341078125 0.5996171875 0.3170890625 0.5679859375 0.2979859375 0.5418000000000001 0.287321875 0.50063125 0.27976718749999996
3 0.5975875 0.5054265625000001 0.57560625 0.515640625 0.5687640625 0.5211921875 0.599309375 0.5511781250000001 0.6097359375 0.5727218749999999 0.61331875 0.5998187500000001 0.62021875 0.6147 0.63365 0.6271375 0.6481671875 0.6286937499999999 0.6613875 0.6222546875 0.6615421875 0.6207 0.66024375 0.6127046875 0.65158125 0.5944921875 0.6350890625 0.570725 0.634721875 0.5534015625 0.6216 0.5378546875 0.6163093749999999 0.527859375 0.6169296875 0.5216406250000001 0.6108078124999999 0.4989859375 0.6068140625 0.4969875 0.5975875 0.5054265625000001
4 0.73015 0.45835468749999997 0.727978125 0.4801203125 0.7393359375 0.49233593750000004 0.7511578125 0.4998890625 0.7655203125 0.5029984375 0.7760453125 0.50255625 0.8249890625 0.49523124999999996 0.8490437500000001 0.4852390625 0.8585796875 0.47369218750000003 0.8587359375 0.4721375 0.8629828125 0.45059375 0.8560828125000001 0.4357125 0.8352859374999999 0.41305781250000007 0.8233078125000001 0.40705937499999995 0.8108640625 0.405725 0.79795625 0.40905625 0.7798125 0.42282343750000007 0.7560671875 0.42970625 0.7426921875 0.4377 0.73015 0.45835468749999997
5 0.360228125 0.7203921875 0.357590625 0.7468203124999999 0.3498171875 0.7617 0.3358203125 0.7759125 0.34204218750000004 0.7765796875000001 0.35064843749999997 0.774359375 0.36386875 0.7679203125 0.38024843750000004 0.7508203124999999 0.3877125 0.73905 0.38786718750000004 0.7374953125 0.3921140625 0.715953125 0.3832953125 0.6992953125 0.3794578125 0.695740625 0.353428125 0.6835234375 0.3430578125 0.6824109375 0.342746875 0.6855203125 0.348503125 0.6908515625 0.34819374999999997 0.6939609375 0.357321875 0.707509375 0.360228125 0.7203921875
5 0.22667031249999997 0.06341875 0.2092046875 0.0914015625 0.2035046875 0.106503125 0.19889062500000002 0.110721875 0.19573125 0.1213828125 0.20631249999999998 0.14137187499999998 0.241315625 0.16869375 0.2775609375 0.18357812499999998 0.3086703125 0.18691249999999998 0.34055625 0.1824734375 0.3736828125 0.165596875 0.39483125 0.1427234375 0.40037500000000004 0.1291765625 0.4014609375 0.11829375 0.403690625 0.1169609375 0.4038453125 0.11540625 0.4061734375 0.0920859375 0.403421875 0.07765 0.3946046875 0.060992187499999996 0.37971875 0.042112500000000004 0.3642140625 0.0294515625 0.34440624999999997 0.0179 0.3274078125 0.0121265625 0.2586484375 0.0095796875 0.2476078125 0.0216671875 0.2393671875 0.0412109375 0.2347546875 0.045429687499999996 0.22667031249999997 0.06341875
5 0.5770015625 0.27066875 0.5594781249999999 0.2782171875 0.5424203125 0.281103125 0.5421109375000001 0.2842125 0.5841125 0.304428125 0.6096765625 0.321309375 0.6271015625 0.335746875 0.637315625 0.3384140625 0.6718390624999999 0.3075453125 0.6793015625 0.295775 0.6794578125 0.29422031249999997 0.6777921874999999 0.2689015625 0.6689734374999999 0.25224375 0.6593796875 0.2433578125 0.641490625 0.233584375 0.6212171875 0.22669687500000002 0.6066984375 0.2251421875 0.6001671875000001 0.227584375 0.6000687499999999 0.249571875 0.5949890625 0.2584546875 0.5770015625 0.27066875
5 0.22524843749999998 0.4136640625 0.20435468750000002 0.4129953125 0.1998953125 0.41566093750000005 0.1967921875 0.44675312500000003 0.1887078125 0.4647421875 0.1745578125 0.480509375 0.1435046875 0.49760781249999997 0.15740156249999998 0.5053828125 0.17881875 0.5218203124999999 0.19800625 0.5395890624999999 0.209209375 0.5533609375 0.22564531250000003 0.55669375 0.2361703125 0.55625 0.2619890625 0.549590625 0.286509375 0.534934375 0.30035 0.5222765625 0.3078125 0.5105062499999999 0.30796875 0.5089515625 0.312525 0.4842984375 0.31060625000000003 0.48252187500000004 0.3113828125 0.4747484375 0.3068671875 0.45698125 0.2996578125 0.445209375 0.2804703125 0.42743906249999997 0.272484375 0.423440625 0.2522109375 0.41655312499999997 0.22747812500000003 0.41233125 0.22524843749999998 0.4136640625
1 0.3519984375 0.340828125 0.3403875 0.3521546875 0.335309375 0.3610375 0.3310625 0.38258125 0.33298125 0.3843578125 0.331275 0.40145937500000006 0.3450734375 0.43122187500000003 0.366334375 0.44921249999999996 0.4006609375 0.4623203125 0.45266406249999996 0.4663234375 0.47609843749999997 0.46254999999999996 0.4912375 0.4578875 0.5157578125 0.44323125 0.523065625 0.433015625 0.5232203125 0.4314609375 0.52995 0.38504375 0.5209765625 0.36993906249999997 0.49250625000000003 0.3401765625 0.47046875000000005 0.3299578125 0.4418984375 0.32218125 0.42738125 0.320625 0.41669999999999996 0.3226234375 0.40840468750000003 0.321734375 0.36314531250000004 0.33416718749999996 0.3519984375 0.340828125
1 0.101009375 0.3563515625 0.08618125 0.3579046875 0.0633671875 0.355459375 0.054295312500000005 0.3623421875 0.038748437499999996 0.3921015625 0.03004375 0.416309375 0.0118015625 0.452065625 0.010715625 0.4629484375 0.027984375 0.478940625 0.0460296875 0.48715937499999995 0.0686875 0.49115937499999995 0.07060625000000001 0.49293750000000003 0.09549375 0.49560468750000003 0.1166984375 0.4931640625 0.1353640625 0.49516406249999995 0.1482734375 0.491834375 0.168025 0.4829515625 0.1844046875 0.46585312500000003 0.1845609375 0.4642984375 0.1893296875 0.45852343749999996 0.1950296875 0.443421875 0.197046875 0.42321093750000005 0.19574843749999998 0.415215625 0.18869375 0.4018890625 0.1774921875 0.38811874999999996 0.16183125 0.37701250000000003 0.14585937499999999 0.3690140625 0.12159374999999999 0.360128125 0.101009375 0.3563515625
1 0.6551484375000001 0.32775468750000003 0.6528203125 0.35107499999999997 0.665321875 0.372840625 0.6880359375 0.3972734375 0.697009375 0.4123765625 0.706603125 0.4212625 0.7482375 0.424153125 0.7718265625 0.418825 0.80925625 0.40083906249999995 0.8143359374999999 0.39195625 0.8235625000000001 0.38351718749999997 0.8287968749999999 0.3730796875 0.8289515625 0.371525 0.8284296875000001 0.35575625 0.820853125 0.32666093749999997 0.8000562499999999 0.3040046875 0.7761 0.292009375 0.74084375 0.2882296875 0.723940625 0.2895609375 0.7046546874999999 0.293778125 0.6828296875000001 0.3024390625 0.6576875 0.3233125 0.6551484375000001 0.32775468750000003
1 0.4934125 0.6671015625 0.48464999999999997 0.6708765624999999 0.4801921875 0.673540625 0.4750140625 0.7044125 0.4783875 0.7126296875 0.48782500000000006 0.72306875 0.49441406250000003 0.7410593750000001 0.5099203125 0.7537203124999999 0.5281203125 0.7603859374999999 0.5675250000000001 0.764609375 0.5844265625 0.763278125 0.6212359375000001 0.7515109375 0.6368390625 0.742184375 0.6460671875 0.7337453125 0.6538406250000001 0.7188656250000001 0.6539953125 0.7173109375 0.6550812500000001 0.706428125 0.6462640625 0.6897703125 0.6366703125 0.6808859375 0.6230265625 0.64956875 0.6113593749999999 0.6404609375 0.596840625 0.6389046875 0.5723203125 0.6535609375 0.5595671875 0.6553375 0.5442734375 0.6615546875 0.4934125 0.6671015625
0 0.7170609375 0.7994921875000001 0.69865 0.7739499999999999 0.6772328125 0.7575125 0.6528109375 0.75018125 0.6363734375 0.7468484375 0.5992546875 0.761725 0.5587640625 0.768384375 0.5444578124999999 0.7857062499999999 0.5399015625 0.8103578125 0.5497062500000001 0.8381203125000001 0.58040625 0.8665515625 0.6209546875 0.8803265625 0.660359375 0.88455 0.699553125 0.8698953125 0.7214203125 0.818815625 0.7170609375 0.7994921875000001
0 0.7869531249999999 0.5822890625 0.7660015625 0.5611890625 0.7263843750000001 0.5380859375 0.7102578125 0.53164375 0.6879671875 0.5449671875 0.6864515625000001 0.6021578125 0.6717578125 0.623365625 0.6374875 0.6306921875 0.6547562499999999 0.646684375 0.6809421875 0.657346875 0.7307171875 0.6626828125 0.760528125 0.658021875 0.7953625 0.62404375 0.7973796875 0.603834375 0.7869531249999999 0.5822890625
0 0.5953171875 0.549178125 0.5663796875 0.5240781250000001 0.5400390625 0.5149703125 0.48165781250000006 0.5118546875 0.44391718750000003 0.53295 0.42437812499999994 0.5607109375 0.421740625 0.587140625 0.43346406249999997 0.6166796875 0.46623906249999997 0.6453328125 0.49641718749999997 0.6579953125 0.5359765624999999 0.660665625 0.576934375 0.6493421875000001 0.6076203125 0.6149203125 0.6104125 0.5869359375000001 0.5953171875 0.549178125
0 0.442971875 0.479425 0.4210890625 0.46765156250000006 0.3489671875 0.45520781250000003 0.3143875 0.46564375 0.3100421875 0.5091734375 0.28397031250000004 0.5393765625 0.298078125 0.566028125 0.3381609375 0.5844671875 0.3893890625 0.5962421875 0.41728125 0.5898046875 0.425153125 0.5529375 0.457603125 0.521846875 0.45868906249999997 0.5109640625 0.442971875 0.479425
0 0.44200937500000004 0.1320671875 0.4166 0.11363125 0.40830312500000004 0.11274218750000001 0.3872125 0.1560484375 0.3579234375 0.17647812499999999 0.3211140625 0.1882453125 0.27725 0.1866875 0.2816109375 0.206009375 0.32237031250000003 0.2386609375 0.34871093750000004 0.2477703125 0.40501875 0.2506625 0.439075 0.224459375 0.4580375 0.160496875 0.44200937500000004 0.1320671875
1 0.3576890625 0.7248328125 0.3498015625 0.698846875 0.327396875 0.6713046874999999 0.2973734375 0.6570875 0.255740625 0.654196875 0.229921875 0.6608578125 0.16989062500000002 0.6952765624999999 0.1557390625 0.71104375 0.1617078125 0.7352531250000001 0.204075 0.7727906250000001 0.24400312500000002 0.7927828124999999 0.2791046875 0.7981171875 0.309071875 0.7919015625 0.33359218749999997 0.7772453125000001 0.3529765625 0.751040625 0.3576890625 0.7248328125
1 0.5307828125 0.397703125 0.51783125 0.443453125 0.48455000000000004 0.461884375 0.4568125 0.4667671875 0.45572656250000004 0.47765 0.48035937500000003 0.503859375 0.5668453125 0.5194156249999999 0.6072796874999999 0.49232343749999996 0.612146875 0.46456093750000005 0.5842968749999999 0.4285796875 0.5370046875 0.3983703125 0.5307828125 0.397703125
