2 0.1308578125 0.5488609375 0.12963906249999999 0.5661890625 0.1276359375 0.5680140625 0.12834218749999998 0.5819687499999999 0.130503125 0.5832453125 0.130975 0.5925484375 0.140009375 0.6054078125 0.148809375 0.613615625 0.1660953125 0.623828125 0.1894703125 0.6301203125 0.2124515625 0.6286578125 0.2146125 0.629934375 0.23535468750000002 0.6256468749999999 0.26603750000000004 0.6106859375 0.2900015625 0.5872437500000001 0.3012375 0.5607921874999999 0.301159375 0.5592421875 0.301828125 0.531059375 0.29247812500000003 0.5119984375 0.28359999999999996 0.5022390624999999 0.2706359375 0.49457968750000003 0.2515046875 0.48929062500000003 0.2241234375 0.4866484375 0.1991375 0.489934375 0.164290625 0.50544375 0.14433281250000002 0.5252375 0.1308578125 0.5488609375
2 0.6306078125 0.5252828125 0.6436499999999999 0.5344921874999999 0.6607000000000001 0.5400546875 0.697353125 0.5602078125000001 0.72025625 0.557196875 0.7428453125 0.5479828125 0.7528625 0.5388609375 0.764178125 0.5139609375 0.7641 0.5124093750000001 0.7650828125 0.49042812500000005 0.7558890625 0.47446875000000005 0.7385265624999999 0.46270468749999993 0.7088265625 0.455684375 0.6796765625 0.45951718750000003 0.657165625 0.4702828125 0.643140625 0.48305312499999997 0.6353625 0.4950015625 0.6300578125 0.514428125 0.6306078125 0.5252828125
3 0.31105625 0.67188125 0.28929218749999996 0.6560125 0.25711875 0.6415140625 0.2294234375 0.6326703124999999 0.21677343750000003 0.6312125 0.198034375 0.6336765625 0.157765625 0.6249234375 0.0994671875 0.632590625 0.0809625 0.6397062499999999 0.06438437500000001 0.6434484375 0.0626953125 0.6514734375 0.078684375 0.6774671875 0.0898015625 0.6900515625 0.0938875 0.687953125 0.10366875 0.67418125 0.11769375 0.6614109375 0.1421296875 0.647271875 0.162715625 0.63988125 0.1981125 0.6352265625 0.2130015625 0.6395125 0.219246875 0.638690625 0.2384578125 0.6455296875000001 0.2600640625 0.6582953125000001 0.2712609375 0.67243125 0.27597499999999997 0.6827375 0.2769953125 0.70289375 0.2698453125 0.727246875 0.25829375 0.7474968750000001 0.271571875 0.7613578125 0.278525 0.774490625 0.283396875 0.7878984375 0.284025 0.8003015625 0.2861859375 0.801578125 0.28775625 0.8325890625 0.292234375 0.83824375 0.2926265625 0.8459953125 0.299659375 0.8606796875 0.31077656249999996 0.8732640625 0.31556875 0.885121875 0.316 0.9350109375000001 0.3251140625 0.9494203125 0.348409375 0.9541609375 0.3588203125 0.9527921875 0.358034375 0.9372875 0.3536359375 0.9331828124999999 0.3507671875 0.9179515625000001 0.3486078125 0.916675 0.35021874999999997 0.9070984375 0.3480578125 0.905821875 0.347115625 0.887215625 0.35650468750000003 0.865690625 0.3598046875 0.8480874999999999 0.369509375 0.8327640625000001 0.3855375 0.8181687500000001 0.385459375 0.81661875 0.3894671875 0.8129703125000001 0.38899531249999997 0.8036671875 0.3909984375 0.8018421874999999 0.3891921875 0.76618125 0.3870328125 0.7649046875 0.386403125 0.7525000000000001 0.3745015625 0.724409375 0.361065625 0.707446875 0.3434671875 0.69103125 0.31105625 0.67188125
3 0.32303125 0.9496953124999999 0.3137609375 0.932184375 0.3110125 0.877915625 0.2953375 0.8581265625000001 0.2854390625 0.8282109375 0.27950624999999996 0.835234375 0.2761265625 0.8512875 0.2625734375 0.8733609375 0.24949062500000002 0.9047375000000001 0.2454828125 0.9083859375 0.2417109375 0.9166859374999999 0.2420265625 0.9228875000000001 0.2604890625 0.9563593750000001 0.2837609375 0.9857421875 0.2877015625 0.9855671875 0.303309375 0.9741390624999999 0.32118437499999997 0.9546203125 0.32110625000000004 0.9530687500000001 0.32303125 0.9496953124999999
3 0.6953484375000001 0.5620328125 0.6629390625 0.5428828125 0.6286828125 0.5286578125 0.6223578125 0.5279281250000001 0.62066875 0.5359546875000001 0.6228281250000001 0.5372312499999999 0.6288781250000001 0.5738953125 0.62510625 0.5821953125 0.607309375 0.6032656249999999 0.6203515625 0.6124765625 0.63146875 0.6250625000000001 0.6487546875 0.635275 0.662346875 0.6553390625 0.6671390625 0.6671953125 0.6676109375 0.6764984375 0.66215 0.692825 0.6523671875 0.7065984375000001 0.648909375 0.7211015625 0.631584375 0.7514734375 0.634371875 0.7651546875 0.622821875 0.785403125 0.606715625 0.7984484375 0.6053390624999999 0.8126765625000001 0.6146890625 0.8317375 0.6251781249999999 0.83191875 0.6313453124999999 0.8295468749999999 0.647375 0.8149515624999999 0.6669390625 0.78740625 0.6749546875 0.780109375 0.695853125 0.778921875 0.702021875 0.7765500000000001 0.7303078125 0.7556609375 0.7542718749999999 0.73221875 0.7677484375 0.70859375 0.76766875 0.70704375 0.769515625 0.70211875 0.7678671875 0.6695578125 0.76570625 0.6682812499999999 0.7653140625 0.660528125 0.7510921875000001 0.6280609375 0.7351828125 0.60361875 0.7130265625 0.5799984375 0.7065453125000001 0.57616875 0.7063875000000001 0.5730671875 0.6953484375000001 0.5620328125
3 0.6009390625 0.8085718749999999 0.6045546875000001 0.797171875 0.62081875 0.7872281250000001 0.6283624999999999 0.770628125 0.63236875 0.7669796875 0.6295015625 0.7517484375000001 0.6370453125 0.7351484375 0.6449015625000001 0.72475 0.646434375 0.7136218750000001 0.6443531250000001 0.7138953124999999 0.6401875 0.71444375 0.6096625 0.7325046875 0.5950875 0.734421875 0.575759375 0.7666203125 0.551715625 0.7885109375 0.5501046875 0.7980875000000001 0.5569796874999999 0.8096703125 0.5678609375 0.8176046875 0.5804328125 0.8175125 0.6009390625 0.8085718749999999
4 0.29762187500000004 0.6549171874999999 0.3043390625 0.6634 0.31522031250000004 0.6713328125 0.3367484375 0.68255 0.3598875 0.6841890625 0.3827921875 0.681178125 0.4033765625 0.6737875 0.4114703125 0.6680406249999999 0.43197656249999994 0.6591015625 0.46218906249999997 0.6348374999999999 0.465959375 0.6265375 0.46588124999999997 0.6249859375 0.4623078125 0.5958 0.44494375 0.5840359375 0.42357187500000004 0.5759218749999999 0.41300468749999997 0.5741890625 0.37760781250000003 0.57884375 0.354940625 0.5865078125000001 0.32834375 0.5993703125 0.3122375 0.6124140625 0.302690625 0.6308390625 0.29762187500000004 0.6549171874999999
4 0.36476406250000004 0.5321484375 0.38613437500000003 0.5402625 0.40624843750000006 0.5235703125 0.393128125 0.512809375 0.38177500000000003 0.495571875 0.380675 0.473865625 0.3861359375 0.4575390625 0.391990625 0.44896562500000003 0.3898296875 0.44768749999999996 0.3854296875 0.44358437500000003 0.3748625 0.441853125 0.3497984375 0.4435875 0.3501125 0.4497890625 0.3589109375 0.45799687499999997 0.36594375 0.47268125000000005 0.364803125 0.49156093749999996 0.3572609375 0.5081609375 0.33321718749999996 0.530053125 0.36476406250000004 0.5321484375
5 0.1535984375 0.7909203125000001 0.1625546875 0.8022296875 0.17190468750000001 0.8212906249999999 0.1853390625 0.8382531249999999 0.1878140625 0.8457328125 0.1921359375 0.8482859375 0.2104421875 0.8786546875000001 0.2193203125 0.8884140625000001 0.225565625 0.8875921874999999 0.2479984375 0.8752765625000001 0.266109375 0.860409375 0.2738875 0.848459375 0.2809609375 0.8225562500000001 0.28088125 0.8210062499999999 0.2818640625 0.799025 0.279703125 0.7977484375 0.2791546875 0.7868953125 0.2674875 0.7634562500000001 0.2564484375 0.752421875 0.246115625 0.755340625 0.2320125 0.7665609375 0.2095015625 0.777325 0.1533625 0.78626875 0.1535984375 0.7909203125000001
5 0.303478125 0.5636203125 0.29962656249999997 0.57036875 0.29986250000000003 0.5750203125 0.290159375 0.59034375 0.2702015625 0.6101375 0.2396765625 0.6282 0.24631562499999998 0.6351312499999999 0.29345781249999997 0.6554656249999999 0.2973078125 0.648715625 0.302375 0.6246375 0.3082296875 0.6160625 0.30815156250000003 0.6145125 0.33026875 0.5959953125 0.36719843750000003 0.5802140625 0.40451875 0.572184375 0.4042828125 0.5675328125 0.3884515625 0.544640625 0.369084375 0.5347015625 0.341703125 0.532059375 0.31270937499999996 0.53899375 0.3046953125 0.5462906249999999 0.303478125 0.5636203125
5 0.701909375 0.5674125 0.7194296875 0.582278125 0.753096875 0.6262359375 0.7713640625 0.61446875 0.8125359375000001 0.5996890625 0.8124578124999999 0.5981390625 0.8120640625 0.5903859375 0.8074296875 0.58163125 0.7985515624999999 0.5718734375000001 0.7748625 0.5593796875 0.7642156250000001 0.5560968749999999 0.74308125 0.552634375 0.7326703125 0.554003125 0.7224171875 0.5584734375 0.7016734375 0.5627609375 0.701909375 0.5674125
5 0.5378984375 0.350175 0.5238734375 0.3629453125 0.516015625 0.37334375 0.5123234375 0.38319375 0.5115765624999999 0.4098265625 0.5270937499999999 0.42651562500000006 0.5421390625 0.4339015625 0.56535625 0.43709218749999995 0.602834375 0.4321625 0.619334375 0.42687187499999996 0.635678125 0.4184796875 0.6556359375 0.3986859375 0.6613328125 0.38701093750000004 0.661253125 0.385459375 0.66239375 0.3665796875 0.65991875 0.35910156249999997 0.653121875 0.34906875 0.6421625 0.339584375 0.6314375 0.33475156250000004 0.612384375 0.3310140625 0.58315625 0.333296875 0.5811515625 0.335121875 0.5562453125 0.3399578125 0.5378984375 0.350175
1 0.44529218750000005 0.797825 0.420384375 0.8026609375 0.393709375 0.8139734375 0.37367343750000004 0.8322156250000001 0.36581562500000003 0.8426140625 0.36066875 0.8651421875 0.3512 0.8851171875 0.35300625 0.9207796874999999 0.3600390625 0.9354625000000001 0.3709984375 0.944946875 0.398459375 0.9491406250000001 0.4171984375 0.9466765625000001 0.42144062499999996 0.947678125 0.4255265625 0.94558125 0.42768750000000005 0.9468578125 0.43177343749999997 0.944759375 0.43393437500000004 0.9460359374999999 0.454834375 0.9448484374999999 0.49926562499999994 0.953053125 0.5197734374999999 0.9441124999999999 0.5358015625 0.9295187500000001 0.545584375 0.9157453125 0.5490406250000001 0.9012421875 0.5529703125000001 0.8960437499999999 0.5528921875 0.89449375 0.5562703124999999 0.878440625 0.5531671874999999 0.8585578125 0.5568609375 0.8487078125 0.556153125 0.834753125 0.544721875 0.8159656249999999 0.5251984375000001 0.8029249999999999 0.49757968750000003 0.79563125 0.48492968750000004 0.794171875 0.4472953125 0.796 0.44529218750000005 0.797825
1 0.9204890625000001 0.7446984375000001 0.919153125 0.7183390625 0.9078781250000001 0.702653125 0.8951499999999999 0.69964375 0.8812031250000001 0.7139656249999999 0.8503640625 0.725825 0.8212140625 0.7296578125 0.7664515625 0.7243734374999999 0.7545078125 0.7368703125 0.7556078125 0.7585765624999999 0.7949703125 0.7908593749999999 0.8330765625 0.7983359375 0.8621484374999999 0.7929515625 0.8989203124999999 0.77406875 0.9204890625000001 0.7446984375000001
1 0.8398390625 0.60078125 0.7796140625 0.6118234375 0.7553359375 0.6290640625 0.7673171875 0.6587046875 0.768140625 0.7163468749999999 0.797996875 0.7264671875000001 0.856453125 0.7219015625 0.8770390625 0.7145125 0.9108656249999999 0.678846875 0.9176234375 0.6467421875 0.9081171875 0.6245796875 0.8821890625 0.6092593749999999 0.8398390625 0.60078125
1 0.585621875 0.6716734375 0.59713125 0.6920109375 0.595009375 0.7328718750000001 0.6421921875 0.7126187500000001 0.6636031250000001 0.6801484375 0.6512296875 0.6427546875 0.6053843750000001 0.606640625 0.54178125 0.633734375 0.529759375 0.64468125 0.585621875 0.6716734375
1 0.6185859375 0.5362281249999999 0.6073109375 0.5205421875 0.5500734375 0.507778125 0.5001796875 0.5159 0.46580468750000004 0.5407109375 0.4543328125 0.5625109375 0.453271875 0.5829421875 0.46918125 0.6073828125 0.4952671875 0.6258046875 0.51648125 0.63081875 0.545709375 0.6285359374999999 0.57863125 0.6164031249999999 0.6030671875 0.6022624999999999 0.6247921875 0.5759937500000001 0.6185859375 0.5362281249999999
1 0.24069687499999998 0.64835625 0.20243281249999998 0.6377796874999999 0.1401265625 0.6490953125 0.095890625 0.6861296875 0.110425 0.7248 0.14216562500000002 0.7721328125 0.15736875 0.7826203125 0.1949265625 0.7792421875 0.2278484375 0.7671078125 0.2560546875 0.74466875 0.2712984375 0.71456875 0.2718109375 0.6832859375 0.260221875 0.661396875 0.24069687499999998 0.64835625
1 0.3050515625 0.42918124999999996 0.2758234375 0.4314640625 0.24298125 0.4451484375 0.21123750000000002 0.4805390625 0.215715625 0.48619375 0.2641546875 0.49074999999999996 0.28784375 0.5032421874999999 0.3064640625 0.5398140625 0.329053125 0.5306 0.35117031249999997 0.5120843749999999 0.3643328125 0.4822578125 0.3457125 0.44568593749999996 0.3050515625 0.42918124999999996
1 0.0 0.5538937500000001 0.05798125 0.6411687500000001 0.097228125 0.6297640624999999 0.12543437500000001 0.607325 0.1269296875 0.554059375 0.1481046875 0.5169359375 0.1412296875 0.5053546875 0.12418124999999999 0.49979218750000004 0.028795312499999996 0.520140625 0.0 0.5374296875 0.0 0.5538937500000001
0 0.7834171875 0.8938328125 0.781846875 0.8628234375 0.767784375 0.83345625 0.736984375 0.8047281249999999 0.6960890625 0.7835734375000001 0.6731078125 0.7850343750000001 0.631425 0.8310968750000001 0.6190890625 0.835840625 0.599878125 0.8290031250000001 0.5823171874999999 0.854725 0.5814921875 0.87980625 0.5998765625 0.9117265625 0.6239578125 0.931971875 0.66685625 0.9513046875000001 0.7208359375 0.941084375 0.7717109375 0.9109812500000001 0.7834171875 0.8938328125
0 0.5331015625 0.5037671875 0.5900265625000001 0.510328125 0.6242046875 0.523003125 0.6390546875 0.48514999999999997 0.669265625 0.4608875 0.6554375 0.436171875 0.6339890625 0.42650468750000003 0.546775 0.44265781249999997 0.52383125 0.48625625 0.5331015625 0.5037671875
0 0.5835390625 0.6719468749999999 0.5661765625 0.6601828125 0.5405625 0.6510640624999999 0.4964453125 0.6490625 0.465290625 0.6547203125000001 0.4286765625 0.6767046875 0.4033375 0.714375 0.40145 0.7598874999999999 0.4263171875 0.7956375 0.48060937499999995 0.79161875 0.518715625 0.79909375 0.5374546875 0.7966296875000001 0.5675874999999999 0.770815625 0.5928484375 0.7315953125 0.595128125 0.693834375 0.5835390625 0.6719468749999999
2 0.527328125 0.4311671875 0.507490625 0.411925 0.486196875 0.405359375 0.43638281250000005 0.41503125 0.39006562499999997 0.4523390625 0.3809109375 0.47851718749999994 0.38401406250000003 0.4984 0.395209375 0.5125359375 0.4231421875 0.5260312500000001 0.45661250000000003 0.5247515625 0.4813625 0.5168140625000001 0.5017125 0.5047734375 0.5254421875 0.4766796875 0.532828125 0.456978125 0.527328125 0.4311671875
