2 0.6276296875 0.9101078125000001 0.6326921875 0.9243281250000001 0.6391578124999999 0.9322062499999999 0.653440625 0.9395374999999999 0.6630874999999999 0.9492749999999999 0.6821671874999999 0.9604359375 0.6884750000000001 0.962078125 0.7166187500000001 0.9601171875000001 0.7227671875 0.955525 0.7274578125 0.9551968750000001 0.7428281250000001 0.943715625 0.7641875 0.9214078125 0.7776765625000001 0.897565625 0.787828125 0.8656296875 0.78854375 0.8322687500000001 0.78676875 0.8240640625 0.7766984375 0.7977000000000001 0.7685109375 0.7836984375 0.766734375 0.77549375 0.7570359375 0.763678125 0.734721875 0.748578125 0.733159375 0.7486875000000001 0.7174703124999999 0.7476984375 0.714396875 0.7499953125000001 0.6793890625000001 0.7899109375 0.639478125 0.8218406249999999 0.6286390625 0.826759375 0.6256171875 0.8311343750000001 0.6229140625 0.847978125 0.6234968750000001 0.8708390625 0.6286640625000001 0.889215625 0.6276296875 0.9101078125000001
3 0.4298 1.0 0.43409531250000005 0.99855 0.4417 0.989690625 0.45404999999999995 0.9825843750000001 0.46321874999999996 0.9736171875 0.4752515625 0.954040625 0.48659375000000005 0.907446875 0.48542968750000004 0.8617265625 0.4804203125 0.8495828124999999 0.456490625 0.8325140624999999 0.42598906249999996 0.8034109375 0.42108749999999995 0.795425 0.41311093750000005 0.789734375 0.40012499999999995 0.7719031249999999 0.3935 0.7577906249999999 0.3919375 0.7579 0.38730000000000003 0.7603046875 0.3736515625 0.7779125 0.3705234375 0.7781296875 0.3536953125 0.7938765625 0.340259375 0.819796875 0.3332890625 0.8535937499999999 0.3382171875 0.9240375000000001 0.343278125 0.9382578125000001 0.3434375 0.9444921875000001 0.3466703125 0.94843125 0.351784375 0.9647296875 0.37608437499999997 0.9963468750000001 0.385025 1.0 0.4298 1.0
3 0.7099234375 0.5129640625 0.7098171875 0.5088078125 0.7144546875 0.5064031250000001 0.7159125000000001 0.5021375 0.7079890625 0.498525 0.7002765625 0.5032265625 0.701946875 0.507275 0.7066375 0.506946875 0.7083062499999999 0.5109953125 0.700646875 0.517775 0.6928296875 0.5183203125 0.6879796875 0.5124125 0.6862578125 0.5062859375000001 0.6768765625000001 0.506940625 0.680109375 0.510878125 0.6786515625 0.51514375 0.6818328124999999 0.5170046875 0.680375 0.5212703125 0.6740671875 0.519628125 0.6632281250000001 0.524546875 0.656815625 0.5187484375 0.652178125 0.521153125 0.6539531249999999 0.5293578125 0.663334375 0.528703125 0.668290625 0.53876875 0.674490625 0.536253125 0.6777234375 0.5401921875 0.6795 0.548396875 0.6719468749999999 0.5593328125 0.66715 0.555503125 0.66704375 0.551346875 0.6639171875 0.5515640625 0.6640234375 0.5557218749999999 0.66725625 0.5596593750000001 0.664234375 0.5640343750000001 0.6564171875 0.5645796875 0.648334375 0.5547328125 0.646559375 0.546528125 0.64186875 0.54685625 0.63701875 0.5409484375 0.6369125 0.5367921875 0.63238125 0.543353125 0.63060625 0.53515 0.6290421875 0.5352578125 0.6293609375 0.547728125 0.634209375 0.5536359375 0.6344218749999999 0.5619484375 0.6392187500000001 0.565778125 0.6379718750000001 0.57835625 0.6412046874999999 0.5822953125 0.645790625 0.5778109375 0.6538203125 0.5855796875 0.6582984374999999 0.5769390624999999 0.6663281249999999 0.5847078125 0.6524671875 0.5940015625 0.63834375 0.5929046875 0.6423703125 0.6280171875 0.648625 0.62758125 0.6500296875 0.6212375 0.6562296875 0.6187234375 0.6622734375 0.6099734375 0.663625 0.6015515625 0.668315625 0.601225 0.6744640625 0.5966328125 0.6774312499999999 0.5901796874999999 0.6850906250000001 0.5833999999999999 0.6895687500000001 0.574759375 0.6862828125 0.56874375 0.6908671875 0.564259375 0.6922203125 0.5558375 0.70634375 0.556934375 0.7125453125 0.5544203125 0.723225 0.543265625 0.7183765625 0.5373578125 0.7228546875 0.52871875 0.719409375 0.5164671875 0.722378125 0.5100140625 0.7255578125000001 0.5118750000000001 0.7285796875 0.5075000000000001 0.7283671875 0.4991875 0.7329 0.492625 0.7357078125000001 0.4799375 0.7309125 0.4761078125 0.7323171875 0.4697640625 0.7230421875 0.474575 0.7182984375 0.47282343750000005 0.7167343749999999 0.4729328125 0.7089703125 0.47555625 0.7076171875 0.483978125 0.7202328125 0.48726250000000004 0.715646875 0.4917453125 0.7157 0.4938234375 0.718775 0.491528125 0.7203906250000001 0.49349687500000006 0.7207609374999999 0.5080453125 0.71779375 0.5144984375 0.7099234375 0.5129640625
3 0.12648593749999998 0.48285 0.136290625 0.49882187499999997 0.14474375 0.523215625 0.1876484375 0.547290625 0.2127703125 0.549703125 0.26858125 0.527075 0.28514531249999997 0.5009375 0.29081718749999996 0.477640625 0.3028484375 0.4580640625 0.3007546875 0.43739062500000003 0.2861 0.4155109375 0.2859953125 0.41135312500000004 0.2777 0.39319375 0.2664375 0.3814875 0.25689843749999997 0.37590625 0.2364125 0.3710890625 0.23485 0.37119843750000003 0.19878281250000002 0.3695484375 0.197271875 0.3717359375 0.1785625 0.375121875 0.1677765625 0.3821203125 0.1630859375 0.38244687499999996 0.14927812499999998 0.39381875 0.134171875 0.415690625 0.12985312499999999 0.430565625 0.12929531249999998 0.4701625 0.12648593749999998 0.48285
3 0.48034999999999994 0.4165421875 0.43344375 0.41981250000000003 0.43598593750000003 0.51956875 0.48289218749999996 0.5162984374999999 0.48034999999999994 0.4165421875
3 0.6559953125 0.4251171875 0.6470906249999999 0.44447656249999995 0.6412609375 0.46153750000000004 0.6371 0.48264843749999997 0.6326203125000001 0.4912875 0.628565625 0.516553125 0.6267625 0.568728125 0.6283796875000001 0.570696875 0.6328828125 0.6245140625000001 0.6345 0.626484375 0.6349234375 0.643109375 0.6396671875 0.6448609375000001 0.6518046875 0.629440625 0.6564421874999999 0.6270359375 0.685196875 0.58755625 0.7218203125 0.549609375 0.7247890625 0.5431578125 0.7257703125 0.5201875 0.729984375 0.50115625 0.737325 0.48190625000000004 0.7428375 0.45237499999999997 0.7424140625 0.43574999999999997 0.7391281249999999 0.4297328125 0.7337484375 0.4030421875 0.74093125 0.3775578125 0.7469203125 0.36673125 0.7497828125 0.35612187500000003 0.749571875 0.34780781250000004 0.742946875 0.333696875 0.7317359375 0.32406875 0.7301734375 0.32417656250000004 0.7254828125 0.3245046875 0.7209515625 0.33106562500000003 0.7182999999999999 0.3499890625 0.713928125 0.362784375 0.7079375 0.3736125 0.705128125 0.3863 0.6990859375 0.39504843749999996 0.677303125 0.40073125000000004 0.6711546875 0.4053234375 0.6559953125 0.4251171875
3 0.278040625 0.59095625 0.2935171875 0.58363125 0.3075359375 0.580571875 0.294921875 0.5772875 0.28204375000000004 0.5636109375 0.27708750000000004 0.553546875 0.2748890625 0.5287171875000001 0.273271875 0.5267484375 0.26248593750000004 0.5337453125 0.2283 0.54445625 0.21595 0.5515625 0.200315625 0.552653125 0.1986984375 0.550684375 0.19088125 0.551228125 0.1829046875 0.5455390625 0.1623671875 0.5386421875 0.14484999999999998 0.5273718749999999 0.144903125 0.52945 0.145115625 0.5377640625 0.1565890625 0.5577828125 0.1808359375 0.587321875 0.1952796875 0.6008890625000001 0.204765625 0.6043921875 0.21441249999999998 0.6141296875 0.23338593749999997 0.621134375 0.249075 0.622121875 0.26121249999999996 0.606703125 0.278040625 0.59095625
3 0.508196875 0.7102390625 0.5019421875 0.710675 0.47978750000000003 0.7018093750000001 0.45429375 0.6848484375 0.438446875 0.677625 0.41343125000000003 0.67936875 0.3575421875 0.6374625 0.332578125 0.641284375 0.3141859375 0.657140625 0.3143984375 0.665453125 0.3305625 0.685146875 0.3608 0.7038578125 0.392759375 0.7286953125 0.39604531249999997 0.7347125 0.396415625 0.7492593750000001 0.3997546875 0.7573546875 0.3999140625 0.7635890625 0.40486875 0.7736546875 0.41300468749999997 0.785578125 0.42098125 0.79126875 0.45800156249999996 0.8303265625 0.4851109375 0.84925625 0.49934218750000003 0.8545109375 0.51659375 0.8553890624999999 0.5182109374999999 0.857359375 0.5572984375 0.8546343750000001 0.599196875 0.839221875 0.647084375 0.81298125 0.6884515625 0.7767875 0.7021531249999999 0.7612578125 0.721790625 0.7328234375 0.7411109375 0.6919203125 0.7542296875 0.6535296875000001 0.7668703125 0.5964359375 0.7666062499999999 0.5860453125 0.769521875 0.5775140624999999 0.76856875 0.54010625 0.7621015625 0.5322281249999999 0.7541781249999999 0.5286171875 0.752615625 0.5287265624999999 0.744903125 0.533428125 0.737296875 0.5422859375 0.7341703125000001 0.542503125 0.7035875 0.5717 0.6367515625 0.6533921874999999 0.6076796875 0.6804015625 0.57526875 0.6993171874999999 0.5427 0.711996875 0.5161203125 0.71385 0.508196875 0.7102390625
3 0.311440625 0.180565625 0.32885 0.1876796875 0.36799218749999996 0.18703281249999998 0.3948375 0.195571875 0.42939375 0.1994078125 0.4610875 0.21385468749999997 0.49784375000000003 0.242521875 0.5122859375 0.25608749999999997 0.5365875 0.2877046875 0.54655 0.3099125 0.5618937500000001 0.358809375 0.5794625 0.3721578125 0.5891625 0.3839734375 0.5959453124999999 0.4043203125 0.5962109375 0.4147125 0.599603125 0.42488593750000003 0.6000265625 0.44151093750000003 0.6101484375 0.46995312499999997 0.6213578125 0.47958125 0.632303125 0.47881875 0.6367812500000001 0.470178125 0.6363046875 0.45147343749999996 0.6344765625 0.4411921875 0.631190625 0.435175 0.6236125 0.3836546875 0.631059375 0.36856093749999996 0.6382421875000001 0.343078125 0.6383765625 0.28685625 0.6328375 0.2539296875 0.6295515625 0.24791406249999998 0.624278125 0.22537968749999998 0.6143156249999999 0.2031734375 0.596321875 0.1731984375 0.58015625 0.1535046875 0.552834375 0.1262625 0.5192593750000001 0.09945625 0.47635468750000004 0.07538125 0.4448203125 0.0671703125 0.4166234375 0.067053125 0.41500624999999997 0.065084375 0.41344375 0.06519375 0.3884796875 0.069015625 0.37295 0.0742625 0.351325 0.0861796875 0.32980624999999997 0.10225312499999999 0.3022984375 0.129153125 0.28875625 0.1509171875 0.2891265625 0.165465625 0.292465625 0.17356093749999998 0.30044218749999996 0.17925 0.311440625 0.180565625
3 0.306071875 0.9533437499999999 0.3308234375 0.9412078125000001 0.33848124999999996 0.9344281249999999 0.33440156249999997 0.8972374999999999 0.332784375 0.89526875 0.331778125 0.85578125 0.3344296875 0.8368593750000001 0.3416109375 0.811375 0.3446328125 0.807 0.3444734375 0.800765625 0.3163828125 0.8048062500000001 0.314765625 0.8028359375 0.3053859375 0.803490625 0.3021515625 0.7995515625 0.29428125 0.79801875 0.2768171875 0.7888265624999999 0.2768703125 0.7909046875 0.2919484375 0.8294109375 0.294625 0.8729453125 0.283334375 0.9216171875000001 0.26989843750000003 0.9475374999999999 0.270003125 0.9516937499999999 0.27480000000000004 0.9555234374999999 0.29043593749999996 0.9544328125 0.29205156250000003 0.9564031249999999 0.2935625 0.954215625 0.306071875 0.9533437499999999
3 0.8014859375000001 0.35668125 0.7699499999999999 0.3484703125 0.7683859375 0.348578125 0.7543140625 0.349559375 0.75129375 0.353934375 0.7441109375 0.37941875 0.7367171875 0.39658906250000003 0.73719375 0.41529375 0.7457 0.44176562500000005 0.7763359375000001 0.414646875 0.8051953125000001 0.37932343749999997 0.8064406249999999 0.36674531250000003 0.8014859375000001 0.35668125
4 0.5250546875000001 0.511278125 0.54516875 0.5015484375 0.5666875 0.485475 0.5834625 0.46765 0.5940375 0.4523390625 0.5969515624999999 0.44380781249999995 0.5963703125 0.420946875 0.5929781249999999 0.41077343749999995 0.5927125 0.4003828125 0.5876515625 0.3861609375 0.57956875 0.37631562500000004 0.5587671875 0.359028125 0.547715625 0.355634375 0.5461515625 0.35574218750000003 0.5149343749999999 0.36000156250000004 0.48403437499999996 0.37672812499999997 0.471790625 0.3879921875 0.46272812500000005 0.401115625 0.45684375 0.41609999999999997 0.4563921875 0.45985156250000003 0.46301718750000004 0.4739640625 0.48241562499999996 0.4975953125 0.509365625 0.5102890625 0.5250546875000001 0.511278125
5 0.7716953125 0.5398875000000001 0.7724890624999999 0.5710609375 0.7709796875 0.5732484375 0.7699453125 0.594140625 0.7869843750000001 0.58670625 0.8213828124999999 0.584309375 0.8228937500000001 0.582121875 0.8221515625 0.553025 0.810359375 0.5205359374999999 0.7941421875 0.498765625 0.7829859375 0.491215625 0.7640640624999999 0.48628906250000004 0.7452484375 0.48551875000000005 0.7359734375 0.49032968749999994 0.7360265625 0.49240781250000004 0.7301953125 0.50946875 0.7263531249999999 0.5430484375 0.73104375 0.542721875 0.7340640625 0.538346875 0.7371921875 0.538128125 0.7463078125 0.527084375 0.7509453125000001 0.524678125 0.758815625 0.5262109374999999 0.7636125 0.530040625 0.7716953125 0.5398875000000001
5 0.10617812499999998 0.9152296874999999 0.11452500000000002 0.9354671874999999 0.127615625 0.9574562500000001 0.143675 0.9729921875 0.16431875 0.98404375 0.18313437500000002 0.9848140624999999 0.18475 0.986784375 0.20038593750000003 0.98569375 0.202003125 0.9876625000000001 0.220765625 0.9863546875000001 0.23473125 0.9812171875000001 0.2501015625 0.9697359375 0.2622921875 0.9563953125 0.2743234375 0.9368187499999999 0.283175 0.9153828125000001 0.29035781250000003 0.8898984375 0.29295468750000003 0.8688968750000001 0.29226718749999997 0.8418796875 0.288715625 0.8254718750000001 0.2820375 0.8092812500000001 0.2754125 0.7951703125 0.26571406249999996 0.7833546874999999 0.246528125 0.7680359375 0.21488593749999998 0.75566875 0.2133234375 0.755778125 0.1867421875 0.7576296874999999 0.17595624999999998 0.764628125 0.171265625 0.7649546875000001 0.14505625 0.78135625 0.123696875 0.8036640625 0.11328125 0.825209375 0.1061 0.8506937499999999 0.10246875 0.8925859375 0.104084375 0.8945546875 0.10617812499999998 0.9152296874999999
5 0.1588984375 0.3411 0.169075 0.37161875 0.1722546875 0.3734796875 0.1816359375 0.372825 0.19091093750000002 0.368015625 0.23161562500000002 0.367259375 0.2584078125 0.37372031250000004 0.2744140625 0.38717812500000004 0.28228437500000003 0.3887109375 0.2912953125 0.373509375 0.2911890625 0.369353125 0.2716859375 0.3415640625 0.2631796875 0.3150921875 0.262703125 0.29638749999999997 0.26821562499999996 0.26685625 0.2679515625 0.25646562500000003 0.273621875 0.23316875 0.267103125 0.22321249999999998 0.2543828125 0.215771875 0.25282031250000003 0.21588124999999997 0.2338453125 0.20887656250000003 0.2197734375 0.20985625 0.21826249999999997 0.21204375 0.199553125 0.2154296875 0.181109375 0.22920781250000002 0.16605625 0.25315781249999997 0.1588734375 0.27864218749999997 0.15789375 0.3016125 0.1563828125 0.30379999999999996 0.1588984375 0.3411
5 0.714590625 0.3273453125 0.7177703125 0.32920625000000003 0.72845 0.3180515625 0.737990625 0.3236328125 0.7525921875 0.343434375 0.76828125 0.344421875 0.7853203125 0.3369890625 0.8037656249999999 0.32321093749999996 0.815903125 0.307790625 0.8202234374999999 0.2929171875 0.8012484375 0.2859109375 0.7821687500000001 0.27475 0.7628234375 0.253196875 0.7529656250000001 0.235146875 0.7479046874999999 0.22092499999999998 0.7466859375 0.173125 0.7451218749999999 0.173234375 0.73579375 0.1759671875 0.7204234375 0.1874484375 0.7113078125000001 0.19849375 0.7083390625 0.204946875 0.705846875 0.230103125 0.70158125 0.24705625000000003 0.69121875 0.27067968750000004 0.6915359375000001 0.28315 0.70160625 0.30951249999999997 0.714590625 0.3273453125
5 0.624403125 0.6604984375 0.609853125 0.642775 0.597134375 0.635334375 0.5861359375 0.63401875 0.5797765625 0.6302984375 0.5782125 0.6304078125 0.5751390625 0.632703125 0.5723812500000001 0.64746875 0.5693609375 0.65184375 0.56530625 0.677109375 0.55030625 0.7031390625 0.56125 0.7023765625 0.5798546875 0.6948328125 0.5999156250000001 0.683025 0.6198703125 0.6670609375 0.624403125 0.6604984375
0 0.8226921875000001 0.08246718750000001 0.794759375 0.09274218749999999 0.7749109375 0.1128640625 0.7599109375 0.13889218750000001 0.7484609375 0.1813296875 0.7476921875 0.2126125 0.7627703125 0.25111875 0.7789359375 0.27081093749999996 0.8217859375 0.2928078125 0.8666515625000001 0.2709421875 0.8970234375 0.23343281249999998 0.9071203125 0.19941718749999998 0.9088703125 0.1451640625 0.9019812500000001 0.1206609375 0.8825828124999999 0.09702968749999999 0.8571953125 0.0842265625 0.8226921875000001 0.08246718750000001
0 0.4948 0.061603125 0.487246875 0.072540625 0.4905859375 0.08063437500000001 0.53995625 0.11258593750000001 0.602734375 0.178996875 0.607371875 0.1765921875 0.615853125 0.1406078125 0.6133359375 0.10330781250000001 0.601596875 0.072896875 0.5822 0.049265625 0.5583750000000001 0.036353125 0.5317953125 0.0382046875 0.4948 0.061603125
0 0.56679375 0.48963124999999996 0.5142156250000001 0.516196875 0.5544687500000001 0.55919375 0.5711640625000001 0.59966875 0.5749796875000001 0.62646875 0.582903125 0.6300796875 0.6058265625 0.6076625 0.6220718749999999 0.5690546875 0.6270546875 0.5187406250000001 0.6200593750000001 0.49008124999999997 0.5926859375 0.4607609375 0.56679375 0.48963124999999996
0 0.4227609375 0.5538015625 0.40052656249999996 0.6032375 0.3998625 0.6386765624999999 0.4069109375 0.6694140625 0.5128874999999999 0.7099109375 0.550253125 0.7010609375 0.56223125 0.67940625 0.5750328125 0.628546875 0.567825 0.591575 0.5480031249999999 0.5513171875 0.523809375 0.5238562499999999 0.4905515625 0.50951875 0.4486 0.5228531249999999 0.4227609375 0.5538015625
0 0.124521875 0.651625 0.10557187500000001 0.7070765625 0.107003125 0.7631890625 0.12041093750000001 0.7976468750000001 0.17736093749999998 0.758284375 0.216396875 0.75348125 0.24798593750000003 0.7637703124999999 0.22946249999999999 0.7130140625 0.231425 0.6670734375 0.2431390625 0.635028125 0.23343906250000002 0.6232125 0.186215625 0.6140125000000001 0.162815625 0.617725 0.124521875 0.651625
1 0.30487031249999996 0.045696875 0.2543609375 0.0304796875 0.229503125 0.038459375000000004 0.212675 0.05420625 0.18720625 0.0997015625 0.1867546875 0.1434546875 0.1936453125 0.1679578125 0.21638125000000002 0.1996828125 0.27023125000000003 0.22299531250000001 0.3087359375 0.197409375 0.30841875 0.184940625 0.3006015625 0.18548437499999998 0.285946875 0.16360468749999998 0.28864999999999996 0.14676093750000002 0.3281375 0.0982046875 0.317803125 0.061450000000000005 0.30487031249999996 0.045696875
1 0.3680984375 0.1911890625 0.3274453125 0.1940234375 0.2888875 0.21753125 0.27523906249999996 0.2351375 0.26561875 0.28785781250000003 0.26651875 0.3231875 0.2781515625 0.3494421875 0.3055265625 0.3787625 0.34514374999999997 0.3968203125 0.377925 0.39245312499999996 0.40251875000000004 0.37408281250000003 0.417571875 0.3501328125 0.42902031249999995 0.30769531250000004 0.42456875 0.2559578125 0.412778125 0.2234671875 0.3949953125 0.20180625000000002 0.3680984375 0.1911890625
1 0.6109234375 0.193 0.6344015625 0.253821875 0.645425 0.31759375 0.6700703125 0.3013015625 0.6911125 0.26652343749999996 0.7028265625000001 0.234478125 0.7047359375 0.186459375 0.694559375 0.155940625 0.6640046875000001 0.124759375 0.6279375 0.12310937500000001 0.6174703125 0.1425765625 0.6109234375 0.193
1 0.42096406249999996 0.36030625 0.45199375 0.4101921875 0.500915625 0.3630609375 0.5554281249999999 0.3509328125 0.53340625 0.2858453125 0.48356093749999995 0.2351890625 0.463128125 0.23245 0.44457812499999994 0.24207031250000002 0.4329171875 0.27619531249999996 0.4310609375 0.326290625 0.42096406249999996 0.36030625
1 0.790165625 0.5885671875 0.768540625 0.600484375 0.739759375 0.7003421875 0.7402359374999999 0.719046875 0.7597921875 0.7489125 0.7964953125 0.7755015625 0.81369375 0.7743015625 0.8492843750000001 0.757246875 0.868975 0.730890625 0.877615625 0.7011421875 0.8783312499999999 0.66778125 0.8663265625 0.626978125 0.8484921875 0.6032390624999999 0.81518125 0.5868234375 0.790165625 0.5885671875
1 0.49560468750000003 0.8922453125 0.5004265625000001 0.9585328125 0.52920625 0.9815093750000001 0.5528703125 0.9881875000000001 0.57945 0.986334375 0.6025859375 0.9722296874999999 0.6146171875 0.952653125 0.6260140625 0.9081390624999999 0.6184890625 0.858696875 0.608578125 0.8385671875 0.554278125 0.8590078125 0.5010109375 0.8585578125 0.49560468750000003 0.8922453125
1 0.334940625 0.42667968749999996 0.27785625 0.5222640625 0.2786515625 0.5534375 0.293253125 0.5732390625 0.367375 0.59305625 0.3892640625 0.5915296875 0.40458125 0.5779703125 0.437603125 0.5215375 0.44144531249999996 0.487959375 0.432675 0.4510953125 0.41155468749999996 0.4213390625 0.39242187500000003 0.40809843749999997 0.3672984375 0.40568593750000004 0.334940625 0.42667968749999996
1 0.3402375 0.6345046875 0.3573828125 0.631228125 0.3972125 0.6575984375 0.3853140625 0.620953125 0.35325 0.591959375 0.3216609375 0.58166875 0.2765828125 0.595221875 0.24464999999999998 0.6328406249999999 0.23304062499999997 0.6690437499999999 0.23269531250000003 0.7169515625 0.2395859375 0.7414546875 0.257525 0.7693515625 0.2846890625 0.790359375 0.308459375 0.80119375 0.34280468750000004 0.7967187499999999 0.3780765625 0.76719375 0.3915140625 0.7412734375000001 0.3848359375 0.725084375 0.325871875 0.6854734375 0.31715468750000003 0.6506875 0.3402375 0.6345046875
