2 0.3140625 0.7229171875 0.2796875 0.74375 0.2640625 0.7666671875 0.25625 0.8 0.2578125 0.8291671875000001 0.2703125 0.8583328124999999 0.290625 0.8729171875 0.328125 0.875 0.3296875 0.8729171875 0.34375 0.8729171875 0.359375 0.86875 0.375 0.8583328124999999 0.3875 0.8375 0.39375 0.8125 0.39375 0.78125 0.3828125 0.75625 0.3703125 0.7395828125 0.3625 0.7333328125 0.340625 0.7229171875 0.3390625 0.7229171875 0.3203125 0.7208328125000001 0.3140625 0.7229171875
2 0.2140625 0.5291671874999999 0.1984375 0.54375 0.190625 0.5645828125000001 0.1890625 0.5916671874999999 0.190625 0.59375 0.190625 0.6041671875 0.2 0.625 0.21875 0.64375 0.2359375 0.6520828125 0.259375 0.6541671874999999 0.2875 0.64375 0.2984375 0.6333328125000001 0.3125 0.6083328125 0.3140625 0.5979171875 0.3109375 0.5895828125 0.3109375 0.5729171875 0.3046875 0.55 0.296875 0.54375 0.24375 0.5291671874999999 0.2421875 0.5291671874999999 0.2203125 0.5270828125 0.2140625 0.5291671874999999
2 0.2890625 0.35 0.28125 0.3604171875 0.2734375 0.3854171875 0.2734375 0.40208281250000005 0.275 0.4125 0.2875 0.43333281250000005 0.30625 0.43541718749999997 0.3140625 0.43958281250000003 0.325 0.45208281250000004 0.33125 0.45208281250000004 0.365625 0.41458281250000006 0.3671875 0.41041718749999995 0.3671875 0.3895828125 0.365625 0.3875 0.365625 0.3770828125 0.35625 0.3645828125 0.3328125 0.35 0.3171875 0.34375 0.315625 0.34375 0.3 0.3416671875 0.2890625 0.35
3 0.58125 0.7375 0.553125 0.7416671874999999 0.571875 0.75 0.590625 0.76875 0.5984375 0.76875 0.646875 0.7375 0.65 0.7375 0.653125 0.7333328125 0.653125 0.7291671875 0.65 0.725 0.64375 0.7291671875 0.634375 0.7291671875 0.6328125 0.7270828125000001 0.6171875 0.7270828125000001 0.615625 0.725 0.6140625 0.7270828125000001 0.5984375 0.7270828125000001 0.58125 0.7375
3 0.515625 0.6583328125000001 0.5078125 0.6583328125000001 0.49375 0.6645828125000001 0.4625 0.6875 0.434375 0.71875 0.4171875 0.7416671874999999 0.396875 0.7791671874999999 0.396875 0.8041671875 0.39375 0.8229171875000001 0.378125 0.8625 0.378125 0.9041671875 0.384375 0.90625 0.41875 0.8854171875000001 0.434375 0.8708328125 0.421875 0.85 0.4140625 0.825 0.4140625 0.7854171875 0.41875 0.76875 0.428125 0.75 0.4453125 0.73125 0.4484375 0.73125 0.459375 0.7229171875 0.484375 0.7229171875 0.496875 0.7270828125000001 0.5171875 0.74375 0.5234375 0.74375 0.5390625 0.7375 0.5796875 0.7354171875 0.5859375 0.73125 0.590625 0.73125 0.6015625 0.7229171875 0.646875 0.7270828125000001 0.65 0.7229171875 0.6546875 0.7020828125 0.653125 0.69375 0.64375 0.6916671875 0.6421875 0.69375 0.6234375 0.69375 0.621875 0.6916671875 0.6015625 0.6895828125000001 0.5734375 0.6604171875 0.5515625 0.6541671874999999 0.55 0.6541671874999999 0.5265625 0.6541671874999999 0.515625 0.6583328125000001
3 0.4125 0.3895828125 0.38125 0.40625 0.3640625 0.41875 0.3484375 0.43541718749999997 0.33125 0.4583328125 0.3296875 0.47083281250000003 0.35 0.45208281250000004 0.3609375 0.45 0.3625 0.45208281250000004 0.390625 0.45208281250000004 0.4109375 0.47291718749999995 0.4203125 0.47291718749999995 0.4296875 0.46666718749999997 0.440625 0.45416718749999996 0.4515625 0.4479171875 0.4765625 0.44375 0.4921875 0.45208281250000004 0.5078125 0.46875 0.5203125 0.47291718749999995 0.5296875 0.4791671875 0.553125 0.47708281250000006 0.5578125 0.48333281250000004 0.5546875 0.4895828125 0.5578125 0.49375 0.553125 0.49583281250000005 0.553125 0.49791718749999997 0.56875 0.49791718749999997 0.571875 0.49375 0.5859375 0.49583281250000005 0.59375 0.49375 0.5984375 0.4875 0.5984375 0.48125 0.5953125 0.47291718749999995 0.5875 0.4625 0.5734375 0.45416718749999996 0.559375 0.44166718749999995 0.55625 0.4270828125 0.5484375 0.40833281250000003 0.540625 0.3958328125 0.521875 0.38125 0.5125 0.3770828125 0.490625 0.375 0.4890625 0.3729171875 0.4875 0.3729171875 0.440625 0.3791671875 0.4125 0.3895828125
5 0.3359375 0.6458328125 0.3171875 0.6583328125000001 0.30625 0.6770828125 0.3046875 0.6979171875 0.3125 0.7208328125000001 0.3265625 0.71875 0.328125 0.7208328125000001 0.340625 0.7208328125000001 0.3484375 0.7229171875 0.365625 0.7333328125 0.3828125 0.7520828125000001 0.3921875 0.7729171874999999 0.3953125 0.775 0.4015625 0.7666671875 0.4078125 0.75 0.4109375 0.7125 0.4078125 0.7041671875 0.4078125 0.6979171875 0.4015625 0.6791671874999999 0.3875 0.65625 0.371875 0.64375 0.365625 0.6416671875 0.3640625 0.6416671875 0.35 0.6416671875 0.3359375 0.6458328125
5 0.171875 0.39375 0.1640625 0.39375 0.1515625 0.4 0.1421875 0.40833281250000003 0.13125 0.425 0.1265625 0.43958281250000003 0.125 0.47708281250000006 0.1328125 0.5020828125000001 0.14375 0.5208328125 0.1703125 0.5375 0.1921875 0.5395828125000001 0.2046875 0.5333328125000001 0.2140625 0.525 0.225 0.5083328125000001 0.228125 0.48333281250000004 0.234375 0.46458281250000005 0.234375 0.45416718749999996 0.23125 0.43958281250000003 0.2234375 0.42083281250000004 0.209375 0.40416718749999997 0.190625 0.39375 0.1890625 0.39375 0.1734375 0.3916671875 0.171875 0.39375
5 0.5234375 0.7479171874999999 0.5234375 0.7541671875 0.528125 0.7625 0.53125 0.775 0.5359375 0.8083328125 0.5796875 0.78125 0.5875 0.775 0.5890625 0.7708328125 0.584375 0.7625 0.571875 0.7520828125000001 0.553125 0.74375 0.5515625 0.74375 0.534375 0.74375 0.5234375 0.7479171874999999
5 0.396875 0.3375 0.3828125 0.3479171875 0.36875 0.3666671875 0.3671875 0.38125 0.36875 0.3833328125 0.36875 0.41041718749999995 0.3734375 0.41041718749999995 0.3875 0.4 0.4078125 0.3895828125 0.4359375 0.3791671875 0.434375 0.3708328125 0.4296875 0.3625 0.428125 0.3458328125 0.4234375 0.3395828125 0.421875 0.3395828125 0.4171875 0.3375 0.396875 0.3375
0 0.709375 0.5479171875 0.6953125 0.5604171874999999 0.6859375 0.5770828125 0.678125 0.5979171875 0.6765625 0.6083328125 0.6765625 0.6541671874999999 0.6828125 0.6729171875 0.6921875 0.6854171874999999 0.70625 0.6958328125000001 0.7171875 0.6916671875 0.7640625 0.6604171875 0.7671875 0.6604171875 0.7734375 0.6541671874999999 0.7953125 0.6416671875 0.8015625 0.6333328125000001 0.8 0.6041671875 0.7890625 0.5791671875 0.771875 0.55625 0.759375 0.5458328125 0.7484375 0.5416671875 0.746875 0.5416671875 0.7265625 0.5416671875 0.709375 0.5479171875
1 0.5234375 0.35625 0.5265625 0.325 0.515625 0.2875 0.484375 0.2625 0.46875 0.2625 0.45 0.275 0.4296875 0.3166671875 0.43125 0.3604171875 0.4390625 0.375 0.515625 0.3729171875 0.5234375 0.35625
1 0.55625 0.4 0.565625 0.3625 0.5625 0.325 0.5421875 0.2979171875 0.5203125 0.29375 0.5265625 0.3208328125 0.51875 0.375 0.5484375 0.40208281250000005 0.55625 0.4
1 0.3625 0.8770828125 0.3546875 0.8729171875 0.296875 0.8770828125 0.265625 0.8604171875000001 0.2453125 0.88125 0.2484375 0.9375 0.2640625 0.9791671875000001 0.3734375 0.9125 0.3625 0.8770828125
1 0.521875 0.7541671875 0.5078125 0.7375 0.4796875 0.725 0.44375 0.7354171875 0.4171875 0.78125 0.415625 0.8270828124999999 0.4359375 0.86875 0.5328125 0.80625 0.521875 0.7541671875
1 0.6546875 0.68125 0.671875 0.6354171875 0.675 0.6 0.6734375 0.575 0.6546875 0.5416671875 0.640625 0.53125 0.5921875 0.5333328125000001 0.571875 0.5583328125 0.565625 0.5875 0.565625 0.6395828125 0.584375 0.6708328125 0.628125 0.6895828125000001 0.6546875 0.68125
1 0.240625 0.8104171875 0.2546875 0.80625 0.2640625 0.7625 0.2734375 0.7479171874999999 0.3078125 0.7229171875 0.29375 0.68125 0.2640625 0.6604171875 0.24375 0.6625 0.2203125 0.6770828125 0.1984375 0.7145828125 0.1984375 0.7458328125 0.209375 0.7791671874999999 0.2234375 0.8 0.240625 0.8104171875
1 0.35625 0.6 0.3984375 0.5875 0.421875 0.5520828125 0.4203125 0.49791718749999997 0.4125 0.47708281250000006 0.3890625 0.45416718749999996 0.3453125 0.4583328125 0.3296875 0.47708281250000006 0.3171875 0.5104171875 0.3140625 0.5458328125 0.3203125 0.56875 0.3390625 0.5916671874999999 0.35625 0.6
4 0.309375 0.5520828125 0.3265625 0.46875 0.315625 0.44375 0.29375 0.43541718749999997 0.2515625 0.4479171875 0.23125 0.48125 0.2296875 0.50625 0.2359375 0.525 0.29375 0.5395828125000001 0.309375 0.5520828125
0 0.5828125 0.5 0.59375 0.525 0.6390625 0.5270828125 0.665625 0.5020828125000001 0.6796875 0.47291718749999995 0.678125 0.42916718749999994 0.6484375 0.3895828125 0.5984375 0.3979171875 0.56875 0.4375 0.5671875 0.44583281250000006 0.6 0.4791671875 0.5953125 0.49583281250000005 0.5828125 0.5
0 0.5265625 0.64375 0.5578125 0.6208328125 0.565625 0.5395828125000001 0.55 0.5083328125000001 0.525 0.4895828125 0.503125 0.48541718749999996 0.4734375 0.49791718749999997 0.4515625 0.55625 0.45 0.5791671875 0.459375 0.6145828125 0.4890625 0.6416671875 0.5265625 0.64375
0 0.471875 0.6770828125 0.5046875 0.65625 0.5046875 0.65 0.46875 0.6291671875 0.45625 0.6125 0.4484375 0.58125 0.41875 0.5895828125 0.3953125 0.6333328125000001 0.39375 0.6604171875 0.4109375 0.7041671875 0.428125 0.7229171875 0.471875 0.6770828125
1 0.4671875 0.5041671875 0.50625 0.47708281250000006 0.4953125 0.4583328125 0.4765625 0.44583281250000006 0.4390625 0.4583328125 0.415625 0.48125 0.43125 0.5520828125 0.4484375 0.5666671875 0.4671875 0.5041671875
