2 0.4125 0.6145828125 0.396875 0.61875 0.3859375 0.6270828125000001 0.375 0.6458328125 0.371875 0.6583328125000001 0.371875 0.6708328125 0.3890625 0.6770828125 0.4203125 0.6979171875 0.46875 0.7166671874999999 0.475 0.7104171874999999 0.48125 0.6916671875 0.484375 0.6895828125000001 0.4875 0.68125 0.4875 0.6708328125 0.48125 0.65625 0.4796875 0.64375 0.4734375 0.63125 0.4671875 0.625 0.4578125 0.6208328125 0.45625 0.6208328125 0.4359375 0.6145828125 0.4125 0.6145828125
2 0.615625 0.6729171875 0.590625 0.68125 0.584375 0.6875 0.5625 0.7229171875 0.5578125 0.7395828125 0.5578125 0.7541671875 0.5609375 0.75625 0.64375 0.79375 0.665625 0.7791671874999999 0.675 0.7666671875 0.6796875 0.7479171874999999 0.678125 0.7291671875 0.6734375 0.7125 0.665625 0.6979171875 0.653125 0.68125 0.6484375 0.6791671874999999 0.646875 0.6791671874999999 0.6296875 0.6729171875 0.615625 0.6729171875
2 0.3578125 0.4895828125 0.34375 0.49375 0.3359375 0.5 0.33125 0.5083328125000001 0.325 0.5333328125000001 0.325 0.5520828125 0.334375 0.575 0.359375 0.5833328125 0.3734375 0.59375 0.3796875 0.59375 0.3921875 0.5854171874999999 0.4 0.575 0.409375 0.55 0.4078125 0.5166671875 0.4 0.5 0.390625 0.49166718749999994 0.3890625 0.49166718749999994 0.3875 0.4895828125 0.3578125 0.4895828125
3 0.671875 0.5833328125 0.6609375 0.59375 0.6421875 0.61875 0.6359375 0.63125 0.6296875 0.6479171874999999 0.6265625 0.6708328125 0.65 0.6770828125 0.6640625 0.6916671875 0.6765625 0.7145828125 0.68125 0.7375 0.68125 0.75 0.678125 0.7645828125 0.6703125 0.7770828125 0.6703125 0.78125 0.678125 0.7833328125000001 0.696875 0.7958328125 0.70625 0.8104171875 0.7125 0.825 0.7171875 0.8291671875000001 0.7203125 0.8229171875000001 0.71875 0.80625 0.709375 0.7770828125 0.70625 0.7604171875 0.696875 0.7333328125 0.6828125 0.7104171874999999 0.671875 0.68125 0.671875 0.6708328125 0.6703125 0.66875 0.671875 0.6479171874999999 0.6796875 0.6291671875 0.6875 0.61875 0.7 0.6083328125 0.709375 0.6041671875 0.71875 0.6041671875 0.725 0.6 0.725 0.5958328125000001 0.71875 0.5875 0.703125 0.5770828125 0.7015625 0.5770828125 0.684375 0.5770828125 0.671875 0.5833328125
3 0.509375 0.44583281250000006 0.46875 0.47291718749999995 0.440625 0.5 0.41875 0.53125 0.4109375 0.55 0.4046875 0.575 0.4046875 0.6125 0.428125 0.6125 0.434375 0.6083328125 0.4375 0.56875 0.4421875 0.5520828125 0.4546875 0.53125 0.4828125 0.51875 0.503125 0.51875 0.51875 0.49791718749999997 0.5296875 0.49166718749999994 0.546875 0.4895828125 0.55625 0.49375 0.559375 0.49791718749999997 0.56875 0.5 0.5765625 0.49583281250000005 0.5859375 0.48333281250000004 0.60625 0.47083281250000003 0.634375 0.46875 0.6359375 0.47083281250000003 0.6390625 0.46875 0.64375 0.4625 0.64375 0.45208281250000004 0.6375 0.4479171875 0.61875 0.44583281250000006 0.60625 0.45 0.590625 0.45 0.58125 0.43958281250000003 0.5671875 0.43333281250000005 0.565625 0.43333281250000005 0.5484375 0.43333281250000005 0.509375 0.44583281250000006
4 0.5203125 0.3666671875 0.5078125 0.3791671875 0.4984375 0.39375 0.5109375 0.4270828125 0.5109375 0.4375 0.5125 0.43958281250000003 0.5234375 0.43958281250000003 0.546875 0.43125 0.5578125 0.43125 0.5625 0.425 0.559375 0.3979171875 0.553125 0.38125 0.5453125 0.3708328125 0.54375 0.3708328125 0.5375 0.3666671875 0.5203125 0.3666671875
5 0.2703125 0.5708328125000001 0.25625 0.58125 0.246875 0.5916671874999999 0.240625 0.60625 0.2484375 0.6125 0.3421875 0.6541671874999999 0.3453125 0.6520828125 0.346875 0.64375 0.346875 0.625 0.3421875 0.6083328125 0.328125 0.5833328125 0.3078125 0.5708328125000001 0.30625 0.5708328125000001 0.278125 0.56875 0.2703125 0.5708328125000001
5 0.534375 0.6666671875 0.5203125 0.6770828125 0.5078125 0.69375 0.5078125 0.6979171875 0.5296875 0.70625 0.540625 0.7145828125 0.5515625 0.7333328125 0.55625 0.7375 0.5640625 0.7166671874999999 0.5671875 0.7145828125 0.584375 0.6854171874999999 0.584375 0.68125 0.575 0.6708328125 0.5609375 0.6645828125000001 0.559375 0.6645828125000001 0.5390625 0.6645828125000001 0.534375 0.6666671875
5 0.4046875 0.475 0.3953125 0.4791671875 0.3890625 0.48541718749999996 0.3890625 0.4895828125 0.4 0.49791718749999997 0.40625 0.5083328125000001 0.4109375 0.5229171874999999 0.4109375 0.5333328125000001 0.4140625 0.5375 0.415625 0.53125 0.425 0.5166671875 0.44375 0.49375 0.4390625 0.48541718749999996 0.428125 0.47708281250000006 0.4265625 0.47708281250000006 0.425 0.475 0.4046875 0.475
1 0.528125 0.49375 0.51875 0.5 0.5078125 0.5145828125 0.5078125 0.5208328125 0.51875 0.5291671874999999 0.53125 0.5479171875 0.5375 0.5729171875 0.5375 0.6020828125000001 0.5390625 0.6041671875 0.546875 0.6041671875 0.565625 0.5916671874999999 0.5703125 0.5833328125 0.5703125 0.5708328125000001 0.565625 0.5520828125 0.565625 0.5416671875 0.56875 0.5291671874999999 0.56875 0.5125 0.55625 0.49583281250000005 0.5546875 0.49583281250000005 0.5453125 0.49166718749999994 0.528125 0.49375
1 0.46875 0.5291671874999999 0.4578125 0.53125 0.4484375 0.5416671875 0.440625 0.5625 0.4390625 0.5833328125 0.4375 0.5854171874999999 0.4375 0.6104171875 0.4421875 0.6145828125 0.4609375 0.61875 0.4703125 0.625 0.4796875 0.6375 0.4828125 0.65 0.4859375 0.6541671874999999 0.503125 0.6541671874999999 0.5125 0.6479171874999999 0.5265625 0.63125 0.5359375 0.6041671875 0.5359375 0.5770828125 0.5328125 0.5666671875 0.5328125 0.55625 0.5265625 0.5416671875 0.5125 0.5270828125 0.50625 0.5229171874999999 0.4890625 0.5229171874999999 0.4875 0.5208328125 0.4859375 0.5229171874999999 0.4796875 0.5229171874999999 0.46875 0.5291671874999999
1 0.7015625 0.6104171875 0.68125 0.6291671875 0.6734375 0.65 0.6734375 0.6791671874999999 0.684375 0.7104171874999999 0.7 0.7333328125 0.7046875 0.7479171874999999 0.7125 0.7583328125000001 0.721875 0.76875 0.734375 0.7708328125 0.740625 0.7645828125 0.740625 0.7604171875 0.74375 0.75625 0.74375 0.7520828125000001 0.7515625 0.7333328125 0.7515625 0.7291671875 0.7546875 0.725 0.75625 0.7145828125 0.7765625 0.65625 0.775 0.6458328125 0.76875 0.63125 0.759375 0.61875 0.74375 0.6083328125 0.7421875 0.6083328125 0.721875 0.6041671875 0.7015625 0.6104171875
1 0.69375 0.46041718749999994 0.671875 0.475 0.6625 0.4875 0.6625 0.49375 0.6734375 0.5208328125 0.6765625 0.5416671875 0.68125 0.5541671874999999 0.684375 0.5708328125000001 0.6859375 0.5729171875 0.70625 0.575 0.725 0.5854171874999999 0.7359375 0.58125 0.740625 0.575 0.7515625 0.5479171875 0.753125 0.5333328125000001 0.7515625 0.53125 0.7515625 0.5145828125 0.74375 0.4895828125 0.73125 0.46875 0.7234375 0.4625 0.721875 0.4625 0.715625 0.4583328125 0.69375 0.46041718749999994
1 0.453125 0.3770828125 0.4453125 0.3791671875 0.4375 0.3854171875 0.4265625 0.40208281250000005 0.421875 0.41458281250000006 0.4203125 0.45 0.421875 0.45625 0.428125 0.47083281250000003 0.4375 0.48333281250000004 0.44375 0.4875 0.4484375 0.4875 0.4703125 0.46875 0.4765625 0.46666718749999997 0.484375 0.4583328125 0.5078125 0.44375 0.5078125 0.4270828125 0.5015625 0.40625 0.4875 0.3854171875 0.4796875 0.3791671875 0.478125 0.3791671875 0.4734375 0.3770828125 0.453125 0.3770828125
1 0.48125 0.7083328125 0.475 0.7145828125 0.4765625 0.7208328125000001 0.553125 0.7520828125000001 0.5546875 0.75 0.5546875 0.7395828125 0.5421875 0.71875 0.5265625 0.70625 0.5078125 0.7 0.50625 0.7 0.4921875 0.7020828125 0.48125 0.7083328125
0 0.5703125 0.59375 0.5515625 0.6041671875 0.5421875 0.6145828125 0.53125 0.6458328125 0.53125 0.6604171875 0.534375 0.6645828125000001 0.5390625 0.6625 0.559375 0.6625 0.5671875 0.6645828125000001 0.5765625 0.6708328125 0.5859375 0.68125 0.5890625 0.68125 0.6046875 0.6729171875 0.621875 0.66875 0.6265625 0.6604171875 0.6265625 0.6520828125 0.6328125 0.6375 0.63125 0.625 0.6234375 0.6145828125 0.615625 0.6083328125 0.6015625 0.6041671875 0.596875 0.6 0.5953125 0.6 0.584375 0.59375 0.5703125 0.59375
0 0.346875 0.61875 0.3484375 0.6395828125 0.3453125 0.6541671874999999 0.346875 0.65625 0.36875 0.6666671875 0.3734375 0.64375 0.384375 0.6270828125000001 0.384375 0.6166671874999999 0.3765625 0.5979171875 0.3625 0.5875 0.3421875 0.5791671875 0.334375 0.5791671875 0.3296875 0.5833328125 0.33125 0.5854171874999999 0.34375 0.6083328125 0.346875 0.61875
0 0.7578125 0.43125 0.7453125 0.45 0.7390625 0.46875 0.7390625 0.47708281250000006 0.75 0.5 0.75625 0.5375 0.7640625 0.5416671875 0.7703125 0.55 0.7921875 0.5541671874999999 0.8078125 0.55 0.8171875 0.5354171875 0.8359375 0.47291718749999995 0.8359375 0.46041718749999994 0.8296875 0.44166718749999995 0.821875 0.43125 0.8109375 0.425 0.790625 0.41875 0.7890625 0.41875 0.7734375 0.42083281250000004 0.7578125 0.43125
0 0.7515625 0.5541671874999999 0.7421875 0.5833328125 0.753125 0.5979171875 0.753125 0.6104171875 0.7671875 0.6229171874999999 0.7796875 0.6291671875 0.7859375 0.6291671875 0.803125 0.58125 0.8078125 0.55625 0.8 0.5541671874999999 0.7984375 0.55625 0.7796875 0.55625 0.76875 0.5520828125 0.7609375 0.5458328125 0.759375 0.5458328125 0.7546875 0.5479171875 0.7515625 0.5541671874999999
0 0.61875 0.47291718749999995 0.6078125 0.47291718749999995 0.584375 0.4875 0.5734375 0.5041671875 0.5671875 0.5395828125000001 0.5671875 0.5520828125 0.5703125 0.5666671875 0.58125 0.5854171874999999 0.6046875 0.6020828125000001 0.609375 0.6020828125000001 0.615625 0.60625 0.6296875 0.60625 0.6515625 0.59375 0.659375 0.5854171874999999 0.665625 0.5770828125 0.6734375 0.55 0.671875 0.5208328125 0.6609375 0.49375 0.634375 0.47291718749999995 0.6328125 0.47291718749999995 0.6203125 0.47083281250000003 0.61875 0.47291718749999995
0 0.6296875 0.39375 0.61875 0.3979171875 0.6015625 0.4125 0.590625 0.43333281250000005 0.5875 0.44375 0.590625 0.4479171875 0.6046875 0.4479171875 0.6171875 0.44375 0.6390625 0.44583281250000006 0.646875 0.45416718749999996 0.646875 0.4583328125 0.640625 0.47291718749999995 0.653125 0.48541718749999996 0.659375 0.4875 0.6734375 0.46666718749999997 0.675 0.44583281250000006 0.6734375 0.44375 0.671875 0.42291718749999996 0.6671875 0.41041718749999995 0.65625 0.4 0.6546875 0.4 0.64375 0.39375 0.6296875 0.39375
