2 0.75625 0.5625 0.7171875 0.5833328125 0.703125 0.6020828125000001 0.703125 0.6083328125 0.7234375 0.6333328125000001 0.7296875 0.6458328125 0.740625 0.68125 0.771875 0.6541671874999999 0.8140625 0.6083328125 0.815625 0.6 0.8140625 0.5958328125000001 0.8046875 0.5833328125 0.790625 0.5708328125000001 0.7890625 0.5708328125000001 0.7703125 0.5625 0.75625 0.5625
2 0.5640625 0.40625 0.5484375 0.4270828125 0.540625 0.45208281250000004 0.5375 0.47083281250000003 0.5375 0.5041671875 0.5484375 0.5354171875 0.5578125 0.5520828125 0.584375 0.5875 0.60625 0.6 0.6203125 0.6020828125000001 0.640625 0.59375 0.6515625 0.59375 0.6640625 0.5854171874999999 0.678125 0.5583328125 0.684375 0.5395828125000001 0.6875 0.51875 0.6875 0.5020828125000001 0.6796875 0.46458281250000005 0.665625 0.43541718749999997 0.6421875 0.40625 0.625 0.3958328125 0.609375 0.39375 0.6078125 0.3916671875 0.60625 0.3916671875 0.5765625 0.3958328125 0.5640625 0.40625
2 0.9859375 0.2 0.9859375 0.20625 0.9828125 0.2145828125 0.9828125 0.225 0.9765625 0.24375 0.9765625 0.2583328125 0.978125 0.2604171875 0.978125 0.275 0.9828125 0.2916671875 0.990625 0.3041671875 0.9984375 0.3104171875 0.9984375 0.175 0.996875 0.1770828125 0.990625 0.1854171875 0.9859375 0.2
3 0.575 0.18125 0.571875 0.1833328125 0.5546875 0.18125 0.553125 0.1833328125 0.5359375 0.1833328125 0.48125 0.1979171875 0.4359375 0.2229171875 0.421875 0.2375 0.4140625 0.25 0.409375 0.2645828125 0.4078125 0.2979171875 0.3921875 0.3208328125 0.3890625 0.3291671875 0.3890625 0.3354171875 0.390625 0.3354171875 0.409375 0.3125 0.434375 0.3 0.46875 0.2958328125 0.4796875 0.3 0.49375 0.3 0.4953125 0.2979171875 0.540625 0.2916671875 0.5515625 0.2875 0.584375 0.2854171875 0.5875 0.2833328125 0.6 0.2625 0.6203125 0.24375 0.6359375 0.2333328125 0.653125 0.2270828125 0.653125 0.2145828125 0.646875 0.2041671875 0.5984375 0.1854171875 0.596875 0.1854171875 0.5765625 0.1833328125 0.575 0.18125
3 0.7890625 0.0 0.7890625 0.0020828125 0.7890625 0.0083328125 0.7921875 0.0125 0.7921875 0.01875 0.796875 0.03125 0.790625 0.0458328125 0.7859375 0.0666671875 0.784375 0.0979171875 0.7859375 0.1020828125 0.8 0.10625 0.8171875 0.1166671875 0.825 0.1270828125 0.8296875 0.14375 0.8375 0.1541671875 0.8484375 0.15 0.85625 0.14375 0.8796875 0.1395828125 0.8921875 0.1541671875 0.9109375 0.1645828125 0.921875 0.1770828125 0.9375 0.1854171875 0.9484375 0.1979171875 0.959375 0.2270828125 0.9609375 0.2333328125 0.9609375 0.2625 0.959375 0.2708328125 0.9625 0.275 0.9765625 0.2770828125 0.978125 0.275 0.9734375 0.2541671875 0.9734375 0.2458328125 0.9828125 0.2229171875 0.98125 0.21875 0.9890625 0.1833328125 0.9953125 0.175 0.9703125 0.14375 0.9578125 0.1416671875 0.9453125 0.1333328125 0.9296875 0.1270828125 0.9078125 0.1125 0.9046875 0.1125 0.8890625 0.1 0.8765625 0.08333281249999999 0.8734375 0.07291718750000001 0.8671875 0.0645828125 0.8625 0.0479171875 0.85 0.027082812499999998 0.840625 0.0208328125 0.8296875 0.01875 0.8234375 0.0145828125 0.809375 0.0145828125 0.8046875 0.0104171875 0.8046875 0.0041671875 0.7984375 0.0 0.7890625 0.0
5 0.5890625 0.0229171875 0.5765625 0.0375 0.5703125 0.05 0.565625 0.06875 0.5640625 0.08125 0.565625 0.08333281249999999 0.565625 0.10416718750000001 0.5703125 0.13125 0.5765625 0.14375 0.578125 0.1520828125 0.5921875 0.1770828125 0.596875 0.18125 0.60625 0.1833328125 0.621875 0.1916671875 0.6453125 0.19375 0.6546875 0.1895828125 0.6609375 0.1833328125 0.68125 0.1541671875 0.690625 0.125 0.6921875 0.10416718750000001 0.690625 0.1 0.6921875 0.0979171875 0.6859375 0.06875 0.671875 0.039582812499999995 0.653125 0.0166671875 0.6296875 0.00625 0.628125 0.00625 0.6078125 0.0083328125 0.5890625 0.0229171875
5 0.734375 0.2625 0.7234375 0.2666671875 0.7109375 0.2770828125 0.696875 0.2979171875 0.690625 0.3145828125 0.690625 0.3208328125 0.684375 0.3416671875 0.684375 0.3645828125 0.6875 0.3791671875 0.703125 0.3791671875 0.7265625 0.3875 0.7328125 0.3875 0.7375 0.39375 0.74375 0.3958328125 0.746875 0.4 0.7515625 0.4 0.75625 0.40625 0.7703125 0.41458281250000006 0.7890625 0.39375 0.8015625 0.36875 0.8109375 0.35625 0.7890625 0.30625 0.784375 0.2791671875 0.784375 0.2666671875 0.778125 0.2583328125 0.7765625 0.2583328125 0.7734375 0.2604171875 0.734375 0.2625
5 0.60625 0.6166671874999999 0.59375 0.6333328125000001 0.584375 0.6520828125 0.5765625 0.6875 0.575 0.7104171874999999 0.5765625 0.7125 0.5765625 0.7229171875 0.5875 0.7604171875 0.596875 0.7770828125 0.609375 0.7916671875 0.621875 0.8020828124999999 0.6265625 0.8020828124999999 0.6390625 0.79375 0.7375 0.6854171874999999 0.7359375 0.6708328125 0.73125 0.6541671874999999 0.721875 0.6354171875 0.709375 0.61875 0.690625 0.6020828125000001 0.6765625 0.5958328125000001 0.665625 0.5958328125000001 0.6640625 0.59375 0.6625 0.59375 0.621875 0.6041671875 0.60625 0.6166671874999999
5 0.921875 0.0 0.909375 0.0104171875 0.8921875 0.0354171875 0.8796875 0.0666671875 0.878125 0.0770828125 0.8796875 0.0791671875 0.88125 0.0854171875 0.8890625 0.0958328125 0.9015625 0.10625 0.9203125 0.11875 0.928125 0.1208328125 0.934375 0.1270828125 0.9484375 0.13125 0.959375 0.1395828125 0.96875 0.1416671875 0.9703125 0.1333328125 0.9671875 0.125 0.9671875 0.0958328125 0.96875 0.0854171875 0.9796875 0.05625 0.9828125 0.054167187500000005 0.9890625 0.0416671875 0.9984375 0.0354171875 0.9984375 0.0 0.921875 0.0
0 0.6890625 0.1458328125 0.6765625 0.16875 0.6625 0.1875 0.6578125 0.2041671875 0.6578125 0.225 0.68125 0.2416671875 0.690625 0.2541671875 0.7015625 0.2770828125 0.7046875 0.2770828125 0.73125 0.2583328125 0.7296875 0.2541671875 0.7265625 0.2541671875 0.715625 0.24375 0.7 0.2145828125 0.69375 0.19375 0.6984375 0.1604171875 0.70625 0.1395828125 0.7046875 0.1395828125 0.7 0.1395828125 0.6890625 0.1458328125
0 0.5609375 0.175 0.5640625 0.1791671875 0.590625 0.1791671875 0.590625 0.1770828125 0.5796875 0.1583328125 0.571875 0.1354171875 0.5671875 0.1333328125 0.5671875 0.1354171875 0.5625 0.1458328125 0.5609375 0.175
0 0.4484375 0.3020828125 0.4359375 0.3020828125 0.4109375 0.3125 0.3890625 0.3416671875 0.3859375 0.3541671875 0.3859375 0.3666671875 0.3890625 0.3770828125 0.3921875 0.41041718749999995 0.4015625 0.43333281250000005 0.409375 0.44375 0.425 0.45416718749999996 0.45 0.4625 0.4625 0.4625 0.48125 0.45625 0.5015625 0.4375 0.5078125 0.42083281250000004 0.5109375 0.40208281250000005 0.509375 0.35625 0.5015625 0.3270828125 0.484375 0.30625 0.4671875 0.2979171875 0.465625 0.2979171875 0.45 0.3 0.4484375 0.3020828125
0 0.5234375 0.5479171875 0.5125 0.5625 0.50625 0.575 0.5015625 0.5875 0.496875 0.6125 0.5 0.6375 0.5109375 0.6645828125000001 0.5328125 0.6916671875 0.559375 0.7104171874999999 0.571875 0.7125 0.575 0.7 0.5765625 0.675 0.584375 0.6479171874999999 0.590625 0.6354171875 0.6140625 0.6041671875 0.5953125 0.5979171875 0.5796875 0.5854171874999999 0.546875 0.5375 0.5453125 0.5375 0.5359375 0.5395828125000001 0.5234375 0.5479171875
0 0.6859375 0.38125 0.6765625 0.3833328125 0.6578125 0.39375 0.6484375 0.40625 0.6484375 0.41041718749999995 0.66875 0.4375 0.6765625 0.45208281250000004 0.6875 0.4875 0.6890625 0.5208328125 0.6875 0.5229171874999999 0.6875 0.5333328125000001 0.6796875 0.5583328125 0.6765625 0.5625 0.6765625 0.56875 0.6828125 0.575 0.69375 0.575 0.7078125 0.5791671875 0.7328125 0.5729171875 0.7484375 0.5645828125000001 0.778125 0.525 0.7828125 0.5125 0.7828125 0.44583281250000006 0.7765625 0.43333281250000005 0.7625 0.41458281250000006 0.7515625 0.40625 0.734375 0.3979171875 0.725 0.3895828125 0.7125 0.3854171875 0.7109375 0.3854171875 0.6875 0.3833328125 0.6859375 0.38125
1 0.5 0.4875 0.49375 0.5020828125000001 0.490625 0.5166671875 0.490625 0.5520828125 0.496875 0.5708328125000001 0.5015625 0.5770828125 0.5046875 0.5770828125 0.5140625 0.5583328125 0.521875 0.5479171875 0.5390625 0.5354171875 0.54375 0.5354171875 0.54375 0.525 0.5375 0.5125 0.5359375 0.5020828125000001 0.5265625 0.4895828125 0.525 0.48125 0.51875 0.47083281250000003 0.5171875 0.47083281250000003 0.5078125 0.47708281250000006 0.5 0.4875
1 0.546875 0.2979171875 0.5375 0.2979171875 0.51875 0.31875 0.5109375 0.3395828125 0.5140625 0.40833281250000003 0.5171875 0.4125 0.5265625 0.3916671875 0.5515625 0.3625 0.5671875 0.3520828125 0.5796875 0.35 0.58125 0.3520828125 0.590625 0.3520828125 0.590625 0.3458328125 0.5875 0.3395828125 0.5828125 0.3166671875 0.5828125 0.30625 0.56875 0.2979171875 0.5671875 0.2979171875 0.5484375 0.2958328125 0.546875 0.2979171875
1 0.5625 0.3541671875 0.5578125 0.3604171875 0.5546875 0.3604171875 0.5453125 0.36875 0.528125 0.3875 0.5171875 0.4125 0.5140625 0.4270828125 0.5140625 0.4479171875 0.5171875 0.46458281250000005 0.528125 0.49166718749999994 0.5328125 0.49791718749999997 0.5359375 0.49791718749999997 0.534375 0.49375 0.5359375 0.48333281250000004 0.534375 0.48125 0.5359375 0.4791671875 0.5359375 0.4625 0.5421875 0.43958281250000003 0.55 0.42083281250000004 0.571875 0.3979171875 0.584375 0.3916671875 0.603125 0.3895828125 0.6046875 0.3916671875 0.6171875 0.3916671875 0.6375 0.40208281250000005 0.64375 0.40208281250000005 0.6421875 0.3895828125 0.6328125 0.375 0.615625 0.3625 0.5953125 0.3541671875 0.59375 0.3541671875 0.56875 0.3520828125 0.5625 0.3541671875
1 0.7265625 0.0354171875 0.7171875 0.05625 0.7140625 0.0666671875 0.715625 0.0958328125 0.721875 0.1104171875 0.7296875 0.1166671875 0.73125 0.11458281249999999 0.7515625 0.1125 0.78125 0.1020828125 0.784375 0.0625 0.790625 0.0416671875 0.7921875 0.029167187500000004 0.7859375 0.0104171875 0.78125 0.0083328125 0.778125 0.0104171875 0.7765625 0.0083328125 0.775 0.0083328125 0.7421875 0.0145828125 0.7265625 0.0354171875
1 0.615625 0.0 0.615625 0.0020828125 0.6171875 0.0041671875 0.640625 0.00625 0.659375 0.01875 0.6734375 0.0375 0.684375 0.060417187500000004 0.690625 0.06875 0.703125 0.0708328125 0.7171875 0.054167187500000005 0.728125 0.029167187500000004 0.740625 0.0125 0.7421875 0.0020828125 0.740625 0.0 0.615625 0.0
1 0.86875 0.14375 0.8375 0.15625 0.8109375 0.1875 0.7953125 0.2166671875 0.7921875 0.2270828125 0.7875 0.2520828125 0.7875 0.2854171875 0.79375 0.3145828125 0.8046875 0.3375 0.81875 0.35625 0.834375 0.3645828125 0.84375 0.3645828125 0.85 0.36875 0.8578125 0.36875 0.865625 0.3729171875 0.884375 0.3729171875 0.8859375 0.3708328125 0.890625 0.3729171875 0.9046875 0.3645828125 0.928125 0.3354171875 0.9421875 0.3229171875 0.95625 0.2770828125 0.9578125 0.2291671875 0.9484375 0.2020828125 0.9421875 0.19375 0.9359375 0.1875 0.9203125 0.1791671875 0.9109375 0.1666671875 0.8921875 0.1583328125 0.8828125 0.1458328125 0.88125 0.1458328125 0.8796875 0.14375 0.86875 0.14375
1 0.9328125 0.3354171875 0.9234375 0.34375 0.903125 0.3708328125 0.9015625 0.3791671875 0.8984375 0.3833328125 0.89375 0.40416718749999997 0.8953125 0.44375 0.9046875 0.47291718749999995 0.909375 0.48125 0.921875 0.49375 0.928125 0.49375 0.934375 0.4895828125 0.9546875 0.46458281250000005 0.9640625 0.45625 0.9984375 0.41041718749999995 0.9984375 0.3270828125 0.9796875 0.31875 0.978125 0.31875 0.9609375 0.31875 0.9328125 0.3354171875
4 0.8421875 0.4895828125 0.8265625 0.5041671875 0.815625 0.5208328125 0.809375 0.5416671875 0.8078125 0.5604171874999999 0.8125 0.575 0.8125 0.58125 0.81875 0.59375 0.8234375 0.5979171875 0.8625 0.5604171874999999 0.86875 0.5583328125 0.875 0.5479171875 0.8796875 0.5458328125 0.9046875 0.5208328125 0.90625 0.5166671875 0.9046875 0.5125 0.8921875 0.49583281250000005 0.875 0.4875 0.8734375 0.4875 0.846875 0.4875 0.8421875 0.4895828125
4 0.784375 0.40416718749999997 0.78125 0.42083281250000004 0.7859375 0.43958281250000003 0.784375 0.4479171875 0.7875 0.46666718749999997 0.8046875 0.4875 0.809375 0.4895828125 0.8296875 0.4895828125 0.834375 0.48541718749999996 0.8484375 0.48333281250000004 0.8515625 0.4791671875 0.859375 0.4791671875 0.8671875 0.47083281250000003 0.8765625 0.46875 0.884375 0.4583328125 0.8890625 0.43541718749999997 0.8875 0.43125 0.8875 0.41041718749999995 0.89375 0.3916671875 0.8921875 0.3833328125 0.8859375 0.3770828125 0.86875 0.3770828125 0.8453125 0.36875 0.828125 0.36875 0.8265625 0.3666671875 0.825 0.36875 0.8109375 0.3708328125 0.784375 0.40416718749999997
4 0.659375 0.2291671875 0.6515625 0.2291671875 0.63125 0.2375 0.621875 0.24375 0.5984375 0.2666671875 0.59375 0.2729171875 0.5875 0.2895828125 0.5859375 0.3208328125 0.5921875 0.3458328125 0.5984375 0.3520828125 0.61875 0.3583328125 0.6265625 0.3645828125 0.64375 0.36875 0.6484375 0.3666671875 0.653125 0.3604171875 0.665625 0.3583328125 0.66875 0.3541671875 0.678125 0.35 0.6796875 0.3395828125 0.6859375 0.3270828125 0.6859375 0.3208328125 0.69375 0.2979171875 0.690625 0.2645828125 0.684375 0.25 0.6734375 0.2375 0.671875 0.2375 0.6625 0.2333328125 0.659375 0.2291671875
4 0.740625 0.11875 0.7328125 0.11875 0.715625 0.1291671875 0.7046875 0.1458328125 0.696875 0.1708328125 0.6953125 0.2 0.7015625 0.2125 0.7015625 0.2166671875 0.7078125 0.225 0.7140625 0.2395828125 0.7234375 0.25 0.7359375 0.2583328125 0.78125 0.2458328125 0.7875 0.2395828125 0.79375 0.2145828125 0.8140625 0.1791671875 0.83125 0.1583328125 0.83125 0.1520828125 0.8234375 0.1291671875 0.815625 0.11875 0.8015625 0.1104171875 0.7828125 0.1083328125 0.78125 0.10625 0.7796875 0.1083328125 0.76875 0.1083328125 0.740625 0.11875
