2 0.7265625 0.8665734374999999 0.73674375 0.88148125 0.750265625 0.8923140625 0.7655671875000001 0.8990281250000001 0.7874421875000001 0.8996765625 0.806515625 0.8939812500000001 0.8146531250000001 0.8879625000000001 0.8263468749999999 0.8737031249999999 0.8390124999999999 0.84069375 0.83976875 0.8261109375 0.8370749999999999 0.8176859375 0.8169296875000001 0.783703125 0.809440625 0.7772218750000001 0.807878125 0.7771765625 0.7895609375 0.7682875 0.7692484375 0.7676859375 0.76434375 0.7717125 0.7532984375 0.773471875 0.7304515625 0.7915734375000001 0.723553125 0.8038890625 0.72145 0.814259375 0.7201546875 0.8392593749999999 0.722415625 0.8560187499999999 0.7265625 0.8665734374999999
4 0.4386234375 0.9268984375 0.45548593750000005 0.9336578125000001 0.478815625 0.9364359375 0.49821406250000005 0.924490625 0.5082375 0.91226875 0.5153515625 0.8957875 0.5163234375 0.8770374999999999 0.5137390625 0.866528125 0.5131484375 0.84773125 0.49714843750000004 0.82430625 0.4955859375 0.8242593749999999 0.48955312500000003 0.8199078125 0.472365625 0.8193984375 0.46121093750000003 0.8232406250000001 0.4368015625 0.8412968749999999 0.4284484375 0.85148125 0.4264546875 0.85976875 0.42337968750000005 0.8888890625 0.42450937499999997 0.89726875 0.4270953125 0.9077781249999999 0.4386234375 0.9268984375
4 0.7421453125 0.7773140625 0.7583109375 0.7673609375 0.761975 0.7570375 0.7627312500000001 0.742453125 0.7563234375000001 0.7151390625 0.746034375 0.7023140625 0.7279328125 0.689259375 0.7263703125000001 0.6892125 0.713978125 0.6867593750000001 0.7123078125 0.688796875 0.7092906250000001 0.6866203125 0.6947953124999999 0.6945375 0.68768125 0.71101875 0.6842828125 0.7463890625 0.7046453125000001 0.776203125 0.7228546875 0.7871765625 0.7322296875000001 0.7874531250000001 0.7421453125 0.7773140625
4 0.571609375 0.83694375 0.580984375 0.837221875 0.592353125 0.8292125 0.6058250000000001 0.8108328124999999 0.618059375 0.7861578125 0.610196875 0.7567125 0.6014703124999999 0.7439359375000001 0.5999078124999999 0.7438890625 0.5938734375 0.7395375 0.5641859375 0.7386578125 0.5514703125 0.742453125 0.5298609375 0.7668515625000001 0.5246328124999999 0.7771296875 0.5248999999999999 0.8021765625 0.5375578125 0.8296765625000001 0.5543125 0.8385187500000001 0.5699375 0.83898125 0.571609375 0.83694375
4 0.6443140625 1.0 0.65445625 0.9896296875000001 0.660115625 0.97101875 0.6630828125 0.94398125 0.6606062500000001 0.9313890625000001 0.6329125 0.922221875 0.6194984375 0.90930625 0.6179359375 0.9092593750000001 0.6101234375 0.9090281250000001 0.5988625 0.914953125 0.58485 0.94375 0.5860875 0.950046875 0.59190625 0.9585640625 0.5964859375 0.9607875 0.6081218749999999 0.9778234375 0.6097375 1.0 0.6443140625 1.0
5 0.5058484375 0.6263421874999999 0.50751875 0.62430625 0.5184562500000001 0.6246296874999999 0.5201265625 0.6225921875 0.5206671875 0.6121765625 0.5336000000000001 0.6042125 0.5341390625 0.593796875 0.537696875 0.58555625 0.5380203125 0.5793062499999999 0.547021875 0.5566203125 0.5473453125 0.5503703125 0.54330625 0.53773125 0.5345796875 0.524953125 0.5240734375 0.516296875 0.5225109375 0.51625 0.5038703124999999 0.5136109375 0.481346875 0.5254624999999999 0.46965312499999995 0.539721875 0.4625390625 0.556203125 0.463884375 0.5604171874999999 0.47595312500000003 0.5691203125000001 0.4875890625 0.5861578125 0.4974453125 0.6073140625 0.49970625 0.6240734375 0.5058484375 0.6263421874999999
5 0.68336875 0.7338421875 0.6862265625 0.7088890625000001 0.693340625 0.6924078125 0.689734375 0.6714359375 0.6751890625 0.6501390625 0.656871875 0.64125 0.6553093750000001 0.641203125 0.641246875 0.6407875 0.6220640625 0.6485640625 0.6039046875 0.6668062499999999 0.60169375 0.679259375 0.6086421875 0.6961578125 0.6232953125 0.7153703124999999 0.6579359375 0.7414359375 0.6686578125 0.7459265625 0.6780328124999999 0.746203125 0.68336875 0.7338421875
5 0.4521109375 0.7875 0.46326406249999996 0.7836578125 0.47786718749999996 0.7736578125 0.48621875000000003 0.763471875 0.4969984375 0.7366671874999999 0.4982953125 0.7116671875 0.4888703125 0.6821765625 0.47577968750000005 0.663009375 0.46538124999999997 0.65226875 0.45008125000000004 0.64555625 0.44851875 0.6455093749999999 0.4374734375 0.6472687500000001 0.4246484375 0.6531484375 0.41150000000000003 0.665278125 0.409290625 0.67773125 0.4002890625 0.7004171875 0.3993171875 0.7191671875 0.402815625 0.742221875 0.41849218749999995 0.7718984375 0.43513906249999995 0.7828234375 0.4521109375 0.7875
5 0.5279515625 0.9545828125 0.5486953125 0.9468515625 0.5752578125000001 0.9476390625000001 0.5784921875 0.9456484375 0.5851734375000001 0.9375 0.5943906250000001 0.9106484375000001 0.5953625 0.8918984375000001 0.5931015625 0.8751390625000001 0.58356875 0.84773125 0.5792046875 0.8413421874999999 0.5510796874999999 0.8405093750000001 0.549625 0.8383796875 0.5480625 0.8383328125 0.532546875 0.8357875 0.52106875 0.8458796875000001 0.515625 0.8603234375 0.5178859375 0.8770828125 0.5169140624999999 0.8958328124999999 0.5063500000000001 0.918471875 0.49966875 0.9266203125000001 0.5093093750000001 0.9519437500000001 0.5230484375 0.9586109374999999 0.5279515625 0.9545828125
0 0.57631875 0.65555625 0.5871484375 0.6579625 0.5916203125 0.66226875 0.5978703125 0.6624531250000001 0.61069375 0.6565734375 0.6222796875000001 0.6443984375 0.6319796875 0.6384265625000001 0.6397421875 0.60944375 0.6407140625000001 0.59069375 0.629834375 0.5590734375 0.6181984375 0.5420375 0.6062390625 0.53125 0.5955171874999999 0.5267593749999999 0.5939546874999999 0.5267125 0.5815625 0.524259375 0.56049375 0.538240625 0.5569375 0.54648125 0.5503625000000001 0.552546875 0.5414703125 0.5731484375 0.5368328124999999 0.602221875 0.5425421874999999 0.6128234375 0.5451265624999999 0.6233328124999999 0.5657062500000001 0.6489812500000001 0.57631875 0.65555625
0 0.3632640625 0.78069375 0.36940625 0.7829625 0.3710765625 0.7809265625 0.3804515625 0.781203125 0.40421250000000003 0.7756484375 0.4139125 0.7696765625 0.41132656250000005 0.7591671875 0.40125312500000004 0.7421765625 0.3979703125 0.714953125 0.4006140625 0.6941671875 0.4080515625 0.6714359375 0.4068125 0.6651390625 0.40525 0.6650921875 0.3911875 0.6646765625 0.368665625 0.676528125 0.3516359375 0.7031484375 0.34619218749999997 0.7175921875 0.347646875 0.7197218750000001 0.34398125 0.730046875 0.34500312499999997 0.740509375 0.343225 0.7446296875 0.34985 0.767778125 0.3632640625 0.78069375
0 0.48966093749999995 0.8178234375000001 0.501728125 0.826528125 0.51638125 0.845740625 0.5327625 0.8316203124999999 0.53319375 0.8232875 0.524684375 0.8063421875 0.5220984375 0.7958328125 0.5229625 0.7791671874999999 0.5282984374999999 0.7668062499999999 0.543440625 0.7463890625 0.53929375 0.7358328125 0.5272265625 0.7271296875 0.5256640625 0.7270828125000001 0.521084375 0.7248609375 0.5007718750000001 0.724259375 0.4946796875 0.751203125 0.48945156250000005 0.76148125 0.47285468750000004 0.77976875 0.45356406250000003 0.7896296875 0.45706406250000003 0.8126859375000001 0.46131875000000006 0.8211578125000001 0.48351875 0.81555625 0.48966093749999995 0.8178234375000001
0 0.608296875 1.0 0.607796875 0.9840734375 0.6051046875 0.9756484375 0.5933609375 0.9606937500000001 0.5767125 0.9497687499999999 0.57515 0.949721875 0.5690078125 0.947453125 0.5578546875 0.951296875 0.5469171875 0.9509718749999999 0.5246109375 0.9586578125 0.5129171875 0.9729171875 0.5108140624999999 0.9832875 0.5118359375 0.99375 0.5196484375 0.99398125 0.526115625 0.99 0.544865625 0.99055625 0.5631828125 0.99944375 0.5637109375 1.0 0.608296875 1.0
0 0.3630484375 1.0 0.36684843749999996 0.9831937500000001 0.3678203125 0.96444375 0.365559375 0.9476859375 0.3588265625 0.9266203125000001 0.347190625 0.9095828125000001 0.33054375 0.8986578125 0.32898125 0.8986109375 0.3069984375 0.9000468749999999 0.287815625 0.9078234374999999 0.27154375000000003 0.9198609375 0.2614125 0.9341671874999999 0.25262656250000004 0.9526859375000001 0.2524109375 0.9568515625 0.2490703125 0.9609265625000001 0.2459953125 0.990046875 0.24745 0.9921765625000001 0.24704375 1.0 0.3630484375 1.0
1 0.295478125 0.8204171875 0.3292625 0.8026390625 0.356365625 0.793009375 0.35970625 0.7889359375 0.3583609375 0.784721875 0.3481796875 0.7698140625 0.3405828125 0.7654171875 0.33902031250000003 0.7653703125 0.320378125 0.7627312500000001 0.3044296875 0.7685187499999999 0.291496875 0.77648125 0.2764625 0.7948140625 0.267678125 0.8133328125 0.2668125 0.8300000000000001 0.2682671875 0.8321296874999999 0.2842171875 0.8263421875000001 0.2875578125 0.8222687499999999 0.295478125 0.8204171875
1 0.41495 0.6591203125 0.43601875 0.6451390625 0.4517515625 0.6435187499999999 0.46850625 0.6523609375 0.4728703125 0.6587500000000001 0.481921875 0.665278125 0.4869328125 0.6591671875 0.49226875000000003 0.64680625 0.49792812499999994 0.62819375 0.49722968749999996 0.61148125 0.483225 0.57976875 0.46835625 0.564721875 0.46679375 0.5646765625 0.45618125000000004 0.5581015625 0.43586875 0.5575 0.429509375 0.5593984375 0.419703125 0.567453125 0.40245781249999996 0.5982406250000001 0.3985765625 0.6127312500000001 0.399059375 0.6336109375000001 0.40444375 0.6504624999999999 0.411825 0.6590281250000001 0.41495 0.6591203125
1 0.54274375 0.7296765625 0.5432828125 0.719259375 0.5393515625 0.7045375 0.542859375 0.6670828125 0.534671875 0.6438890625 0.5199109375 0.626759375 0.5183484375 0.6267125 0.5074109375 0.6263890625 0.49782031250000003 0.630278125 0.492053125 0.650971875 0.485046875 0.6653703125 0.48472187499999997 0.6716203125 0.49468750000000006 0.69069375 0.50255 0.7201390625 0.5227546875 0.7228234375 0.539509375 0.7316671875 0.54274375 0.7296765625
1 0.6376000000000001 0.9223609375 0.665509375 0.9273609374999999 0.6782250000000001 0.9235640625 0.6880328125 0.9155093750000001 0.7016125 0.895046875 0.7071640625 0.8785187499999999 0.712234375 0.8411109375000001 0.7107796875 0.83898125 0.71131875 0.8285640624999999 0.7073875000000001 0.8138421875 0.6939734375 0.8009265624999999 0.6756562500000001 0.7920375 0.6624578125 0.774953125 0.6608953125 0.7749078125 0.6436 0.77648125 0.6370250000000001 0.782546875 0.627434375 0.7864359375000001 0.6123999999999999 0.80476875 0.6052859374999999 0.82125 0.600540625 0.8524078125000001 0.6026921875 0.8712500000000001 0.6067328125 0.8838890625 0.62116875 0.9072687500000001 0.6376000000000001 0.9223609375
1 0.7531828125 1.0 0.762484375 0.9886578125 0.7711609375 0.972221875 0.7742359375000001 0.9431015625000001 0.77310625 0.9347218749999999 0.762009375 0.9072687500000001 0.736528125 0.8856484375000001 0.7212265625 0.8789359375 0.719771875 0.8768062499999999 0.7230046875 0.8748140624999999 0.7170796875 0.8683796875 0.715840625 0.8620828125 0.7126078125 0.8640734374999999 0.7123921875 0.868240625 0.7139546875 0.8682874999999999 0.716971875 0.8704625 0.7106140625 0.8723609375000001 0.71018125 0.88069375 0.706840625 0.8847687499999999 0.7047375 0.8951390625 0.6812421875 0.9257406250000001 0.6776859375 0.9339812500000001 0.6768203125000001 0.9506484374999999 0.67940625 0.9611578125 0.6789734375 0.969490625 0.6871609375000001 0.9926859374999999 0.6962906249999999 1.0 0.7531828125 1.0
1 0.5067265625 1.0 0.506825 0.9998609374999999 0.5074734375000001 0.9873609374999999 0.5048874999999999 0.9768515624999999 0.4815078125 0.9448609375 0.4708953125 0.9382875 0.4693328125 0.938240625 0.4396453125 0.9373609374999999 0.42838281250000004 0.9432875 0.41345625 0.9595375 0.40634218750000006 0.97601875 0.40133125 0.9821296875 0.395896875 1.0 0.5067265625 1.0
1 0.3950625 1.0 0.3998765625 0.9800000000000001 0.4135640625 0.957453125 0.42692968750000004 0.9411578125 0.42892343750000006 0.9328703125000001 0.42746874999999995 0.930740625 0.42800937499999997 0.9203234374999999 0.41993125 0.895046875 0.4053859375 0.87375 0.4022609375 0.8736578125 0.396334375 0.867221875 0.394771875 0.8671765625000001 0.3806015625 0.8688421875 0.356515625 0.8806484375 0.3483796875 0.8866671875 0.34493125 0.8928234375 0.344390625 0.9032406249999999 0.35893593749999997 0.9245374999999999 0.3682515625 0.9561109374999999 0.368303125 0.9853234375 0.3647703125 1.0 0.3950625 1.0
3 0.300165625 0.8205562499999999 0.26815937500000003 0.8342124999999999 0.24719843749999998 0.8461109375 0.23060156250000002 0.8643984375 0.2285 0.87476875 0.223271875 0.8850468749999999 0.197515625 0.8988890625 0.1828046875 0.9109718750000001 0.1757984375 0.9253703124999999 0.17515 0.9378703125 0.18096874999999998 0.9463890625 0.18878124999999998 0.9466203125 0.20171250000000002 0.9386578125 0.206725 0.9325468750000001 0.22278125000000001 0.9246765625 0.22746875000000003 0.9248140625 0.2323734375 0.9207875 0.24309375000000003 0.925278125 0.2603890625 0.923703125 0.2848 0.9056484375 0.29105 0.9058328124999999 0.30877656249999996 0.8959265625 0.3150265625 0.8961109374999999 0.33097656249999996 0.8903234375 0.3631984375 0.8724999999999999 0.39030156250000003 0.8628703124999999 0.40334062499999995 0.8528234375 0.41438593749999997 0.8510640625000001 0.43044374999999996 0.84319375 0.44192187499999996 0.8331015624999999 0.4531828125 0.8271765625 0.45528593749999996 0.81680625 0.44866093749999997 0.7936578125 0.44575156250000003 0.7893984374999999 0.43201406249999996 0.78273125 0.43045156249999994 0.7826859374999999 0.41983750000000003 0.7761109375 0.41202500000000003 0.7758796875 0.3771109375 0.7852781249999999 0.35302500000000003 0.7970828125 0.346775 0.7968984375 0.341871875 0.8009265624999999 0.3291546875 0.804721875 0.311428125 0.8146296875000001 0.306740625 0.814490625 0.300165625 0.8205562499999999
3 0.5460921875 0.6650921875 0.5414546875 0.6941671875 0.542909375 0.696296875 0.5422609375 0.708796875 0.550015625 0.7403234375000001 0.56273125 0.736528125 0.59554375 0.7375 0.601578125 0.7418515625000001 0.611759375 0.756759375 0.6212921875 0.7841671875 0.6307750000000001 0.7823609375 0.63735 0.776296875 0.648503125 0.772453125 0.6625656249999999 0.7728703125 0.6757640625 0.789953125 0.6864859375 0.79444375 0.7015703125 0.8053234375 0.70895 0.8138890625 0.7136375 0.8140281249999999 0.7220984374999999 0.8017593749999999 0.72409375 0.793471875 0.7226390625 0.7913421875 0.702975 0.778240625 0.6823953125 0.7525921875 0.6608453125 0.74569375 0.624640625 0.7195828125 0.6056250000000001 0.69398125 0.5915125 0.6643515625 0.56850625 0.6553234375 0.5580015625 0.6466671875000001 0.5420015625 0.623240625 0.5407640625 0.61694375 0.5364 0.6105562499999999 0.5348375 0.610509375 0.523684375 0.6143515625 0.52503125 0.6185640625 0.5233609375 0.6206015625 0.537796875 0.6439812500000001 0.540490625 0.6524078125 0.5449609375 0.6567125 0.5447453125 0.6608796875 0.5465234375 0.656759375 0.549540625 0.6589359375 0.5460921875 0.6650921875
2 0.56203125 1.0 0.5616203125 0.9993984375 0.550790625 0.9969906249999999 0.54475625 0.9926390625 0.52756875 0.9921296875 0.5131828125 0.9979625000000001 0.5115125 1.0 0.56203125 1.0
