1 0.9173640625000001 0.4693171875 0.893684375 0.4654234375 0.8502015625 0.475990625 0.8320453125 0.4923703125 0.8087296875 0.53633125 0.8079218750000001 0.555153125 0.8358968750000001 0.5877718749999999 0.8638203125 0.6578765625 0.8800250000000001 0.67084375 0.9304796874999999 0.6387609375000001 0.9816375 0.5901109375 0.9817203125 0.5873062499999999 0.9804031249999999 0.554675 0.9680453124999999 0.5205031250000001 0.9430249999999999 0.48342656249999993 0.9173640625000001 0.4693171875
1 0.592325 0.7306609374999999 0.5782140625000001 0.76954375 0.584184375 0.839746875 0.597853125 0.867540625 0.620640625 0.8881828125 0.645296875 0.8774031250000001 0.722359375 0.805196875 0.732621875 0.78751875 0.699121875 0.7346265625 0.6884953125 0.704446875 0.6596265625 0.6885749999999999 0.6330734375 0.6912140625000001 0.611625 0.70375625 0.592325 0.7306609374999999
1 0.6039749999999999 0.475465625 0.5887749999999999 0.4873875 0.5709531250000001 0.5120625000000001 0.5538015625 0.5533296875 0.552603125 0.601340625 0.5631468749999999 0.6294453125 0.596228125 0.67196875 0.6266578125 0.6876859375000001 0.680990625 0.673959375 0.69236875 0.6061953124999999 0.72193125 0.5616140625 0.7195328125 0.5410296875 0.70084375 0.5054046875 0.6747640625 0.4809265625 0.6366078125 0.468059375 0.6039749999999999 0.475465625
1 0.339984375 0.5787375 0.3219953125 0.5992656249999999 0.296728125 0.672571875 0.29410625 0.6853265625 0.3065484375 0.721571875 0.3197140625 0.736921875 0.3642015625 0.7512421875 0.3644234375 0.7179046875 0.3764703125 0.6667328125 0.3958546875 0.6419015625 0.431025 0.6196671874999999 0.40575312500000005 0.5763671875 0.386590625 0.567859375 0.35847656250000004 0.570653125 0.339984375 0.5787375
1 0.32565468750000004 0.767565625 0.356390625 0.75201875 0.3401015625 0.736978125 0.31806718749999996 0.735003125 0.30819375 0.7234906249999999 0.29681250000000003 0.674646875 0.2881109375 0.69216875 0.28961875 0.7295 0.3081390625 0.7609765625 0.32565468750000004 0.767565625
1 0.23984999999999998 0.46791406249999995 0.24481718749999998 0.51323125 0.3274859375 0.463371875 0.295965625 0.42069375000000003 0.2741 0.422865625 0.255775 0.43509843750000005 0.23984999999999998 0.46791406249999995
1 0.332171875 0.46290624999999996 0.3624890625 0.4369890625 0.397378125 0.368971875 0.3782703125 0.322978125 0.3637109375 0.31193125 0.3189171875 0.328875 0.2956015625 0.37283750000000004 0.299090625 0.42038281250000004 0.312675 0.44610312499999993 0.332171875 0.46290624999999996
1 0.444425 0.1748109375 0.456446875 0.2006859375 0.48288593750000003 0.1564140625 0.49956562499999996 0.1422640625 0.533759375 0.1347015625 0.565584375 0.146115625 0.5598109375 0.1196203125 0.5382484375 0.090528125 0.5080703125 0.0810328125 0.491140625 0.0889625 0.44637656249999996 0.145465625 0.444425 0.1748109375
0 0.2788765625 0.6576875 0.3005765625 0.6513671875 0.32921875 0.583971875 0.27667031249999996 0.5642046875 0.22562968749999998 0.58176875 0.22334375 0.60281875 0.23388749999999997 0.6309234375 0.25190625 0.64995625 0.2788765625 0.6576875
0 0.373053125 0.271440625 0.38 0.326971875 0.4001671875 0.36036562499999997 0.4108203125 0.3134984375 0.41190468750000003 0.223853125 0.3832328125 0.2516875 0.373053125 0.271440625
0 0.62356875 0.067475 0.5894859375 0.11667187500000001 0.5839921875 0.1359578125 0.5849984375 0.1608453125 0.6097125 0.22918750000000002 0.6230453125000001 0.24868593749999998 0.6550374999999999 0.264246875 0.6950609375 0.2456953125 0.7234812500000001 0.2116375 0.7396578125 0.18504375 0.7474375 0.14470624999999998 0.7216640625 0.0889640625 0.6823359375 0.0470609375 0.6556984375 0.047625 0.62356875 0.067475
0 0.4297140625 0.62604375 0.39289687500000003 0.6463593750000001 0.375159375 0.673109375 0.36712812499999997 0.7072234374999999 0.367325 0.75093125 0.3799328125 0.791325 0.4013265625 0.8162687500000001 0.433403125 0.8339046874999999 0.4723671875 0.8279515625 0.49520937500000006 0.8111062499999999 0.5158203125 0.777825 0.5278671875 0.726653125 0.516821875 0.6861046875000001 0.49632031249999997 0.6444140625 0.46259843749999996 0.624859375 0.4297140625 0.62604375
0 0.2774625 0.8556437499999999 0.2802796875 0.8865984375 0.3039890625 0.930053125 0.34211562500000003 0.903359375 0.3811640625 0.89948125 0.40501250000000005 0.9075234375000001 0.4306984375 0.8445843749999999 0.425509375 0.8326062500000001 0.38174687500000004 0.7973921875000001 0.362890625 0.75761875 0.330340625 0.7671 0.29715156249999997 0.79955 0.2774625 0.8556437499999999
5 0.36710625 0.9008765625 0.3437625 0.905278125 0.30571875 0.9340453125 0.2793 0.9908468750000001 0.42943749999999997 0.9863984374999999 0.41285 0.9463078125 0.4085546875 0.9175828125000001 0.3907875 0.904771875 0.36710625 0.9008765625
5 0.519384375 0.5942296875 0.509371875 0.6181296875 0.5038781250000001 0.637415625 0.5062765625 0.658 0.5312421875 0.7325640625000001 0.5509078125 0.753515625 0.5777953124999999 0.7591734375 0.5995484375 0.7153671875 0.6237015625 0.69214375 0.594665625 0.6721234375 0.5649609375 0.6355125 0.551040625 0.601496875 0.5497015625 0.5683125 0.519384375 0.5942296875
5 0.5448609375 0.1377640625 0.5197859375 0.138171875 0.490528125 0.151490625 0.4711453125 0.17632187500000002 0.4585109375 0.212975 0.4606890625 0.2668984375 0.4712328125 0.2950015625 0.4877734375 0.3162640625 0.5150796875 0.3322921875 0.5464859375 0.3333359375 0.56645625 0.3230234375 0.5859234375 0.300265625 0.6028234375 0.25277656249999997 0.60338125 0.227734375 0.5906890625 0.18526718749999999 0.5640234375000001 0.146271875 0.5448609375 0.1377640625
5 0.5907390625 0.031175 0.5661953125 0.08358750000000001 0.5664765625 0.12936875 0.581371875 0.1487125 0.587925 0.11682656250000001 0.6204453125 0.0677859375 0.6419765625 0.0573171875 0.6492843749999999 0.0440984375 0.6714015625 0.048146875 0.6835625000000001 0.0386109375 0.663646875 0.0114375 0.644484375 0.0029296875 0.6273875 0.0067109375 0.5907390625 0.031175
5 0.71751875 0.374646875 0.7646515625 0.29916718750000004 0.8269624999999999 0.2888125 0.8230000000000001 0.26838281249999996 0.7995421875 0.23115000000000002 0.7565328124999999 0.21459999999999999 0.7087 0.233928125 0.69079375 0.25653125 0.6796390625 0.29095468750000003 0.6846046875 0.336271875 0.71751875 0.374646875
5 0.52733125 0.5580421875 0.547971875 0.5643203125 0.5796546874999999 0.49454062499999996 0.5452921875000001 0.49795468749999994 0.524484375 0.487528125 0.497903125 0.4506046875 0.491821875 0.45537343750000003 0.4913484375 0.48249062499999995 0.500246875 0.5086765625 0.52733125 0.5580421875
2 0.5438265624999999 0.850003125 0.51289375 0.8218421875 0.46168437500000004 0.835259375 0.4310328125 0.85288125 0.4206015625 0.8664109375000001 0.41248593749999996 0.8984515625 0.41441249999999996 0.9461515625000001 0.43413593749999996 0.986259375 0.45796562500000004 0.985553125 0.516134375 0.9797734374999999 0.5508859375 0.94716875 0.5571890625 0.9090624999999999 0.5438265624999999 0.850003125
2 0.7450249999999999 0.5509906250000001 0.7205375 0.5659171875 0.69828125 0.5972796875 0.6873765625 0.6379265625 0.6899734375000001 0.70221875 0.7006 0.732396875 0.717225 0.7557328125 0.7495515625 0.779590625 0.7756859375 0.7665828125 0.8364046875 0.716821875 0.8571828125 0.6876890625 0.855340625 0.6420609374999999 0.8428156250000001 0.6037421875 0.8178796875 0.5687390625 0.7921343750000001 0.5525562500000001 0.7450249999999999 0.5509906250000001
2 0.5402828125 0.83994375 0.5479796875 0.797534375 0.5594703125 0.7714046875 0.5477828125 0.7538265625 0.5268921875 0.741325 0.5173828125 0.77766875 0.4846953125 0.8225625000000001 0.512809375 0.81976875 0.5402828125 0.83994375
3 0.45694999999999997 0.2131296875 0.43826093750000006 0.17750625 0.4255984375 0.1746 0.4181234375 0.18367187499999998 0.41140625000000003 0.32801562500000003 0.3977140625 0.37726875 0.373003125 0.4255328125 0.33998125 0.46212968749999994 0.2908359375 0.4878359375 0.2563359375 0.5266625 0.211375 0.5394578125 0.20094375000000003 0.5529875 0.19899375 0.5823328125 0.20384687499999998 0.586015625 0.2797109375 0.5618203125 0.3070171875 0.5778484374999999 0.3367765625 0.5769734375 0.40564062500000003 0.5347328124999999 0.41556875 0.508759375 0.45137968749999996 0.46355625 0.47385781250000003 0.39885468749999997 0.48194375 0.32725468750000003 0.45921093749999997 0.2691265625 0.45694999999999997 0.2131296875
3 0.8478859375000001 0.45747968749999995 0.8220875 0.4787828125 0.8043859375 0.48054218750000005 0.743321875 0.46995 0.7197796875 0.43064375000000005 0.716040625 0.3768765625 0.6849390625 0.3445671875 0.672415625 0.30624843749999997 0.6773234375 0.27244531250000004 0.6311890625000001 0.25620468750000003 0.6076765625 0.256459375 0.586425 0.31270937499999996 0.5861203125000001 0.3439734375 0.6136781250000001 0.3662234375 0.6289078124999999 0.3938625 0.6315578125 0.42066875000000004 0.6249203125 0.4504796875 0.630109375 0.4624578125 0.6762421875 0.47869687499999997 0.73055 0.5420171875 0.801421875 0.5495515625 0.8185734374999999 0.508284375 0.8575921875000001 0.46484375 0.8478859375000001 0.45747968749999995
3 0.4558984375 0.45894375 0.45361250000000003 0.4799921875 0.4724390625 0.4802046875 0.49341406250000003 0.4947796875 0.48992500000000005 0.44723281249999997 0.4648515625 0.44764218749999996 0.4558984375 0.45894375
4 0.49433125 0.40098593749999994 0.494109375 0.43432343749999996 0.504653125 0.462428125 0.5228390625 0.485609375 0.549978125 0.49748906249999997 0.5657640625 0.5000843749999999 0.609971875 0.46862343749999996 0.62876875 0.42927499999999996 0.6291578125 0.40008437499999994 0.620428125 0.378046875 0.579871875 0.3445953125 0.5362218750000001 0.3510140625 0.49433125 0.40098593749999994
4 0.41174999999999995 0.569525 0.43735625 0.6211203125 0.49269375000000004 0.63228125 0.503375 0.6249718750000001 0.5206109375 0.5857796875 0.5121859375 0.5324765625000001 0.49522656249999997 0.5008453125 0.474084375 0.48212343750000003 0.44588593750000005 0.4828421875 0.42903906249999996 0.49284531249999997 0.41040937499999997 0.5363421875000001 0.41174999999999995 0.569525
4 0.7616953125 0.303625 0.7350046875 0.3416765625 0.7210609375 0.38470624999999997 0.721090625 0.42426718750000003 0.7283421875 0.44853437500000004 0.754421875 0.4730125 0.8219203125 0.4746359375 0.8461562499999999 0.45348750000000004 0.8546906249999999 0.43181562500000004 0.8544937499999999 0.38810781250000004 0.8435312500000001 0.349634375 0.833909375 0.34434375 0.8274640625 0.30125625 0.8021390625 0.2954421875 0.7616953125 0.303625
