3 0.5376218749999999 1.0 0.5403546875 0.9914640625000001 0.528265625 0.9394953125000001 0.5317062499999999 0.85599375 0.557503125 0.8117875 0.5689296875000001 0.76154375 0.55716875 0.715828125 0.553025 0.6366171875 0.5473625 0.6179281249999999 0.49804531250000006 0.570703125 0.46969843750000007 0.5064671875 0.412796875 0.46353125000000006 0.3938546875 0.45965 0.35615312499999996 0.48526406250000004 0.3061140625 0.483946875 0.2798796875 0.519815625 0.2809703125 0.5406609375 0.290878125 0.5509390625 0.3812359375 0.576671875 0.42841562499999997 0.6427046875 0.4439515625 0.700878125 0.45175937499999996 0.7904656250000001 0.4787640625 0.85889375 0.4801875 0.9756984375 0.504859375 1.0 0.5376218749999999 1.0
3 0.410334375 0.08805468749999999 0.43482343749999997 0.018834375 0.3911328125 0.01950625 0.3657390625 0.10125781250000002 0.3258640625 0.1748875 0.32463125000000004 0.1811640625 0.361459375 0.138875 0.411609375 0.1422765625 0.410334375 0.08805468749999999
2 0.8664109375000001 0.2688015625 0.8431140625 0.271246875 0.7890125 0.311715625 0.7588625 0.36224687499999997 0.7485593749999999 0.40412968749999995 0.7492890625 0.44792812499999995 0.768490625 0.516478125 0.7892859375 0.5557953125 0.8191171875000001 0.5887156250000001 0.8717 0.6087703125 0.915390625 0.6080984375 0.976278125 0.57795625 0.9951453125 0.5505453124999999 0.9940546875 0.5297 0.97783125 0.48822656249999996 0.905896875 0.33703906250000004 0.8664109375000001 0.2688015625
0 0.6662671875 1.0 0.689603125 0.9787390625000001 0.7022296875 0.9514250000000001 0.7047296875 0.9096624999999999 0.678271875 0.8516546875 0.6274671875 0.8357468750000001 0.5749187499999999 0.7864859375 0.5673359375 0.790775 0.5348265624999999 0.8559468750000001 0.537771875 0.9122281250000001 0.561 0.9681984375000001 0.57958125 0.9950328125000001 0.5874578125000001 1.0 0.6662671875 1.0
0 0.8480421874999999 0.63416875 0.7962984375 0.659996875 0.7789921875 0.6873843749999999 0.764084375 0.7606296875 0.7654671875 0.8169359375 0.7758859375 0.8668437499999999 0.815371875 0.93508125 0.8687171875 0.9697265625 0.9061656250000001 0.9691515624999999 0.9394031249999999 0.9477781249999999 0.8929125000000001 0.8650453125 0.870590625 0.79654375 0.8653234375000001 0.7256953125 0.8700374999999999 0.696415625 0.8919499999999999 0.637665625 0.8480421874999999 0.63416875
0 0.74616875 0.44797656249999995 0.7472515625 0.37911562499999996 0.7247515625000001 0.36694375 0.6554421875 0.3554921875 0.6248890625 0.3684796875 0.59118125 0.410721875 0.5787734375 0.4422046875 0.5678921875 0.5028718750000001 0.57258125 0.59250625 0.590365625 0.63395625 0.6233171875 0.666828125 0.6696578125 0.686978125 0.7074328125 0.69265625 0.760628125 0.66471875 0.7840671875 0.6351515625 0.804965625 0.5868484375 0.8026421875 0.5722796875 0.7740437499999999 0.5330812500000001 0.7560421875000001 0.4874625 0.74616875 0.44797656249999995
0 0.2153390625 0.2412578125 0.2458578125 0.257478125 0.2984734375 0.248325 0.3454203125 0.1307765625 0.3429875 0.114125 0.2787875 0.0212328125 0.22729531249999999 0.0220234375 0.21826093750000003 0.028421875000000003 0.19449375 0.051734375 0.1660125 0.104328125 0.164528125 0.13564375 0.1901890625 0.20826562499999998 0.2153390625 0.2412578125
0 0.440078125 0.388009375 0.45096718750000003 0.4170484375 0.4855890625 0.45198124999999995 0.5343546875 0.399078125 0.585409375 0.3899484375 0.5665359375000001 0.3276515625 0.568490625 0.2754671875 0.5440703124999999 0.2862734375 0.48913124999999996 0.280859375 0.46642031250000004 0.354225 0.440078125 0.388009375
0 0.3647671875 0.6499406249999999 0.39985781249999997 0.6640046875000001 0.42750937499999997 0.6552359375 0.40794687500000004 0.6096390625 0.38624375 0.582853125 0.3700953125 0.5726703125 0.330759375 0.567015625 0.3299625 0.58163125 0.349634375 0.6293124999999999 0.3647671875 0.6499406249999999
5 0.3115765625 0.289846875 0.303590625 0.25659062499999996 0.2865359375 0.2589390625 0.2687921875 0.2779875 0.2397328125 0.349365625 0.2399171875 0.382740625 0.2547984375 0.42840937500000004 0.2734890625 0.457328125 0.302775 0.4798265625 0.3466828125 0.4833234375 0.366640625 0.4767578125 0.3936359375 0.45548124999999995 0.416203125 0.40923906250000003 0.4136609375 0.3905015625 0.36419999999999997 0.3704 0.337490625 0.33743124999999996 0.3115765625 0.289846875
5 0.3295234375 0.09555625 0.353909375 0.11395625000000001 0.3655203125 0.0970890625 0.389571875 0.0195296875 0.294609375 0.025162499999999997 0.3295234375 0.09555625
5 0.6326765625 0.18894687500000001 0.6084390625 0.23312968750000002 0.57585625 0.267009375 0.570596875 0.285865625 0.5744125 0.3588234375 0.5850828124999999 0.38369375 0.5965499999999999 0.3939484375 0.61875625 0.370659375 0.6506515625 0.35347968750000003 0.7214140625 0.3628234375 0.7501546875 0.3748984375 0.7813203125 0.31392031249999997 0.762915625 0.2307546875 0.7112046875 0.227378125 0.6492953124999999 0.1782609375 0.6326765625 0.18894687500000001
5 1.0 0.590278125 0.9553046875 0.5949671875 0.9084609374999999 0.6248953125 0.8825546875000001 0.6670171875 0.8686609375 0.729815625 0.8777046875 0.813125 0.9100421875 0.8939890625 0.953665625 0.9517312499999999 1.0 0.9802765625 1.0 0.590278125
4 0.3677015625 0.138778125 0.3465109375 0.151621875 0.30562187500000004 0.23569843750000002 0.313028125 0.2877390625 0.337271875 0.3332625 0.364090625 0.36831562500000004 0.3962796875 0.386596875 0.41834218749999996 0.3904296875 0.4487859375 0.3753578125 0.4731328125 0.3332609375 0.48600937499999997 0.2809078125 0.4337140625 0.20660781250000002 0.4120453125 0.1506140625 0.3943359375 0.14045625 0.3677015625 0.138778125
4 0.48726562500000004 0.5437484375 0.4960484375 0.5623890625 0.5418093749999999 0.6013234375 0.5697875 0.5988078125 0.5662234374999999 0.5008109375 0.5878421875 0.40659999999999996 0.57169375 0.3964171875 0.5482890625 0.39677656250000004 0.525428125 0.40755937500000006 0.4890359375 0.4581875 0.4827609375 0.48749062500000007 0.48726562500000004 0.5437484375
1 0.413278125 0.1443375 0.4334953125 0.20243906250000002 0.4690984375 0.25613281250000003 0.5031734375 0.28064374999999997 0.5377203125000001 0.28428593750000003 0.5667125000000001 0.271321875 0.6023078125 0.23530937500000002 0.6392781249999999 0.165896875 0.61619375 0.0828046875 0.6172625 0.0228609375 0.4869078125 0.018032812500000002 0.43794374999999997 0.0187859375 0.42096406249999996 0.052426562499999996 0.41200468749999997 0.090115625 0.413278125 0.1443375
1 0.6456296874999999 0.1678859375 0.680359375 0.20490312500000002 0.723796875 0.22927031250000002 0.7550046874999999 0.22879062499999997 0.7810937499999999 0.2200453125 0.8201375000000001 0.1902375 0.820934375 0.17562187499999998 0.7952734375 0.10300000000000001 0.7625390624999999 0.028242187499999998 0.621359375 0.023014062499999998 0.6209421875000001 0.02431875 0.6230890625 0.095215625 0.6332890625 0.1409546875 0.6456296874999999 0.1678859375
1 0.7169046875 0.694596875 0.652275 0.6830734374999999 0.6054984375 0.6545859375 0.578353125 0.6132796875000001 0.56775625 0.6197 0.55701875 0.6532453125 0.55829375 0.707465625 0.5728140625 0.7760875 0.62235 0.82748125 0.655990625 0.843653125 0.6779437500000001 0.8454015625 0.714084375 0.8198124999999999 0.7226828125 0.8050765625 0.74296875 0.8047640625 0.7578078125000001 0.7899328125 0.766584375 0.7188671875 0.7610640625 0.6730562499999999 0.7169046875 0.694596875
1 0.7743249999999999 0.8668687500000001 0.7581359375 0.7961875 0.682625 0.8453296874999999 0.695946875 0.8910218750000001 0.72265625 0.9239890624999999 0.7593078125 0.9380296875 0.8007843749999999 0.9248749999999999 0.7743249999999999 0.8668687500000001
1 0.5374109375 0.93518125 0.5383921875000001 0.9539421875 0.556209375 0.9661859375 0.5472078125000001 0.9433765624999999 0.5374109375 0.93518125
1 0.45807656249999995 0.8216609375000001 0.44820312500000004 0.782175 0.43429531250000003 0.6655625 0.42192187499999995 0.6678390624999999 0.41074687499999996 0.69304375 0.4132546875 0.7409875 0.42301875000000005 0.7783890625 0.435140625 0.8011515625 0.45807656249999995 0.8216609375000001
1 0.266415625 0.501246875 0.282346875 0.5072609375 0.29976250000000004 0.481959375 0.2835046875 0.469690625 0.2530203125 0.4242640625 0.2392625 0.370234375 0.22932187499999998 0.38916249999999997 0.2313921875 0.42876875 0.2411578125 0.46617031249999996 0.266415625 0.501246875
