3 0.453125 0.8020828124999999 0.5015625 0.7666671875 0.5421875 0.6791671874999999 0.553125 0.6104171875 0.55 0.58125 0.5203125 0.5395828125000001 0.515625 0.5208328125 0.521875 0.5041671875 0.5109375 0.47291718749999995 0.4984375 0.47083281250000003 0.49375 0.48125 0.49375 0.6020828125000001 0.4625 0.68125 0.4109375 0.73125 0.390625 0.7625 0.3484375 0.7916671875 0.3484375 0.8166671875 0.3640625 0.83125 0.4140625 0.7979171875 0.453125 0.8020828124999999
3 0.6671875 0.6520828125 0.7296875 0.6916671875 0.7890625 0.6979171875 0.80625 0.6291671875 0.7875 0.6291671875 0.765625 0.6416671875 0.7296875 0.6375 0.7125 0.60625 0.7078125 0.5645828125000001 0.6703125 0.5020828125000001 0.640625 0.49583281250000005 0.6234375 0.5229171874999999 0.6234375 0.55625 0.63125 0.58125 0.653125 0.6125 0.6671875 0.6520828125
2 0.740625 0.8833328125 0.771875 0.8520828125 0.8265625 0.7708328125 0.8015625 0.7229171875 0.771875 0.6979171875 0.7296875 0.7041671875 0.709375 0.725 0.6984375 0.75 0.696875 0.7979171875 0.7046875 0.8354171875 0.721875 0.8666671875 0.740625 0.8833328125
5 0.6422718749999999 0.3532328125 0.6328765625 0.31917968750000003 0.600484375 0.3597078125 0.6037234375 0.4054640625 0.6212156249999999 0.3843125 0.6422718749999999 0.3532328125
0 0.670453125 0.4956796875 0.68470625 0.49870000000000003 0.6947484375 0.47970781249999994 0.7229296875 0.45121874999999995 0.7012265625 0.4024421875 0.663003125 0.3476234375 0.6451859375 0.36747968750000004 0.6254265625000001 0.3881984375 0.6110125 0.40771875 0.61279375 0.44258593749999997 0.6296375000000001 0.47711875 0.6474546875 0.49179375 0.670453125 0.4956796875
5 0.5234375 0.5458328125 0.5421875 0.56875 0.5640625 0.58125 0.59375 0.5770828125 0.615625 0.5583328125 0.6203125 0.5229171874999999 0.6296875 0.5020828125000001 0.628125 0.4875 0.6109375 0.45208281250000004 0.6015625 0.43958281250000003 0.5875 0.43333281250000005 0.5828125 0.43333281250000005 0.5421875 0.45 0.5203125 0.47708281250000006 0.51875 0.5291671874999999 0.5234375 0.5458328125
5 0.7015625 0.54375 0.715625 0.5708328125000001 0.7265625 0.5625 0.74375 0.5270828125 0.775 0.50625 0.75625 0.47291718749999995 0.7359375 0.45208281250000004 0.7265625 0.45208281250000004 0.7171875 0.45416718749999996 0.7015625 0.47083281250000003 0.6921875 0.5 0.7015625 0.54375
5 0.6359375 0.9145828125 0.6578125 0.8708328125 0.66875 0.8625 0.671875 0.8479171875 0.6328125 0.825 0.603125 0.7791671874999999 0.5953125 0.7791671874999999 0.5875 0.8041671875 0.5859375 0.8333328124999999 0.6203125 0.90625 0.6359375 0.9145828125
5 0.478125 0.8895828124999999 0.4828125 0.95 0.5015625 0.9791671875000001 0.51875 0.9916671875 0.5296875 0.99375 0.5953125 0.9625 0.6109375 0.9208328124999999 0.6109375 0.8958328124999999 0.590625 0.85 0.5796875 0.8333328124999999 0.55625 0.81875 0.5453125 0.81875 0.51875 0.8229171875000001 0.5015625 0.8354171875 0.4875 0.85625 0.478125 0.8895828124999999
1 0.6984375 0.83125 0.69375 0.7645828125 0.703125 0.7333328125 0.7296875 0.7 0.7125 0.68125 0.6484375 0.6583328125000001 0.61875 0.6854171874999999 0.603125 0.75 0.603125 0.775 0.6328125 0.8229171875000001 0.659375 0.8375 0.6984375 0.83125
1 0.8765625 0.7166671874999999 0.89375 0.675 0.859375 0.6229171874999999 0.8265625 0.6229171874999999 0.80625 0.6479171874999999 0.7953125 0.7020828125 0.83125 0.75625 0.8484375 0.7479171874999999 0.8765625 0.7166671874999999
1 0.6703125 0.9854171875000001 0.7359375 0.8916671875000001 0.6984375 0.8375 0.6765625 0.8458328125 0.65 0.8895828124999999 0.640625 0.9291671875 0.6484375 0.975 0.6578125 0.9875 0.6703125 0.9854171875000001
1 0.478125 0.9541671875000001 0.48125 0.8666671875 0.4953125 0.8395828125 0.525 0.81875 0.5265625 0.8104171875 0.50625 0.7833328125000001 0.48125 0.7854171875 0.446875 0.8145828125 0.4359375 0.8520828125 0.434375 0.8916671875000001 0.4421875 0.9395828125 0.453125 0.9583328124999999 0.478125 0.9541671875000001
1 0.4890625 0.60625 0.4796875 0.5875 0.4625 0.5875 0.45 0.5958328125000001 0.428125 0.6333328125000001 0.428125 0.66875 0.446875 0.6979171875 0.4734375 0.65625 0.4890625 0.60625
1 0.409375 0.6916671875 0.39375 0.7166671874999999 0.396875 0.7479171874999999 0.44375 0.7 0.425 0.6833328125 0.409375 0.6916671875
1 0.56875 0.4270828125 0.6046875 0.44166718749999995 0.60625 0.43541718749999997 0.590625 0.3958328125 0.55625 0.3875 0.5296875 0.41041718749999995 0.5140625 0.43958281250000003 0.51875 0.46875 0.5328125 0.44583281250000006 0.5515625 0.43125 0.56875 0.4270828125
4 0.6109375 0.69375 0.63125 0.6645828125000001 0.6625 0.65 0.646875 0.6041671875 0.6234375 0.5833328125 0.5703125 0.5875 0.553125 0.61875 0.55 0.6479171874999999 0.5546875 0.6645828125000001 0.584375 0.69375 0.6109375 0.69375
4 0.778125 0.6375 0.8046875 0.6229171874999999 0.828125 0.58125 0.78125 0.5145828125 0.76875 0.5145828125 0.7390625 0.5333328125000001 0.715625 0.58125 0.7140625 0.6083328125 0.7265625 0.6333328125000001 0.7390625 0.6395828125 0.778125 0.6375
4 0.5828125 0.8166671875 0.596875 0.7583328125000001 0.5765625 0.7145828125 0.553125 0.6958328125000001 0.5390625 0.6979171875 0.5109375 0.7479171874999999 0.509375 0.775 0.53125 0.8145828125 0.5703125 0.8229171875000001 0.5828125 0.8166671875
