2 0.5828125 0.46041718749999994 0.565625 0.475 0.5515625 0.49375 0.5453125 0.5104171875 0.5390625 0.55 0.540625 0.5520828125 0.5390625 0.5541671874999999 0.5390625 0.5708328125000001 0.5421875 0.5875 0.5546875 0.6041671875 0.5671875 0.6125 0.5734375 0.6125 0.63125 0.55625 0.675 0.51875 0.696875 0.49375 0.6921875 0.48125 0.678125 0.46458281250000005 0.6625 0.45416718749999996 0.6375 0.44583281250000006 0.6359375 0.44583281250000006 0.6046875 0.45 0.5828125 0.46041718749999994
2 0.115625 0.575 0.0890625 0.5916671874999999 0.075 0.6083328125 0.0546875 0.6458328125 0.0515625 0.6666671875 0.046875 0.6791671874999999 0.05 0.7354171875 0.0640625 0.7645828125 0.0703125 0.7833328125000001 0.0828125 0.8020828124999999 0.1 0.8166671875 0.1234375 0.8270828124999999 0.1375 0.8270828124999999 0.184375 0.8125 0.2125 0.7875 0.2203125 0.7770828125 0.23125 0.7541671875 0.240625 0.7083328125 0.2390625 0.70625 0.240625 0.7041671875 0.240625 0.6875 0.2359375 0.65625 0.221875 0.6208328125 0.209375 0.6041671875 0.19375 0.5895828125 0.171875 0.575 0.1578125 0.56875 0.15625 0.56875 0.1359375 0.56875 0.115625 0.575
0 0.4375 0.2 0.415625 0.2125 0.396875 0.2354171875 0.3890625 0.25 0.3828125 0.26875 0.384375 0.2708328125 0.384375 0.2916671875 0.3890625 0.3104171875 0.39375 0.31875 0.3953125 0.3270828125 0.409375 0.3458328125 0.41875 0.35625 0.434375 0.3625 0.4453125 0.3729171875 0.465625 0.375 0.478125 0.3666671875 0.4859375 0.3520828125 0.4875 0.34375 0.50625 0.3208328125 0.5109375 0.3083328125 0.5109375 0.275 0.503125 0.25 0.4921875 0.2270828125 0.475 0.2083328125 0.4640625 0.2020828125 0.4625 0.2020828125 0.4578125 0.2 0.4375 0.2
0 0.2328125 0.61875 0.2265625 0.625 0.2296875 0.6395828125 0.234375 0.6458328125 0.2390625 0.6625 0.240625 0.6875 0.2421875 0.6895828125000001 0.240625 0.6958328125000001 0.2421875 0.7041671875 0.240625 0.70625 0.240625 0.7229171875 0.2328125 0.7541671875 0.2234375 0.775 0.20625 0.7979171875 0.2015625 0.8 0.1921875 0.8125 0.1953125 0.8166671875 0.21875 0.8270828124999999 0.2390625 0.8458328125 0.25 0.85 0.2609375 0.84375 0.290625 0.8333328124999999 0.315625 0.8125 0.321875 0.8 0.334375 0.7833328125000001 0.3390625 0.7708328125 0.3421875 0.7229171875 0.3453125 0.7125 0.34375 0.7041671875 0.3453125 0.7020828125 0.3390625 0.68125 0.325 0.6666671875 0.3234375 0.6604171875 0.3171875 0.6520828125 0.30625 0.64375 0.3046875 0.6395828125 0.3015625 0.6395828125 0.290625 0.63125 0.26875 0.6208328125 0.2578125 0.61875 0.253125 0.6145828125 0.2515625 0.6145828125 0.240625 0.61875 0.2328125 0.61875
0 0.0 0.9979171875 0.0328125 0.9979171875 0.0328125 0.9854171875000001 0.034375 0.9833328124999999 0.0328125 0.9791671875000001 0.0421875 0.9479171875000001 0.040625 0.9458328125 0.0421875 0.9375 0.0546875 0.9041671875 0.0625 0.8895828124999999 0.0828125 0.8625 0.1171875 0.83125 0.096875 0.81875 0.0796875 0.8041671875 0.06875 0.7875 0.059375 0.7645828125 0.0578125 0.7645828125 0.053125 0.75625 0.0359375 0.75625 0.021875 0.7625 0.003125 0.7770828125 0.0 0.7770828125 0.0 0.9979171875
0 0.246875 0.47708281250000006 0.2578125 0.49791718749999997 0.2734375 0.5208328125 0.2796875 0.5458328125 0.2859375 0.5458328125 0.2953125 0.5395828125000001 0.3171875 0.5333328125000001 0.3234375 0.5291671874999999 0.309375 0.5166671875 0.3 0.5020828125000001 0.29375 0.475 0.29375 0.46666718749999997 0.290625 0.46041718749999994 0.290625 0.43958281250000003 0.2890625 0.4375 0.2875 0.4375 0.259375 0.4583328125 0.246875 0.47708281250000006
0 0.0 0.68125 0.0171875 0.6625 0.034375 0.6208328125 0.04375 0.5791671875 0.0453125 0.55 0.040625 0.5333328125000001 0.03125 0.51875 0.0046875 0.5 0.0 0.5 0.0 0.5020828125000001 0.0 0.68125
0 0.1515625 0.4166671875 0.1734375 0.4270828125 0.18125 0.4270828125 0.1703125 0.3958328125 0.1671875 0.39375 0.165625 0.3958328125 0.1515625 0.4125 0.1515625 0.4166671875
5 0.1953125 0.2895828125 0.184375 0.2979171875 0.16875 0.325 0.1640625 0.3708328125 0.1671875 0.3916671875 0.171875 0.3979171875 0.175 0.40625 0.175 0.4125 0.178125 0.41458281250000006 0.1828125 0.4270828125 0.2234375 0.4625 0.2359375 0.46458281250000005 0.25625 0.45625 0.28125 0.43541718749999997 0.2953125 0.40625 0.2984375 0.39375 0.2984375 0.3708328125 0.28125 0.3208328125 0.2609375 0.29375 0.246875 0.2833328125 0.2359375 0.2791671875 0.234375 0.2791671875 0.2125 0.28125 0.1953125 0.2895828125
5 0.3859375 0.35625 0.3859375 0.3416671875 0.39375 0.3291671875 0.3828125 0.2916671875 0.3828125 0.26875 0.378125 0.26875 0.3640625 0.2770828125 0.3484375 0.3 0.3484375 0.3083328125 0.3546875 0.3333328125 0.35625 0.35 0.3578125 0.35 0.378125 0.35625 0.3859375 0.35625
5 0.49375 0.38125 0.465625 0.4125 0.465625 0.42291718749999996 0.4703125 0.43125 0.490625 0.45416718749999996 0.534375 0.4875 0.54375 0.4895828125 0.5453125 0.4875 0.5390625 0.475 0.5375 0.46666718749999997 0.5390625 0.42916718749999994 0.5484375 0.40833281250000003 0.55625 0.3979171875 0.5625 0.39375 0.565625 0.3875 0.546875 0.3729171875 0.5375 0.36875 0.5359375 0.36875 0.5109375 0.3708328125 0.49375 0.38125
5 0.284375 0.55 0.2671875 0.5708328125000001 0.25625 0.59375 0.253125 0.6104171875 0.2671875 0.61875 0.2859375 0.625 0.3046875 0.6375 0.3171875 0.65 0.3203125 0.65 0.328125 0.6604171875 0.328125 0.6645828125000001 0.33125 0.6645828125000001 0.3421875 0.68125 0.3453125 0.68125 0.365625 0.65625 0.3859375 0.6416671875 0.3890625 0.6416671875 0.3921875 0.6354171875 0.3921875 0.625 0.378125 0.6 0.371875 0.5833328125 0.365625 0.5458328125 0.3625 0.5416671875 0.3484375 0.5354171875 0.3390625 0.5354171875 0.3375 0.5333328125000001 0.334375 0.5354171875 0.3328125 0.5333328125000001 0.33125 0.5333328125000001 0.30625 0.5375 0.284375 0.55
4 0.24375 0.48333281250000004 0.2234375 0.48333281250000004 0.221875 0.48541718749999996 0.2125 0.48541718749999996 0.184375 0.49791718749999997 0.1703125 0.50625 0.1578125 0.5229171874999999 0.1484375 0.5479171875 0.1484375 0.55625 0.1546875 0.5645828125000001 0.1796875 0.575 0.203125 0.59375 0.2234375 0.6166671874999999 0.228125 0.6166671874999999 0.2421875 0.6125 0.2515625 0.6041671875 0.2578125 0.5833328125 0.275 0.55 0.2734375 0.5270828125 0.26875 0.5145828125 0.25625 0.49791718749999997 0.2546875 0.49166718749999994 0.253125 0.49166718749999994 0.2484375 0.48541718749999996 0.24375 0.48333281250000004
4 0.3796875 0.65 0.3609375 0.6645828125000001 0.346875 0.6854171874999999 0.3484375 0.7125 0.3453125 0.7270828125000001 0.3453125 0.7375 0.3484375 0.7479171874999999 0.3625 0.76875 0.36875 0.7708328125 0.3671875 0.775 0.3828125 0.7770828125 0.3890625 0.7708328125 0.40625 0.7625 0.4171875 0.7541671875 0.440625 0.7333328125 0.4484375 0.7291671875 0.45 0.725 0.45 0.6729171875 0.4484375 0.6666671875 0.4359375 0.6541671874999999 0.4296875 0.6520828125 0.4203125 0.64375 0.41875 0.64375 0.3953125 0.64375 0.3796875 0.65
4 0.31875 0.3958328125 0.3046875 0.40625 0.29375 0.4270828125 0.2921875 0.43333281250000005 0.2921875 0.4625 0.3015625 0.5020828125000001 0.3078125 0.5125 0.321875 0.525 0.3421875 0.5270828125 0.34375 0.525 0.3578125 0.525 0.36875 0.51875 0.3859375 0.48125 0.4046875 0.45625 0.415625 0.44583281250000006 0.4125 0.43333281250000005 0.4078125 0.425 0.38125 0.3979171875 0.3796875 0.3979171875 0.3640625 0.39375 0.31875 0.3958328125
4 0.571875 0.3875 0.5625 0.39375 0.5484375 0.41041718749999995 0.540625 0.42916718749999994 0.5390625 0.46666718749999997 0.54375 0.48333281250000004 0.553125 0.4875 0.565625 0.47291718749999995 0.5828125 0.4583328125 0.6015625 0.45 0.6171875 0.44583281250000006 0.6296875 0.44583281250000006 0.6375 0.44166718749999995 0.6328125 0.43125 0.628125 0.41041718749999995 0.6171875 0.3979171875 0.615625 0.3979171875 0.5921875 0.3875 0.571875 0.3875
3 0.0 0.49375 0.01875 0.5041671875 0.04375 0.525 0.0515625 0.5270828125 0.1109375 0.53125 0.1453125 0.5416671875 0.153125 0.53125 0.1609375 0.5145828125 0.171875 0.5020828125000001 0.20625 0.48541718749999996 0.225 0.48125 0.228125 0.4791671875 0.228125 0.475 0.2234375 0.46666718749999997 0.1890625 0.4375 0.184375 0.4375 0.1671875 0.425 0.128125 0.4125 0.0875 0.40833281250000003 0.0859375 0.40625 0.028125 0.40625 0.0 0.41458281250000006 0.0 0.4166671875 0.0 0.49375
3 0.3875 0.3395828125 0.3875 0.3583328125 0.39375 0.3708328125 0.384375 0.3916671875 0.3859375 0.3979171875 0.409375 0.425 0.41875 0.44375 0.4234375 0.44375 0.428125 0.43958281250000003 0.440625 0.43541718749999997 0.453125 0.43541718749999997 0.48125 0.45 0.496875 0.47291718749999995 0.5140625 0.4895828125 0.51875 0.5041671875 0.51875 0.5104171875 0.525 0.5270828125 0.5265625 0.54375 0.53125 0.55 0.534375 0.55 0.540625 0.5333328125000001 0.5421875 0.5166671875 0.546875 0.5 0.540625 0.49166718749999994 0.534375 0.4895828125 0.5203125 0.47708281250000006 0.503125 0.46666718749999997 0.4984375 0.46041718749999994 0.4859375 0.45416718749999996 0.48125 0.4479171875 0.4796875 0.44166718749999995 0.465625 0.42291718749999996 0.4640625 0.41458281250000006 0.4578125 0.40625 0.4546875 0.39375 0.4515625 0.3895828125 0.4515625 0.3854171875 0.4359375 0.3666671875 0.4171875 0.3583328125 0.4 0.3354171875 0.3984375 0.3354171875 0.3921875 0.3333328125 0.3875 0.3395828125
1 0.278125 0.24375 0.25 0.26875 0.24375 0.2791671875 0.24375 0.28125 0.253125 0.2854171875 0.265625 0.2958328125 0.2796875 0.3145828125 0.296875 0.3583328125 0.3 0.3708328125 0.3 0.38125 0.303125 0.3895828125 0.3046875 0.3875 0.3140625 0.3875 0.3359375 0.3604171875 0.3453125 0.35625 0.3515625 0.3458328125 0.3515625 0.33125 0.3484375 0.3229171875 0.3453125 0.3 0.3375 0.28125 0.3234375 0.2583328125 0.30625 0.2458328125 0.3046875 0.2458328125 0.2953125 0.2416671875 0.278125 0.24375
1 0.390625 0.3770828125 0.390625 0.36875 0.3859375 0.3604171875 0.36875 0.3541671875 0.3546875 0.3541671875 0.334375 0.3666671875 0.321875 0.38125 0.31875 0.3895828125 0.3203125 0.3916671875 0.3828125 0.39375 0.390625 0.3770828125
1 0.4390625 0.4375 0.4203125 0.44583281250000006 0.4046875 0.4583328125 0.3890625 0.4791671875 0.378125 0.5 0.3703125 0.525 0.3703125 0.5354171875 0.36875 0.5375 0.375 0.5833328125 0.38125 0.5958328125000001 0.3828125 0.6041671875 0.3890625 0.6145828125 0.396875 0.6229171874999999 0.4078125 0.625 0.4328125 0.64375 0.4515625 0.65 0.4625 0.6458328125 0.4765625 0.6270828125000001 0.4875 0.6166671874999999 0.490625 0.6166671874999999 0.496875 0.6104171875 0.5125 0.6020828125000001 0.5203125 0.5791671875 0.5203125 0.56875 0.525 0.55 0.5234375 0.5291671874999999 0.5203125 0.5229171874999999 0.5203125 0.5166671875 0.5171875 0.5104171875 0.5140625 0.49375 0.484375 0.4583328125 0.465625 0.44375 0.4640625 0.44375 0.453125 0.4375 0.4390625 0.4375
1 0.5109375 0.60625 0.48125 0.625 0.465625 0.6458328125 0.45625 0.675 0.4578125 0.6770828125 0.4546875 0.6875 0.453125 0.70625 0.4546875 0.7104171874999999 0.453125 0.7125 0.45625 0.7208328125000001 0.4640625 0.7208328125000001 0.4828125 0.70625 0.521875 0.6666671875 0.53125 0.6541671874999999 0.5578125 0.6291671875 0.565625 0.61875 0.5546875 0.6083328125 0.553125 0.6083328125 0.546875 0.6041671875 0.5109375 0.60625
1 0.0625 0.5479171875 0.0515625 0.5625 0.0484375 0.5708328125000001 0.0421875 0.59375 0.040625 0.6145828125 0.0265625 0.6479171874999999 0.025 0.675 0.021875 0.6791671874999999 0.021875 0.6916671875 0.0265625 0.6958328125000001 0.028125 0.70625 0.034375 0.7125 0.0390625 0.7125 0.046875 0.725 0.0484375 0.71875 0.046875 0.7145828125 0.0484375 0.7125 0.0453125 0.7020828125 0.04375 0.6833328125 0.05 0.6645828125000001 0.05 0.6541671874999999 0.0609375 0.6333328125000001 0.0640625 0.6229171874999999 0.08125 0.5979171875 0.09375 0.5854171874999999 0.1203125 0.5708328125000001 0.14375 0.5645828125000001 0.14375 0.55625 0.140625 0.55 0.1265625 0.5416671875 0.1078125 0.5354171875 0.10625 0.5354171875 0.0765625 0.5375 0.0625 0.5479171875
1 0.0 0.775 0.003125 0.775 0.0265625 0.7583328125000001 0.0515625 0.7520828125000001 0.0515625 0.7479171874999999 0.046875 0.7395828125 0.04375 0.7229171875 0.0390625 0.7145828125 0.0375 0.7145828125 0.0359375 0.7125 0.025 0.7125 0.0 0.725 0.0 0.775
2 0.29375 0.8354171875 0.2625 0.8458328125 0.246875 0.85625 0.2453125 0.8666671875 0.246875 0.8729171875 0.2546875 0.8916671875000001 0.259375 0.89375 0.2890625 0.86875 0.3 0.8625 0.321875 0.8416671875 0.3203125 0.8354171875 0.3140625 0.83125 0.3125 0.83125 0.303125 0.8291671875000001 0.29375 0.8354171875
