3 0.4994140625 0.5093593750000001 0.5032140625 0.497065625 0.4935359375 0.4915625 0.3737078125 0.481921875 0.2995375 0.44445468750000006 0.25711249999999997 0.38906718749999997 0.2289421875 0.366325 0.20587343749999998 0.32194531249999997 0.18108125 0.31995 0.16445156249999998 0.3343625 0.19056718749999998 0.3868640625 0.1810125 0.4254703125 0.2094109375 0.4765796875 0.2905421875 0.5240578124999999 0.3572015625 0.5404453124999999 0.386559375 0.53965625 0.43200000000000005 0.5133875 0.45124531250000005 0.510209375 0.46690624999999997 0.5177703124999999 0.4994140625 0.5093593750000001
3 0.38118124999999997 0.6982999999999999 0.4483671875 0.6659046875 0.45868593750000003 0.636809375 0.4342140625 0.617515625 0.4011578125 0.61485625 0.37528125 0.62065 0.3412546875 0.6399625 0.30005000000000004 0.6508234374999999 0.2521203125 0.7099671875 0.23767968750000001 0.76865625 0.303471875 0.7912734375 0.306075 0.7725828124999999 0.296715625 0.7497796875 0.30583593750000004 0.7142890625 0.3392109375 0.6996484374999999 0.38118124999999997 0.6982999999999999
2 0.151309375 0.6687828125 0.11303749999999999 0.6735781249999999 0.0796609375 0.68821875 0.06053125 0.7055796875 0.0871828125 0.739225 0.160165625 0.8002203124999999 0.211153125 0.779121875 0.240065625 0.7515234375000001 0.2397234375 0.7089703125 0.221884375 0.687059375 0.198609375 0.6741625 0.151309375 0.6687828125
5 0.5534250000000001 0.607234375 0.571971875 0.6263578125 0.5998703125 0.6498265625 0.6349453125 0.643178125 0.59925 0.6076546875 0.5534250000000001 0.607234375
0 0.550178125 0.6143203125000001 0.5153531250000001 0.6133140625 0.4787703125 0.6273500000000001 0.46174375 0.6439390625 0.4546984375 0.66655625 0.4497234375 0.6805218749999999 0.46716406250000003 0.6920484375 0.4915046875 0.7224125 0.5428875 0.7046703125 0.60255625 0.670940625 0.5853390625 0.6515953125 0.5675343749999999 0.6302453125 0.550178125 0.6143203125000001
5 0.5061921875000001 0.61070625 0.519890625 0.6023578125 0.528040625 0.5888375 0.5286906250000001 0.584165625 0.5178015625 0.5423390625 0.4939796875 0.5183734375 0.442546875 0.5126609375 0.42536874999999996 0.516003125 0.40004062500000004 0.532865625 0.3846078125 0.5536749999999999 0.38461875 0.5836 0.4001765625 0.6069015624999999 0.434646875 0.6144000000000001 0.45400625000000006 0.6254078125 0.46868437500000004 0.6250140625 0.5061921875000001 0.61070625
5 0.489378125 0.7164546875 0.47501875 0.6995484375000001 0.447396875 0.6878765625 0.402709375 0.69373125 0.3739 0.7055890625 0.3806453125 0.71715625 0.41338125000000003 0.737115625 0.42970312499999996 0.7699281250000001 0.4653625 0.753896875 0.48884062500000003 0.7353109375 0.49014218749999994 0.725965625 0.489378125 0.7164546875
5 0.1315859375 0.5553703125 0.0545046875 0.58381875 0.044071874999999996 0.5987296875 0.08442187500000001 0.6240265625 0.0911671875 0.63559375 0.1051953125 0.639871875 0.13334375 0.6027625 0.1829171875 0.576825 0.1840015625 0.5690359375 0.16029374999999998 0.5592546875 0.1315859375 0.5553703125
5 0.0 0.5476015624999999 0.00219375 0.5544109374999999 0.041345312499999995 0.5733109375 0.06613593749999999 0.5753046875 0.11440781250000001 0.5587125000000001 0.1324546875 0.5491390625 0.15016875000000002 0.5269390625 0.1516875 0.5160375 0.1512421875 0.4892265625 0.1412328125 0.4710953125 0.122525 0.455415625 0.0907703125 0.44341093750000005 0.03020625 0.44326406250000006 0.0 0.45894218750000004 0.0 0.5476015624999999
1 0.1870484375 0.57715625 0.135409375 0.602928125 0.1172609375 0.62824375 0.11803593750000001 0.66768125 0.1847984375 0.6683265625 0.2144875 0.680165625 0.24385625000000002 0.709303125 0.2648359375 0.6936656250000001 0.2964546875 0.6316328125 0.2737171875 0.5998796875 0.211840625 0.5791515625 0.1870484375 0.57715625
1 0.20694062500000002 0.8543843750000001 0.245875 0.874840625 0.30229531249999997 0.8447296874999999 0.30684999999999996 0.8120203125 0.284878125 0.789778125 0.23268125 0.7745546875 0.1739765625 0.8060562499999999 0.1798546875 0.8238546875000001 0.20694062500000002 0.8543843750000001
1 0.0 0.65424375 0.0529171875 0.7002421875 0.1118390625 0.6671828125 0.10661093749999999 0.6447109375 0.0669125 0.6147421875 0.028959375 0.6022390625 0.0 0.6048109375 0.0 0.65424375
1 0.1338140625 0.40434843750000005 0.0947765625 0.3996328125 0.046175 0.4035984375 0.0260625 0.41300468749999997 0.026725 0.4382578125 0.1130625 0.4483546875 0.13796875 0.4645328125 0.1545078125 0.4957890625 0.1625546875 0.4980109375 0.19223125000000002 0.4799234375 0.19363593750000002 0.45483593750000006 0.169484375 0.41824218750000003 0.1338140625 0.40434843750000005
1 0.37022656249999997 0.47691718749999995 0.390121875 0.4690671875 0.3925078125 0.451934375 0.3859796875 0.43880937500000006 0.351828125 0.41401093749999995 0.31670625 0.4111859375 0.2851796875 0.42755 0.3228125 0.457353125 0.37022656249999997 0.47691718749999995
1 0.283546875 0.42426875 0.302678125 0.40690781249999997 0.29658281249999996 0.39066718749999996 0.273959375 0.373096875 0.24253593750000002 0.37371875 0.283546875 0.42426875
1 0.523234375 0.5333265625 0.5350937499999999 0.55318125 0.536840625 0.570646875 0.517390625 0.60530625 0.523371875 0.6073625 0.56479375 0.5949453124999999 0.5778296875 0.56134375 0.558790625 0.5330359375 0.5320359375 0.5151343749999999 0.5024609375 0.5174796875000001 0.523234375 0.5333265625
4 0.30327031249999997 0.53768125 0.270225 0.5649484375 0.2665375 0.5914265624999999 0.2926421875 0.6140015625 0.30276562500000004 0.646315625 0.35038749999999996 0.634396875 0.37429999999999997 0.6126953125 0.3775421875 0.55940625 0.3489390625 0.5397796875 0.32044843749999996 0.5343375 0.30327031249999997 0.53768125
4 0.3104015625 0.71150625 0.30246875 0.7234671875 0.2991125 0.7625734375000001 0.3098875 0.790215625 0.347953125 0.816903125 0.420571875 0.77549375 0.42230625 0.7630343749999999 0.407834375 0.73194375 0.36356875 0.7047578125 0.33692812499999997 0.701040625 0.3104015625 0.71150625
4 0.1440859375 0.540625 0.1485484375 0.553584375 0.20444374999999998 0.57225625 0.25065 0.5554984375 0.27249687499999997 0.53363125 0.27238281249999996 0.5194468750000001 0.226703125 0.487421875 0.20006249999999998 0.483703125 0.157771875 0.5023515625 0.1440859375 0.540625
