3 0.37332031250000003 0.5703984375 0.4274265625 0.603409375 0.4278140625 0.60653125 0.45496406250000004 0.6238171875 0.4691203125 0.6371421875000001 0.480690625 0.6631921875 0.48340468750000004 0.685040625 0.48586093750000003 0.688040625 0.48398593749999996 0.689721875 0.48682968750000005 0.69584375 0.49400468750000004 0.7032875 0.4972359375 0.7125296875 0.5110046875 0.722734375 0.5133953124999999 0.758746875 0.5234140625 0.7723125 0.5388640625 0.7792749999999999 0.5450703125 0.7789140625 0.55069375 0.773871875 0.5521812500000001 0.7690703125 0.5527671875 0.723453125 0.5775265625 0.7047265625 0.5857390625 0.686959375 0.58735625 0.66643125 0.590525 0.6583875 0.587553125 0.6176921875 0.5852906250000001 0.6162515625 0.583934375 0.605328125 0.578828125 0.597765625 0.5780515625 0.5915234375 0.5701015625 0.5778375 0.5364875 0.542065625 0.5183875 0.530540625 0.49291875 0.5100140625 0.45484375000000005 0.4886453125 0.4041625 0.4664390625 0.3825078125 0.4598359375 0.3763015625 0.460196875 0.3697078125 0.4574359375 0.3490203125 0.4586359375 0.3279453125 0.456715625 0.30441562499999997 0.4517953125 0.299890625 0.4489140625 0.282953125 0.44675312500000003 0.23951093750000002 0.449275 0.23763593749999998 0.4509546875 0.2252234375 0.4516765625 0.20136875 0.4609203125 0.1868875 0.46176093749999997 0.1628390625 0.46944375000000005 0.153465625 0.477846875 0.14842187499999998 0.48757031250000005 0.1392421875 0.49753437500000003 0.1394359375 0.4990953125 0.1464171875 0.5049781249999999 0.19670937500000002 0.5240640625 0.20291562500000002 0.523703125 0.216103125 0.5292250000000001 0.224378125 0.5287453125 0.248296875 0.5367875 0.29102656250000003 0.5453109375 0.3213453125 0.554553125 0.34054531250000003 0.5581546875 0.37332031250000003 0.5703984375
3 0.6472078125 0.8295718750000001 0.6515390625 0.8308921874999999 0.6534125000000001 0.8292125 0.68425 0.82585 0.7020921875 0.8185265625 0.7137296875 0.8115640624999999 0.7437265625 0.7846734375 0.75400625 0.7667859375 0.754525 0.75418125 0.7395921875 0.7346140625 0.7305421875 0.728853125 0.7066250000000001 0.720809375 0.69835 0.721290625 0.6814765625 0.736415625 0.6698390625 0.7433796874999999 0.6617578125 0.7454203125000001 0.6369343749999999 0.7468609374999999 0.634671875 0.7454203125000001 0.611721875 0.74518125 0.5797234375 0.7391796875 0.5644671875 0.7337765625 0.5582609374999999 0.7341375 0.5545109375 0.7374984375 0.55593125 0.7657093749999999 0.5527624999999999 0.773753125 0.5450703125 0.7789140625 0.5347265625000001 0.7795156249999999 0.5121015625 0.765109375 0.5137828125 0.76186875 0.5111328125 0.75730625 0.5041515624999999 0.751425 0.507125 0.7418218750000001 0.5025999999999999 0.738940625 0.5022125 0.73581875 0.5078375 0.7307765625 0.50350625 0.7294562499999999 0.5000796875 0.718653125 0.4932921875 0.7143312500000001 0.4870875 0.714690625 0.47616250000000004 0.710609375 0.46995624999999996 0.7109703125 0.43983125 0.7032875 0.4166875 0.7014875 0.4121625 0.69860625 0.40220781250000004 0.702328125 0.3965828125 0.7073703124999999 0.39677656250000004 0.70893125 0.3977453125 0.7167328125 0.4024640625 0.721175 0.408153125 0.7334203125000001 0.450428125 0.7718328125 0.48003437499999996 0.7921203125 0.5243156250000001 0.8131281250000001 0.571765625 0.8260921874999999 0.580040625 0.8256125000000001 0.6015015625 0.8306531250000001 0.6472078125 0.8295718750000001
3 0.675540625 0.5544265625 0.677415625 0.552746875 0.7022406250000001 0.55130625 0.7244140625 0.545303125 0.7368265625 0.5445828125000001 0.74451875 0.5394203125 0.750725 0.539059375 0.7752921875000001 0.518771875 0.7767796875 0.5139703124999999 0.7824046874999999 0.508928125 0.798178125 0.501725 0.8389703125000001 0.49464218750000005 0.8509953124999999 0.4908 0.8613375 0.4902 0.8635999999999999 0.49164062499999994 0.865475 0.48995937500000003 0.8861625 0.488759375 0.9023234375 0.48467656249999996 0.9038109375 0.479875 0.8826734374999999 0.46066874999999996 0.8670296875 0.4521453125 0.8403296875 0.45526718749999995 0.82979375 0.45430624999999997 0.8200312500000001 0.4595890625 0.81175625 0.46006875 0.810075 0.4633109375 0.7813078124999999 0.4665515625 0.7790453125 0.4651109375 0.7687015625 0.4657125 0.7491140625 0.4589890625 0.719959375 0.45911093750000004 0.717696875 0.4576703125 0.711684375 0.459590625 0.6827234375 0.461271875 0.6808484375 0.462953125 0.64568125 0.46499375 0.64341875 0.46355312499999995 0.6225375 0.46319375 0.59674375 0.45683125 0.58995625 0.452509375 0.57489375 0.44866875000000006 0.55718125 0.440265625 0.5364953125 0.44146718749999997 0.5346203125 0.44314687499999994 0.5024265625 0.435584375 0.4822578125 0.42418125 0.4679078125 0.4092953125 0.4565953125 0.40209374999999997 0.4505828125 0.40401406250000005 0.42077968749999994 0.432465625 0.3973125 0.44482968749999996 0.39750625 0.446390625 0.39621249999999997 0.452753125 0.40584375 0.46319687500000006 0.42374999999999996 0.4731609375 0.42788750000000003 0.4729203125 0.44993125 0.48264375 0.47895625 0.49824843750000003 0.53816875 0.5388234375 0.58355 0.5519078125 0.6236296875 0.5558687499999999 0.675540625 0.5544265625
2 0.6237781250000001 0.288646875 0.6337328125 0.284925 0.6541625 0.26487812499999996 0.6753046875 0.23378593749999999 0.676403125 0.2258625 0.6799593749999999 0.22094062499999997 0.6804140624999999 0.1910484375 0.6781515625 0.189609375 0.6767953125 0.178684375 0.6692328125 0.16812031249999998 0.6648375 0.1495140625 0.65708125 0.1373890625 0.64311875 0.12562500000000001 0.6342625 0.1214234375 0.6257937499999999 0.12034375 0.600775 0.1202234375 0.5747875 0.11230156250000001 0.5414953125 0.1126625 0.505615625 0.12574687499999998 0.4844109375 0.139553125 0.46191250000000006 0.15972031250000002 0.44917656250000004 0.17460625000000002 0.437021875 0.19417500000000001 0.4344359375 0.2069 0.43462968750000003 0.20845937499999997 0.4324296875 0.22430625 0.43895625000000005 0.2600796875 0.4588015625 0.2856484375 0.4793578125 0.3001734375 0.5057328125 0.3112171875 0.5375375 0.31565937499999996 0.5623625 0.3142171875 0.5905484375000001 0.30629375 0.612334375 0.2971703125 0.6237781250000001 0.288646875
1 0.5491890625 0.1075 0.55009375 0.098015625 0.54783125 0.096575 0.5455062500000001 0.0778484375 0.5274062500000001 0.066325 0.47013125 0.04135625 0.452225 0.0313921875 0.4349 0.026110937499999997 0.42681874999999997 0.028151562499999998 0.42455625 0.026710937499999997 0.41350156250000003 0.038356249999999995 0.3665625 0.11338437500000001 0.35647656250000004 0.1328328125 0.356346875 0.1485578125 0.354471875 0.15023906250000002 0.354665625 0.1518 0.371471875 0.1696859375 0.38730937499999996 0.1797703125 0.43100937500000003 0.1960953125 0.436634375 0.191053125 0.43980312499999996 0.1830109375 0.4523453125 0.1665640625 0.46902499999999997 0.1498765625 0.49171718750000004 0.1312703125 0.509171875 0.120825 0.5491890625 0.1075
1 0.640965625 0.410253125 0.646978125 0.40833281250000003 0.6589390625 0.38720468750000003 0.6567421875 0.3527515625 0.6419406249999999 0.3174578125 0.6292718749999999 0.29933125 0.622678125 0.2965703125 0.616471875 0.2969296875 0.57684375 0.3133765625 0.5315265625000001 0.3175796875 0.5164640625 0.3137390625 0.5081890625 0.31421875 0.4688203125 0.29921406250000004 0.459640625 0.30917812499999997 0.456665625 0.31878125 0.46286875 0.3687203125 0.46028125 0.3814453125 0.460475 0.38300625 0.4603453125 0.39873125 0.48865781249999996 0.42538125000000004 0.5020390625 0.43246406249999997 0.5216265625000001 0.4391859375 0.5383703125 0.43978593750000006 0.55866875 0.4354640625 0.57444375 0.4282609375 0.6154296875 0.42273750000000004 0.635340625 0.41529531249999996 0.640965625 0.410253125
1 0.7620625000000001 0.19416875 0.7601234375 0.1785625 0.7497171875 0.1618765625 0.7297421875000001 0.1520328125 0.6753109375 0.1331875 0.6685234375 0.128865625 0.6579859375 0.12790625 0.6561109375 0.1295859375 0.666325 0.1447125 0.6739515625 0.1725625 0.6822890625 0.18936875 0.684228125 0.204975 0.680734375 0.2271828125 0.6706484374999999 0.24662968749999997 0.6472453125000001 0.2762828125 0.6474390624999999 0.2778421875 0.6564890625 0.2836046875 0.6877125000000001 0.2833640625 0.7138312499999999 0.2755609375 0.7275359375 0.268478125 0.7483531250000001 0.2515515625 0.7590203125 0.236784375 0.764775 0.2160171875 0.7624500000000001 0.197290625 0.764325 0.195609375 0.7620625000000001 0.19416875
4 0.7351546875 0.39692656249999997 0.7552609375 0.39104375 0.7629546875 0.38588125 0.7625031250000001 0.3654734375 0.7661890625 0.3448265625 0.76535 0.321296875 0.76063125 0.31685625 0.7586937500000001 0.30125 0.75416875 0.29836874999999996 0.7537796875 0.295246875 0.7424671875 0.2880453125 0.73645625 0.289965625 0.7319312499999999 0.287084375 0.72779375 0.287325 0.72514375 0.28276249999999997 0.7123437499999999 0.28036249999999996 0.7083999999999999 0.2821625 0.702 0.2809625 0.6818953125 0.2868453125 0.6486015625 0.28720625 0.640909375 0.29236875 0.636771875 0.2926078125 0.636965625 0.29416875 0.635090625 0.29585 0.636059375 0.30365312499999997 0.639096875 0.3113359375 0.643621875 0.3142171875 0.6582296875 0.34794843750000004 0.663075 0.38696406250000004 0.68473125 0.39356562500000003 0.7014750000000001 0.39416562499999996 0.71446875 0.3981265625 0.7351546875 0.39692656249999997
0 0.7705765625 0.46403125 0.7747140625 0.463790625 0.7801453125 0.4571890625 0.7784 0.44314375000000006 0.76534375 0.42189531249999995 0.73819375 0.404609375 0.72726875 0.400528125 0.710525 0.399928125 0.7018625000000001 0.3972875 0.68945 0.3980078125 0.6807875 0.3953671875 0.6621703125 0.396446875 0.6582265625 0.3982484375 0.649240625 0.4097734375 0.629715625 0.42033750000000003 0.6195671875000001 0.4224984375 0.6137484375 0.42597968750000004 0.5973921875 0.4285 0.590475 0.4399046875 0.5906687500000001 0.44146562500000003 0.58879375 0.44314687499999994 0.5897625 0.45095 0.59861875 0.45515156250000005 0.6244125 0.4615125 0.64529375 0.46187187500000004 0.6475562499999999 0.46331249999999996 0.738384375 0.45646875 0.740646875 0.457909375 0.7509890625 0.457309375 0.7705765625 0.46403125
0 0.969625 0.42261249999999995 0.9804859374999999 0.40940624999999997 0.9927718750000001 0.3741140625 0.9919953125 0.3678703125 0.9951640625 0.359828125 0.9930328125000001 0.3426609375 0.9797812499999999 0.31985312499999996 0.97034375 0.31097031249999996 0.9699562500000001 0.3078484375 0.94054375 0.28912187500000003 0.8994937500000001 0.27735781249999997 0.874475 0.27723906249999997 0.8726015625000001 0.27891875 0.8682703125 0.2775984375 0.8378203125000001 0.28408125 0.8199781249999999 0.2914046875 0.7972859375 0.31001249999999997 0.7774375 0.3347421875 0.7746578125 0.34590624999999997 0.7694203125 0.35406875000000004 0.7672218749999999 0.369915625 0.767415625 0.3714765625 0.7699359375 0.3917640625 0.7760109374999999 0.4071296875 0.7930109375 0.42657656250000003 0.816025 0.444103125 0.8356109375 0.45082500000000003 0.8666421874999999 0.4490234375 0.8839671875 0.45430624999999997 0.9172593750000001 0.4539453125 0.9411140625 0.4447015625 0.969625 0.42261249999999995
1 0.80391875 0.6821531249999999 0.79558125 0.665346875 0.78956875 0.6672687500000001 0.7785140625 0.6789125 0.7666828125 0.684315625 0.741859375 0.6857562500000001 0.722853125 0.6837156249999999 0.701196875 0.6771140625000001 0.697253125 0.6789140625 0.697446875 0.680475 0.7015171875 0.7132468750000001 0.7039734375 0.7162484375 0.7346796875 0.7286125 0.7497421875 0.7324531249999999 0.7871718750000001 0.731853125 0.800878125 0.7247703125 0.8121265624999999 0.7146859375 0.8130328125 0.7052015625 0.8079265625 0.6976390625 0.80391875 0.6821531249999999
1 0.6836781249999999 0.6702703125 0.6565921875 0.670271875 0.6311859375 0.66703125 0.5961484375 0.6533453125 0.5927875 0.659828125 0.5935625 0.6660703125 0.5867078125 0.6947625000000001 0.5797890625 0.7061671875 0.564596875 0.7180515625 0.564790625 0.7196125 0.563109375 0.722853125 0.5682171874999999 0.730415625 0.5943968749999999 0.7398984375000001 0.634478125 0.743859375 0.6655078125 0.7420578124999999 0.68503125 0.73149375 0.6973796875 0.7134875 0.695378125 0.6805953125 0.697253125 0.6789140625 0.6836781249999999 0.6702703125
1 0.691565625 0.66666875 0.7137390625 0.6606671875 0.74115 0.6465015625 0.7561484375 0.63305625 0.7611921875000001 0.62333125 0.765590625 0.5916390625 0.7644265625 0.5822765624999999 0.7589328125 0.5715921875000001 0.7441953125 0.5535859375000001 0.7310078125 0.5480640625000001 0.694159375 0.553346875 0.6922843750000001 0.5550265624999999 0.6531734375 0.55886875 0.6509109375000001 0.557428125 0.6281546875 0.5587500000000001 0.61121875 0.5565890625 0.59880625 0.557309375 0.588075 0.5547890625 0.5787 0.5631921875 0.5759203125 0.57435625 0.5761140625000001 0.5759171875 0.5770828125 0.5837203125 0.5846453125 0.594284375 0.585615625 0.6020875 0.5909156249999999 0.6112109375 0.5947921875 0.6424218749999999 0.5976359375 0.64854375 0.6046171874999999 0.6544265625000001 0.6200671875 0.6613890625 0.6458609375 0.6677500000000001 0.691565625 0.66666875
0 0.784078125 0.606284375 0.767659375 0.5915203124999999 0.7615796875 0.626453125 0.7509125 0.64121875 0.7313890625 0.6517828125 0.7297078124999999 0.655025 0.7099890624999999 0.664028125 0.689690625 0.66835 0.6919531250000001 0.669790625 0.696671875 0.6742328125 0.731128125 0.683234375 0.7664890625 0.6827546875 0.7745703125000001 0.6807140625 0.79706875 0.6605453125 0.8153656249999999 0.62333125 0.8143968750000001 0.615528125 0.812134375 0.6140875 0.8015968750000001 0.6131265625 0.784078125 0.606284375
1 0.971478125 0.7227265625 0.986284375 0.7077203125 0.9916515625000001 0.68383125 0.98990625 0.6697859375 0.98383125 0.6544203125 0.9707734374999999 0.633171875 0.9518984375 0.61540625 0.9319234375000001 0.6055625 0.8933312499999999 0.5968 0.8829874999999999 0.5974 0.8674062499999999 0.6061640625 0.8491765625 0.610365625 0.8313328125 0.6176890625 0.8109046875000001 0.6377359375 0.8112921875 0.6408578125 0.8075421875 0.6442187500000001 0.79933125 0.6619859375 0.799525 0.663546875 0.8124515625000001 0.7005203125 0.8315203125 0.719846875 0.8564078125 0.7356921875 0.8673328124999999 0.7397750000000001 0.9012078125 0.7440953125 0.919825 0.7430140625 0.9220875 0.7444546875 0.9239625 0.742775 0.93430625 0.7421734375 0.971478125 0.7227265625
4 0.880725 0.595959375 0.8992796875 0.5775921875 0.902834375 0.5726703125 0.902253125 0.5679890624999999 0.877365625 0.5521421875 0.865278125 0.5386984375 0.8573281250000001 0.5250125 0.8562953125 0.4999234375 0.8519640624999999 0.498603125 0.8269453125 0.4984828125 0.8107843750000001 0.502565625 0.7989531249999999 0.5079671875 0.7839546875 0.5214125000000001 0.764625 0.5335375 0.7537625 0.5467421875 0.75395625 0.548303125 0.7557015625 0.5623484375000001 0.7683703125 0.5804750000000001 0.771990625 0.592840625 0.790478125 0.6074859375 0.809871875 0.612646875 0.820409375 0.6136078125 0.8222828124999999 0.6119265625 0.8388328125 0.610965625 0.8709625000000001 0.6012421875 0.880725 0.595959375
1 1.0 0.4270203125 0.9950296875 0.425853125 0.9681374999999999 0.4274140625 0.9375578125 0.4496234375 0.921784375 0.45682656250000003 0.901290625 0.45958750000000004 0.8956671875 0.4646296875 0.8964421874999999 0.470871875 0.9077546875 0.4780734375 0.9083359375000001 0.48275625 0.8967 0.48971875000000004 0.8639875 0.4947609375 0.8587515625 0.5029250000000001 0.8576515625000001 0.510846875 0.8578453125 0.5124078125 0.8620468750000001 0.5294546875 0.8769781249999999 0.549021875 0.9065843750000001 0.569309375 0.942396875 0.5892359375 0.9617906250000001 0.5943968749999999 0.9721343750000001 0.593796875 0.974396875 0.5952375 0.9950828125 0.5940375 1.0 0.5927296875 1.0 0.4270203125
0 0.3486328125 0.455515625 0.3693203125 0.45431406250000006 0.3913 0.4467515625 0.4164484375 0.4311453125 0.4518765625 0.3976515625 0.4574375 0.37532343749999997 0.4531734375 0.340990625 0.44502968750000005 0.32574375 0.428028125 0.306296875 0.409540625 0.2916515625 0.40087812500000003 0.2890109375 0.382778125 0.2774875 0.361121875 0.270884375 0.3028109375 0.2711265625 0.3009359375 0.27280625000000003 0.28044375 0.27556875000000003 0.27068125 0.28085 0.2641515625 0.2953765625 0.2568453125 0.303659375 0.252190625 0.3165046875 0.244690625 0.32322656250000004 0.2400359375 0.336071875 0.2209625 0.36704375 0.22115625 0.36860468750000003 0.2192828125 0.370284375 0.22025156250000003 0.3780875 0.2232890625 0.3857703125 0.252378125 0.41866250000000005 0.265759375 0.4257453125 0.272934375 0.4331875 0.28612187499999997 0.438709375 0.288578125 0.4417109375 0.314759375 0.45119375 0.3486328125 0.455515625
0 0.3989828125 0.5924859375 0.3925828125 0.5912859375 0.38159062499999996 0.6202171875 0.36303593749999996 0.638584375 0.3439 0.6522703125 0.3279328125 0.6579125 0.293153125 0.663075 0.291278125 0.66475625 0.289015625 0.663315625 0.274534375 0.66415625 0.263803125 0.661634375 0.263996875 0.6631953125 0.264190625 0.66475625 0.282484375 0.677840625 0.302071875 0.6845625 0.321078125 0.686603125 0.3541765625 0.6846828125 0.36827031250000003 0.6807203125 0.389475 0.6669140625 0.4074484375 0.643865625 0.417728125 0.6259781249999999 0.4178578125 0.6102531250000001 0.3989828125 0.5924859375
0 0.4649828125 0.6373828125000001 0.4530890625 0.6254984375 0.4380265625 0.62165625 0.42464531250000004 0.614575 0.414753125 0.6355828125 0.39173749999999996 0.6683546875 0.39193125 0.669915625 0.39554999999999996 0.6822812500000001 0.4076375 0.695725 0.4227 0.6995671875 0.45864374999999996 0.7037671875 0.48443593749999997 0.7101296875 0.48857343750000004 0.7098890625000001 0.48779843749999996 0.703646875 0.4824984375 0.6945234375 0.47597187500000004 0.6587500000000001 0.4649828125 0.6373828125000001
5 0.34765 0.648909375 0.3588984375 0.638825 0.3686609375 0.6335421875 0.38327187500000004 0.6169765625 0.3894140625 0.5993296875 0.3899328125 0.586725 0.3759703125 0.5749593749999999 0.34526406249999997 0.5625953124999999 0.2978140625 0.54963125 0.280878125 0.547471875 0.269953125 0.543390625 0.244353125 0.5385890625 0.23116562499999999 0.5330671875 0.216296875 0.5307859374999999 0.2023984375 0.5363078125 0.1915359375 0.5495140625 0.19192499999999998 0.552634375 0.18500624999999998 0.5640390625 0.1828078125 0.5798859375000001 0.1830015625 0.5814453125 0.1824828125 0.59405 0.18474531249999998 0.5954906249999999 0.18875312500000002 0.6109765625 0.210859375 0.6379875 0.24214687499999998 0.6550328125 0.259471875 0.6603140625 0.284878125 0.6635546875 0.2993578125 0.6627140625 0.33581875 0.6543109375 0.34765 0.648909375
5 0.211440625 0.64266875 0.211053125 0.639546875 0.189334375 0.615659375 0.1800265625 0.59105 0.18461875 0.56091875 0.1982609375 0.5365484375 0.1869484375 0.5293453125 0.17169218749999998 0.52394375 0.130125 0.5247859375 0.118875 0.53486875 0.07251874999999999 0.6145796875 0.0727125 0.616140625 0.0708375 0.617821875 0.0721953125 0.6287453125 0.0840890625 0.6406296874999999 0.1067140625 0.655034375 0.1240390625 0.6603171875 0.14944375000000001 0.6635578125 0.16392500000000002 0.6627171875 0.1881671875 0.6565937500000001 0.1999984375 0.6511921875 0.211440625 0.64266875
5 0.1876671875 0.41770312499999995 0.17945625 0.4354703125 0.17046875 0.4469953125 0.16600781250000002 0.4614 0.1680765625 0.46128125000000003 0.18255625 0.46044062500000005 0.22690468749999998 0.448434375 0.280496875 0.4437515625 0.282178125 0.44051093750000003 0.245784375 0.41590156250000004 0.21973281249999999 0.3906921875 0.21087656250000003 0.38649062500000003 0.20337812500000002 0.3932140625 0.194971875 0.4094203125 0.1876671875 0.41770312499999995
