2 0.68920625 0.24078593750000002 0.6913671875 0.23945937499999997 0.6933703125 0.24124062500000001 0.7060203125 0.2395 0.7268421875 0.2417765625 0.7460515625 0.2345046875 0.7698203125 0.2199203125 0.78741875 0.2031 0.7919765625 0.1957875 0.8014828125 0.1733953125 0.80258125 0.15164687500000001 0.8048203125000001 0.1487671875 0.7981421875 0.11523281249999999 0.7905203125 0.10033906249999999 0.788909375 0.090790625 0.7773578125 0.0707828125 0.7513109375 0.047626562500000004 0.7369718749999999 0.041371875 0.7162296875 0.037540625 0.7119875 0.0386390625 0.7099828125000001 0.036857812499999996 0.7036578125 0.037728125 0.6997296875 0.0326125 0.6539234375 0.027603125 0.640959375 0.0355578125 0.6364796875 0.041317187500000005 0.6019890625000001 0.0609765625 0.5884750000000001 0.07980625 0.588396875 0.0813609375 0.5812859375 0.097765625 0.5799515625 0.1241765625 0.584940625 0.149715625 0.590715625 0.15972031250000002 0.5904796875 0.1643796875 0.59818125 0.17771874999999998 0.6260734375 0.20576406249999998 0.6397062499999999 0.22599999999999998 0.666303125 0.23828125 0.68920625 0.24078593750000002
5 0.42965937500000007 0.6950968750000001 0.43629843749999997 0.6880109375 0.45220937499999997 0.6631953125 0.45601875 0.6292453124999999 0.45032187500000004 0.6176875 0.44222968749999997 0.6121171875 0.417321875 0.60783125 0.3802359375 0.5959640625 0.35316875 0.5930046875 0.33875 0.588303125 0.324175 0.5867093750000001 0.317771875 0.589134375 0.315296875 0.5966734375 0.31089687499999996 0.600878125 0.2988375 0.6323640625 0.294359375 0.6381234375 0.29428125 0.6396765624999999 0.2825359375 0.6649484375 0.281828125 0.6789296874999999 0.295775 0.6929515625 0.3202109375 0.706559375 0.3284609375 0.7090234375 0.3595359375 0.7155453125 0.38051406249999997 0.714715625 0.39532500000000004 0.7116484375 0.414534375 0.7043765625 0.42965937500000007 0.6950968750000001
5 0.46559999999999996 0.439715625 0.476009375 0.440853125 0.50068125 0.44980000000000003 0.509009375 0.45071093749999996 0.5282984374999999 0.44188593750000005 0.5461343750000001 0.42040468750000004 0.55324375 0.40399843750000003 0.5566609375 0.377815625 0.5546578125 0.37603437500000003 0.5536749999999999 0.3540578125 0.546525 0.32984375 0.5407484375 0.3198390625 0.53073125 0.310934375 0.49957812500000004 0.3059640625 0.48115312499999996 0.2977015625 0.466578125 0.29610781249999996 0.45840625 0.2920890625 0.4499984375 0.2927328125 0.4459140625 0.29072343749999996 0.43935312499999996 0.2962546875 0.43008281249999997 0.3139859375 0.3966125 0.3962421875 0.396534375 0.3977953125 0.39582812500000003 0.411778125 0.40785 0.42246562499999996 0.418259375 0.42360312499999997 0.42643125 0.427621875 0.43067500000000003 0.42652343750000005 0.44293125 0.43255 0.449178125 0.4332328125 0.45318437500000003 0.4367953125 0.457428125 0.435696875 0.46559999999999996 0.439715625
5 0.7080765625 0.7786546875 0.7144015625 0.777784375 0.728428125 0.790253125 0.7305875000000001 0.7889265625 0.73675625 0.7911640625 0.7473234375 0.7891953125 0.764059375 0.7894625 0.7938375 0.7802234375 0.8132046875000001 0.7698437499999999 0.8329640625 0.751696875 0.8375999999999999 0.7428312499999999 0.8448671875 0.72331875 0.8458890625000001 0.7031234375000001 0.8406625 0.68224375 0.829034375 0.6637890625 0.8009046874999999 0.6404046875 0.7825578125 0.6305890625 0.7578875 0.6216421875 0.7329015625 0.618909375 0.7307406249999999 0.6202359375000001 0.7056765625 0.6190562500000001 0.6738171875 0.62806875 0.660853125 0.636025 0.6454140625 0.6515187499999999 0.6383828125 0.6663718750000001 0.638303125 0.667925 0.6333546875 0.6830046875 0.6346515625 0.6987671875 0.6514265625 0.7396546875000001 0.66553125 0.7505703125000001 0.6696953125 0.7510265625 0.6736234375000001 0.7561421875 0.6777875 0.756596875 0.6877265625 0.76705625 0.7020671875 0.7733109375 0.7080765625 0.7786546875
5 0.8976609375000001 0.507271875 0.9157328124999999 0.4811296875 0.91435625 0.4669203125 0.9068921874999999 0.44892031250000003 0.9071281250000001 0.444259375 0.8954984375 0.4258046875 0.8733015625 0.40931875 0.8628921875 0.4081796875 0.8243140625 0.42583125 0.7989359375 0.43086562500000003 0.7863640625 0.43105312500000004 0.782121875 0.4321515625 0.7819640625 0.43525937499999995 0.784046875 0.43548593750000003 0.7959890625 0.447728125 0.8223499999999999 0.46466874999999996 0.838221875 0.48202656250000003 0.8456078125 0.5015796875 0.8443515625 0.5264359375 0.8526015625 0.5288999999999999 0.8779796875000001 0.5238640625000001 0.8844625 0.5198875000000001 0.8867796875 0.5154546875 0.8976609375000001 0.507271875
1 0.48564375000000004 0.7886968750000001 0.4998265625 0.7980578125 0.516246875 0.8045406249999999 0.5329046875000001 0.8063625 0.5812640625000001 0.802278125 0.6045609375 0.797015625 0.6089609375 0.792809375 0.6216890625 0.789515625 0.634653125 0.7815609375 0.6414484375 0.7713687499999999 0.6449453125 0.7436328125 0.639640625 0.7243078125 0.618621875 0.68451875 0.5971328125 0.65405 0.583028125 0.643134375 0.5515609375 0.6443796875000001 0.547475 0.642371875 0.5453140624999999 0.6436968750000001 0.532821875 0.64233125 0.52641875 0.6447546875 0.503515625 0.64225 0.49086562499999997 0.643990625 0.48862656250000003 0.6468703125 0.4780578125 0.6488390625 0.4649375 0.6599015625 0.4468671875 0.68604375 0.4467875 0.687596875 0.4419953125 0.69956875 0.44392031249999997 0.7029046875 0.441759375 0.7042296875 0.44136718750000004 0.711996875 0.44337031250000003 0.7137781249999999 0.44282187500000003 0.724653125 0.450128125 0.7457609374999999 0.4578296875 0.7590984375 0.469615625 0.774446875 0.48564375000000004 0.7886968750000001
1 0.6010203125 0.618546875 0.604359375 0.5939171875 0.5935937499999999 0.5583734375 0.5858156250000001 0.5465890625000001 0.5645234375 0.5536328125 0.549790625 0.5551453125 0.5401265625 0.5806453125 0.526534375 0.601028125 0.5198953125 0.6081125000000001 0.485325 0.6293265625 0.4874078125 0.6295546875 0.48956875 0.6282281249999999 0.5058328125 0.6378171874999999 0.5224890624999999 0.6396390625 0.530975 0.6374421875 0.5558828124999999 0.641728125 0.5580421875 0.640403125 0.562128125 0.6424109375 0.579021875 0.639571875 0.5876640625 0.63426875 0.6010203125 0.618546875
1 0.836659375 0.844265625 0.8429062500000001 0.8449484375 0.8510781250000001 0.8489671875000001 0.8635703124999999 0.8503328124999999 0.8867875 0.8466234375000001 0.906234375 0.834690625 0.9151125 0.8247265625000001 0.9154265625000001 0.8185125 0.9135796875000001 0.813625 0.9034828125000001 0.806271875 0.8996328124999999 0.799603125 0.8652578125 0.7755359375 0.8392109375000001 0.7523796875000001 0.8328078124999999 0.7548046875 0.8196875 0.765865625 0.8196078124999999 0.7674203125 0.7936796875 0.7833296875 0.7831125 0.7852984375000001 0.7617421875 0.793896875 0.7635875000000001 0.798784375 0.7917953125 0.8206140625 0.7957234375 0.8257296875 0.7998890624999999 0.8261859375 0.8120671875 0.8337656250000001 0.826484375 0.8384671875 0.836659375 0.844265625
1 1.0 0.6383515625 0.987628125 0.63270625 0.9674359375 0.6180015625 0.9610312499999999 0.620425 0.9542359375 0.6306171875000001 0.941271875 0.638571875 0.9243796874999999 0.6414109375 0.9072515624999999 0.6489109375 0.8882765625 0.651521875 0.8817937499999999 0.6555 0.8815578125 0.660159375 0.883640625 0.6603875 0.9621734375000001 0.7220875 0.98075625 0.72724375 1.0 0.7154359375 1.0 0.6383515625
1 1.0 0.5159734375 0.9788640624999999 0.5161515624999999 0.9682968750000001 0.5181203125 0.953171875 0.5274015624999999 0.9465328124999999 0.5344859375000001 0.9464546875 0.5360390625 0.9440578125 0.542025 0.9596953125000001 0.5640421875 0.96515625 0.5802609375000001 0.9676703124999999 0.613340625 0.9778453125000001 0.619140625 0.9918703125 0.6316078125 0.9981171874999999 0.6322921874999999 1.0 0.6336625 1.0 0.5159734375
1 0.7906859374999999 0.42840156250000005 0.8095812499999999 0.42734375 0.8351171875000001 0.41920156249999996 0.8652093750000001 0.40374687500000006 0.889446875 0.3798421875 0.898875 0.359003125 0.9019 0.3405890625 0.8962031250000001 0.32903125 0.8945921875 0.31948125 0.8868921875 0.30614375 0.8589984375 0.2780984375 0.8344843750000001 0.2660453125 0.8282375 0.2653625 0.8201453125 0.259790625 0.79948125 0.25440625 0.7660875 0.2523171875 0.7301421875 0.25932187500000003 0.6850828124999999 0.28095 0.6718046875 0.29511875 0.66716875 0.30398437500000003 0.6670906249999999 0.3055375 0.6647734375 0.3099703125 0.6634375 0.33638124999999997 0.668584375 0.3588140625 0.678209375 0.37548750000000003 0.688228125 0.38439375 0.6943953125 0.38662968750000004 0.7267671874999999 0.408915625 0.7410281249999999 0.41672343749999996 0.76778125 0.425896875 0.7906859374999999 0.42840156250000005
1 0.8305562500000001 0.2609296875 0.8632421875 0.277 0.880290625 0.2710546875 0.8998156249999999 0.25756875 0.91996875 0.23165468749999998 0.923621875 0.2008109375 0.9200859375 0.187928125 0.912384375 0.1745890625 0.8926624999999999 0.1505625 0.8705453125 0.13252187499999998 0.8623734375 0.1285046875 0.8269765625 0.124634375 0.8248171875000001 0.125959375 0.81440625 0.124821875 0.8078453124999999 0.1303515625 0.8035640624999999 0.1736234375 0.7940578125 0.196015625 0.7851796875 0.2059796875 0.7850234375 0.20908593749999999 0.7740625 0.2188234375 0.7350921875 0.244240625 0.7266843749999999 0.244884375 0.7244453125 0.2477640625 0.72028125 0.24730781249999997 0.7262140625 0.2542046875 0.7325390625 0.253334375 0.7345421875 0.255115625 0.7535953125 0.2509515625 0.7600781249999999 0.24697343749999998 0.7641625000000001 0.24898281249999998 0.774653125 0.2485671875 0.77665625 0.2503484375 0.7788171875 0.2490234375 0.8017203125 0.251528125 0.8305562500000001 0.2609296875
0 0.5178921875 0.60633125 0.5267703125 0.5963671875000001 0.5430734375 0.563784375 0.545940625 0.5484765625 0.5354109375 0.5082718749999999 0.5199328125 0.483146875 0.5124671875 0.4651484375 0.5004453125 0.45446093750000005 0.4902703125 0.44866093749999997 0.4508671875 0.441228125 0.4426953125 0.4372109375 0.41138593749999997 0.43534843749999996 0.39040625 0.43617812499999997 0.379603125 0.4428078125 0.365540625 0.4725125 0.3578796875 0.49979218750000004 0.35124062500000003 0.5068765625 0.3509265625 0.513090625 0.34420937500000004 0.5217296874999999 0.3438953125 0.52794375 0.3343890625 0.5503359375 0.3343109375 0.5518890625 0.33344687500000003 0.568978125 0.341225 0.5807640625 0.3514796875 0.585009375 0.3534046875 0.58834375 0.39280781249999996 0.5957765625 0.4113109375 0.6024875 0.44038281250000005 0.607228125 0.4646609375 0.6239421875 0.481396875 0.6242109375 0.5178921875 0.60633125
0 0.714240625 0.6153062499999999 0.7517984375 0.6178515625000001 0.7538015625 0.6196328125 0.7642125 0.620771875 0.7684546875 0.6196734375 0.7905328125 0.59709375 0.793871875 0.572465625 0.792103125 0.5660234375 0.7880953125 0.5624609375 0.7527 0.558590625 0.73828125 0.5538890624999999 0.70968125 0.5398265624999999 0.67955 0.5146625 0.659984375 0.487528125 0.6537375 0.4868453125 0.6494171875 0.48949687500000005 0.63158125 0.5109781250000001 0.5987796875 0.5386328125000001 0.5987 0.5401875 0.5943796875 0.5428390624999999 0.5939875 0.55060625 0.6088375 0.588159375 0.6149265625 0.5919484374999999 0.6207015625000001 0.601953125 0.6327234374999999 0.6126406249999999 0.6511484375000001 0.6209046875 0.6719703124999999 0.62318125 0.693184375 0.617690625 0.714240625 0.6153062499999999
0 0.6837203125 0.7634937500000001 0.67955625 0.7630390625000001 0.6653734375 0.753678125 0.6493453125 0.739428125 0.64710625 0.7423078125 0.6458484375 0.7671640625 0.6409 0.78224375 0.64298125 0.7824703125 0.667653125 0.7914171875 0.713459375 0.7964265625 0.7282703125000001 0.793359375 0.7204921875 0.781575 0.7163265625 0.78111875 0.7123203124999999 0.7775562500000001 0.7080765625 0.7786546875 0.7041484375 0.7735390625 0.7019875 0.7748640625000001 0.6837203125 0.7634937500000001
0 1.0 0.35458124999999996 0.96405 0.3536328125 0.9404390625 0.3651109375 0.9317968750000001 0.3704140625 0.9185187499999999 0.38458281250000004 0.9064593750000001 0.41606875 0.9063812499999999 0.41762187500000003 0.9055171874999999 0.43471093749999995 0.9112921875 0.444715625 0.91105625 0.4493765625 0.9202890625 0.4738171875 0.9772531250000001 0.506603125 0.9979171875 0.5119875 1.0 0.5120421875 1.0 0.35458124999999996
3 0.585971875 0.5434812499999999 0.60541875 0.5315484374999999 0.614296875 0.521584375 0.6273390625 0.5120765625 0.647334375 0.48926875000000003 0.6566062500000001 0.4715375 0.6666624999999999 0.4382703125 0.6711406249999999 0.43251249999999997 0.671925 0.41697656250000004 0.6740859375 0.4156515625 0.6721609374999999 0.412315625 0.674478125 0.4078828125 0.672475 0.40610156249999996 0.671884375 0.3763578125 0.6644203125 0.3583578125 0.6610421875 0.3423671875 0.660215625 0.3172828125 0.643440625 0.2763953125 0.6336578125 0.2628296875 0.629571875 0.26082031250000004 0.61821875 0.2783234375 0.5898156250000001 0.30177343749999996 0.5726875 0.3092734375 0.5601171875000001 0.30946093750000003 0.5452281250000001 0.31408125 0.5467593749999999 0.3251828125 0.552534375 0.3351875 0.5539890625 0.34784375 0.5577609375 0.3560671875 0.5573296875 0.40600781250000006 0.55516875 0.4073328125 0.5546984375 0.4166546875 0.545584375 0.43127812499999996 0.53670625 0.4412421875 0.5324625000000001 0.44234062500000004 0.532384375 0.44389375 0.5151 0.45450156249999996 0.5147062499999999 0.46226874999999995 0.5258640625 0.49004531250000005 0.5338 0.4987234375 0.5391046875 0.5180484375 0.5448796875 0.528053125 0.5481015625000001 0.54715 0.5520296874999999 0.5522671875 0.5604375 0.5516234375 0.585971875 0.5434812499999999
3 1.0 0.7555234375000001 0.9682625 0.725878125 0.9560062500000001 0.7198515624999999 0.9238703125000001 0.6929046875 0.885409375 0.6668296875 0.8733875 0.6561421875 0.8570437500000001 0.64810625 0.84494375 0.6389734375 0.8407796875000001 0.6385171875 0.83476875 0.6331734375 0.8306046874999999 0.63271875 0.814340625 0.6231296875 0.797840625 0.6182000000000001 0.7938328125 0.6146375 0.7834218749999999 0.6134999999999999 0.776940625 0.6174765625 0.7784734375 0.6285796875 0.7805546875 0.6288078125000001 0.7908078125 0.633053125 0.7988234375000001 0.640178125 0.8029875000000001 0.6406328125 0.806915625 0.6457484375 0.8210984375000001 0.6551109375 0.8331203125 0.6657984375 0.8448265625 0.6826984375 0.8482843750000001 0.6971359374999999 0.8467140625 0.72820625 0.8396828125000001 0.743059375 0.84145 0.7495015625 0.8455359375 0.751509375 0.8493859374999999 0.7581796875 0.8595609375000001 0.7639781250000001 0.8755109375 0.77978125 0.891696875 0.790925 0.915740625 0.8122984375 0.919434375 0.8220750000000001 0.93723125 0.8427671875 0.94300625 0.852771875 0.9608812500000001 0.8719093750000001 0.9934890624999999 0.889534375 0.9997343750000001 0.8902171875 1.0 0.884971875 1.0 0.7555234375000001
2 1.0 0.29931406250000003 0.9937093750000001 0.3053265625 0.9676234375 0.32434375000000004 0.9675453125000001 0.32589843749999997 0.965384375 0.3272234375 0.9645203125 0.3443125 0.96845 0.349428125 0.9934359374999999 0.3521609375 1.0 0.351659375 1.0 0.29931406250000003
4 0.5770875 0.30506875 0.59869375 0.29180937500000004 0.6183765625000001 0.2752171875 0.620771875 0.2692296875 0.62509375 0.266578125 0.6253296875000001 0.26191875 0.62965 0.2592671875 0.633225 0.2299765625 0.629609375 0.218646875 0.62183125 0.20686093749999998 0.5917765625 0.18014375 0.57535625 0.1736609375 0.5586984375 0.1718390625 0.5566953125 0.17005781250000002 0.5046421875 0.16436562500000002 0.49607812500000004 0.168115625 0.49152031249999995 0.175428125 0.4888890625 0.186075 0.47977499999999995 0.20070000000000002 0.46060468749999994 0.248590625 0.4605265625 0.25014375 0.4555765625 0.265225 0.45487031250000004 0.27920625 0.4813875 0.293040625 0.4873984375 0.29838437500000003 0.5227171875 0.303809375 0.5308875 0.30782656249999996 0.5454625 0.3094203125 0.5539484375 0.30722499999999997 0.5686015624999999 0.3072640625 0.5770875 0.30506875
4 0.82188125 0.5567828125000001 0.8351593749999999 0.5426140625 0.8398734375 0.53219375 0.843446875 0.5029046875 0.8399109375 0.49002187499999994 0.8341359374999999 0.4800171875 0.8141796875 0.4606515625 0.79991875 0.45284375 0.7818078125000001 0.438365625 0.7468828125 0.4251734375 0.72181875 0.42399531250000005 0.6794687500000001 0.4334234375 0.6683515625 0.446265625 0.6636375 0.45668593749999997 0.663559375 0.4582390625 0.6603765625 0.47976093750000004 0.6640703125 0.48953749999999996 0.6896453124999999 0.5220140625 0.71585 0.5420625 0.7610281249999999 0.5595 0.7631890625 0.5581750000000001 0.7860921875 0.5606796875 0.790178125 0.5626890625 0.8006671875 0.5622734375 0.82188125 0.5567828125000001
4 0.9435109374999999 0.6356921875 0.9543921875000001 0.627509375 0.9613453125 0.6142109375 0.964528125 0.5926890625000001 0.957534375 0.56536875 0.9439015625 0.5451328125 0.9337265625000001 0.5393328125 0.9089765625 0.5319406250000001 0.8777437499999999 0.5285249999999999 0.8439593750000001 0.534203125 0.82820625 0.5559125 0.8046749999999999 0.5658359374999999 0.8000390625 0.5747015625 0.7994109375 0.5871296874999999 0.7924578125 0.600428125 0.7919859375 0.60975 0.79406875 0.609978125 0.7980765625 0.613540625 0.8084078124999999 0.61623125 0.8124156250000001 0.61979375 0.8349265625 0.6300671875 0.86336875 0.6472359375 0.8820296875 0.6508390625 0.9010046875000001 0.6482281249999999 0.9201359374999999 0.642509375 0.9266187499999999 0.63853125 0.9435109374999999 0.6356921875
4 1.0 0.21621875 0.9962609375 0.213440625 0.9818421875000001 0.20874062499999999 0.9778359375000001 0.205178125 0.9653421874999999 0.2038125 0.9571703125000001 0.19979375 0.936428125 0.1959640625 0.9301031249999999 0.196834375 0.9256249999999999 0.2025921875 0.924290625 0.22900312500000003 0.899659375 0.260675 0.8931765625000001 0.264653125 0.8886203125 0.271965625 0.88005625 0.275715625 0.8819015625000001 0.280603125 0.8797421875 0.2819296875 0.8796625 0.2834828125 0.88335625 0.293259375 0.8912921875 0.3019375 0.9016234375 0.30462968749999997 0.907634375 0.3099734375 0.9158843750000001 0.31243750000000003 0.9198140625000001 0.317553125 0.9466453125 0.325175 0.963459375 0.3238890625 0.9872265625000001 0.3093046875 1.0 0.29757500000000003 1.0 0.21621875
4 0.953875 0.34783437500000003 0.9525781249999999 0.332071875 0.9444062499999999 0.328053125 0.9339171875 0.32846875 0.9075562500000001 0.3115265625 0.8971453125 0.3103890625 0.8929031249999999 0.3114859375 0.9022140625 0.334375 0.9016640625000001 0.34525 0.9036687499999999 0.34702968749999996 0.9015078125 0.34835625000000003 0.9009578125000001 0.35923125 0.893846875 0.3756359375 0.8804125 0.3929125 0.8756984375 0.40333281249999997 0.87778125 0.40355937500000005 0.8840265625000001 0.40424218749999996 0.8899593749999999 0.411140625 0.8985234375 0.407390625 0.898759375 0.40272968750000004 0.9073234375 0.3989796875 0.9121937499999999 0.385453125 0.9319546875 0.36730625 0.9513999999999999 0.355375 0.9558781249999999 0.349615625 0.953875 0.34783437500000003
