1 0.55276875 0.0 0.5361 0.01130625 0.520059375 0.0375546875 0.51439375 0.06144375 0.5217296874999999 0.10466249999999999 0.536775 0.122271875 0.5790515625 0.1440453125 0.5978343749999999 0.14416875 0.63258125 0.11492031250000001 0.70485625 0.08435781249999999 0.719046875 0.0676328125 0.6906890625 0.018209375 0.6741828125 0.0 0.55276875 0.0
1 0.7574734375000001 0.35395468750000003 0.7953515624999999 0.3666859375 0.8660875000000001 0.35813125 0.8949343750000001 0.343409375 0.9173015625 0.3198015625 0.9083484374999999 0.2954703125 0.841803125 0.22083124999999998 0.82486875 0.21118593749999998 0.7694109375 0.24671249999999997 0.7384031249999999 0.2584734375 0.7203578125 0.288003125 0.7210171875 0.314534375 0.731975 0.335584375 0.7574734375000001 0.35395468750000003
1 0.5028343750000001 0.3516015625 0.5136359374999999 0.36640937500000004 0.5370125 0.3833796875 0.5770515625 0.3990703125 0.6250328125 0.3985171875 0.6539578125000001 0.386915625 0.6990015625 0.3521875 0.7170078125 0.321096875 0.7073171874999999 0.2671125 0.6403203125 0.25818125 0.5978875 0.23016406250000002 0.5771 0.23332187499999998 0.5400375000000001 0.253365625 0.5135828124999999 0.2804140625 0.49785312499999995 0.319146875 0.5028343750000001 0.3516015625
1 0.5865375 0.612559375 0.6057484375 0.6298484375 0.6772609375 0.6525078125 0.6898359375 0.6546703125 0.7270531250000001 0.64086875 0.7434046875 0.62710625 0.7610609375 0.5819687499999999 0.7276984375 0.582965625 0.6773625 0.5727546875 0.6539484375 0.5542234374999999 0.6343093750000001 0.5197671875000001 0.5890718749999999 0.5466921874999999 0.579125 0.56621875 0.5798234375 0.5943109375 0.5865375 0.612559375
1 0.7745296875000001 0.6200265625 0.76125625 0.5897718750000001 0.7449828125 0.6066578125000001 0.7413609375 0.6288265625 0.729096875 0.6391484375 0.6793437499999999 0.6523484374999999 0.6962390625 0.6604328125000001 0.7337281250000001 0.6575562500000001 0.766625 0.6378328125 0.7745296875000001 0.6200265625
1 0.4681078125 0.7170265625 0.5138515625 0.7103906249999999 0.4700984375 0.6293109375 0.425015625 0.6624796875000001 0.425559375 0.6843281250000001 0.43643906250000003 0.70225625 0.4681078125 0.7170265625
1 0.46998125 0.6246296874999999 0.44629531250000004 0.595175 0.38079687500000003 0.562671875 0.333321875 0.583515625 0.321175 0.59851875 0.334796875 0.64281875 0.3770734375 0.66459375 0.4249390625 0.6593578124999999 0.451703125 0.6447953125 0.46998125 0.6246296874999999
1 0.1899078125 0.5225906250000001 0.2167125 0.5095890625 0.1743578125 0.48469375000000003 0.161434375 0.4684859375 0.1564140625 0.43447031249999996 0.17021718749999998 0.40213906250000003 0.1432578125 0.4088984375 0.11252031250000001 0.431584375 0.1007625 0.4621953125 0.1074375 0.47888281250000003 0.160671875 0.5217078125 0.1899078125 0.5225906250000001
0 0.6610265625 0.670953125 0.6563171875 0.6494234375 0.590975 0.6231640625 0.5672640624999999 0.6765828125 0.5810421875 0.7271265625 0.601946875 0.7286484375 0.6308734375 0.7170484375 0.6512734375 0.6982828125 0.6610265625 0.670953125
0 0.28133125 0.59063125 0.33744843750000003 0.5816343749999999 0.37238906250000003 0.5601906249999999 0.3262578125 0.5512203125 0.23658281250000002 0.553409375 0.2623140625 0.5811453125 0.28133125 0.59063125
0 0.09580625000000001 0.3468671875 0.14251875 0.379246875 0.16141875 0.3840515625 0.1864125 0.3821328125 0.25668125 0.3548515625 0.2771984375 0.3407671875 0.29516718750000004 0.3081171875 0.279578125 0.26865937500000003 0.2475984375 0.241403125 0.22217812499999998 0.226153125 0.18237343749999999 0.2198265625 0.12463906250000001 0.24770937499999998 0.07975 0.28868125 0.078328125 0.31537187499999997 0.09580625000000001 0.3468671875
0 0.6405968750000001 0.5208484375 0.658190625 0.5570265625 0.68365 0.5738359375 0.7172078125 0.58064375 0.7609843749999999 0.5788484375 0.8023671875 0.564728125 0.8289375 0.5423625000000001 0.8489875 0.5095515625 0.845934375 0.4706953125 0.8307718749999999 0.448403125 0.7989875 0.4289515625 0.7486515625 0.41874062500000003 0.7072296875 0.43129999999999996 0.663959375 0.453384375 0.6418640625 0.487915625 0.6405968750000001 0.5208484375
0 0.8591203125 0.6651359375 0.8903234375 0.661178125 0.9356 0.6358140624999999 0.91171875 0.59855625 0.9107468750000001 0.5595390625000001 0.9205781249999999 0.53533125 0.8594796875 0.5118734375 0.8471 0.5175140625 0.8085765625000001 0.5626875 0.7673484375 0.58305 0.7744125000000001 0.6153453125 0.804425 0.6474421875 0.8591203125 0.6651359375
5 1.0 0.5085531249999999 0.9599953125 0.5260515625 0.9309140625 0.5314109375 0.9167624999999999 0.549696875 0.9110968749999999 0.5735859375000001 0.9137625 0.5968359375000001 0.9397265625 0.633934375 0.9966984374999999 0.6592718750000001 1.0 0.6595125000000001 1.0 0.5085531249999999
5 0.615434375 0.43208906249999995 0.638615625 0.44125625 0.657515625 0.4460609375 0.6783046875000001 0.4429015625 0.7548234375 0.415140625 0.7772671875 0.3946546875 0.7849375000000001 0.367484375 0.7426999999999999 0.34727031249999996 0.7212515625 0.32389843749999997 0.6990406250000001 0.353746875 0.6601671875 0.38487499999999997 0.6250703125 0.40007656249999995 0.591746875 0.402634375 0.615434375 0.43208906249999995
5 0.16030781249999998 0.4232265625 0.158846875 0.44835624999999996 0.16999843750000002 0.47721093750000004 0.19341406249999998 0.495740625 0.22917031250000003 0.5070703125 0.2833203125 0.502915625 0.312246875 0.4913140625 0.33476875 0.47395 0.352853125 0.44598125 0.356240625 0.41444843750000004 0.3474046875 0.3947984375 0.3260734375 0.376109375 0.27978593749999997 0.360896875 0.2547546875 0.361253125 0.21128906249999999 0.37553437500000003 0.1702546875 0.4037 0.16030781249999998 0.4232265625
5 0.057010937500000004 0.38111562499999996 0.10765625000000001 0.4038125 0.153515625 0.4018578125 0.17399375 0.3862140625 0.1425578125 0.38080625 0.0958828125 0.3499890625 0.0870078125 0.32877812500000003 0.0743171875 0.321934375 0.08002187499999999 0.29960624999999996 0.07138125 0.287759375 0.0426875 0.308725 0.032740625 0.3282515625 0.03525 0.34525937500000003 0.057010937500000004 0.38111562499999996
5 0.4103625 0.241425 0.33830625 0.1969171875 0.3325875 0.1348109375 0.3118375 0.1395296875 0.272809375 0.164415625 0.25303125 0.20815 0.2688140625 0.2554125 0.2901078125 0.2725421875 0.3237421875 0.2824703125 0.369484375 0.27583281249999997 0.4103625 0.241425
5 0.57979375 0.4254421875 0.5876203125 0.4045140625 0.5201171875 0.37529375 0.5209718750000001 0.40962812499999995 0.5089812499999999 0.430875 0.4700296875 0.45888125 0.4743515625 0.46480468750000004 0.501465625 0.4642875 0.528346875 0.45440625 0.57979375 0.4254421875
2 1.0 0.41990156250000005 0.9711562499999999 0.387596875 0.9334734375 0.3826703125 0.8733453125 0.39822812500000004 0.8428421875 0.43027812499999996 0.8524546875000001 0.48113906249999994 0.8678109375 0.511234375 0.8805796875 0.5212 0.9120531250000001 0.5281671875 0.95995625 0.5244921875 1.0 0.5040546875 1.0 0.41990156250000005
2 0.588975 0.20739375 0.6020921875 0.23140468749999998 0.6318328125 0.252578125 0.6717171875 0.2620265625 0.73628125 0.2570734375 0.7672890625 0.2453125 0.7918937500000001 0.22778749999999998 0.81819375 0.19449687499999999 0.8071187500000001 0.168765625 0.761828125 0.1096953125 0.7342078125 0.08992343750000001 0.6883874999999999 0.0934390625 0.6490875 0.10740000000000001 0.61218125 0.1336859375 0.5940578125 0.1600953125 0.588975 0.20739375
2 0.8630093750000001 0.4021484375 0.8211203125000001 0.39598125 0.7958171875 0.3854125 0.77734375 0.3977765625 0.7632703125 0.4191828125 0.7989484375 0.42739062499999997 0.8414578125000001 0.4585296875 0.840759375 0.43043750000000003 0.8630093750000001 0.4021484375
3 0.22920781250000002 0.50863125 0.192146875 0.5286734375 0.1882921875 0.5414796875000001 0.1968171875 0.5486421874999999 0.3408375 0.5501015625 0.389128125 0.5620328125 0.435609375 0.5850484375 0.46978749999999997 0.6168265625 0.4918578125 0.6651687500000001 0.5281578125 0.698346875 0.537615625 0.7429671875 0.5503843749999999 0.7529328125 0.5796203125 0.7538171874999999 0.58366875 0.748815625 0.565103125 0.673621875 0.5831875 0.645653125 0.5845328125 0.6158406249999999 0.547378125 0.548328125 0.5221140625 0.5393203125 0.4795265625 0.5050609374999999 0.416421875 0.48488437500000003 0.34533749999999996 0.47939375 0.2854421875 0.504315625 0.22920781250000002 0.50863125
3 0.5030234375 0.10766093750000001 0.522428125 0.1327546875 0.52286875 0.150440625 0.5077078125 0.2120640625 0.466596875 0.237109375 0.412484375 0.24282499999999999 0.377815625 0.27519375 0.338515625 0.2891546875 0.3050359375 0.28546875 0.2853359375 0.332325 0.2838359375 0.3558953125 0.33856875 0.37515 0.36985 0.3743140625 0.3941828125 0.345865625 0.422990625 0.3295828125 0.45002812499999995 0.32594375000000003 0.47938125 0.3315109375 0.49176093749999994 0.32586875000000004 0.5114609375 0.2790125 0.5789109375 0.2222375 0.5917421875 0.150890625 0.551703125 0.1351984375 0.511121875 0.0976578125 0.5030234375 0.10766093750000001
3 0.47524375 0.5006984375 0.49615 0.502221875 0.497765625 0.483334375 0.5139234375 0.46176874999999995 0.46605937500000005 0.46700468749999996 0.46459687499999996 0.492134375 0.47524375 0.5006984375
4 0.4200828125 0.4642765625 0.4534453125 0.46328125 0.482371875 0.4516796875 0.5069375 0.4325953125 0.52085625 0.40494531250000004 0.5246328124999999 0.3890203125 0.49643125 0.3458375 0.4584359375 0.3284265625 0.42923906250000005 0.329103125 0.40652343750000003 0.33866406250000003 0.3700046875 0.38055625000000004 0.373175 0.4240953125 0.4200828125 0.4642765625
4 0.5826687500000001 0.5409296875 0.6362375 0.5133656249999999 0.651540625 0.4574640625 0.6450203125 0.44701874999999996 0.6070640625 0.4311671875 0.55306875 0.44156562499999996 0.5201328125 0.459728125 0.499809375 0.4816140625 0.4984265625 0.509865625 0.507184375 0.52639375 0.5493453125000001 0.5434859375000001 0.5826687500000001 0.5409296875
4 0.34255 0.19971875 0.37865625 0.22509375 0.42069999999999996 0.23750468749999998 0.46031093749999996 0.23602812499999998 0.48514843750000003 0.22786875 0.5116015625 0.20082031250000001 0.5182625 0.1330734375 0.49889687499999996 0.1095421875 0.4778359375 0.10177499999999999 0.434059375 0.1035703125 0.3947203125 0.1159703125 0.3887046875 0.1258140625 0.345084375 0.13385156250000002 0.337375 0.1594609375 0.34255 0.19971875
