2 0.5443203125 0.23320781249999997 0.5181640625 0.2558375 0.5133656249999999 0.2669421875 0.516440625 0.27470625000000004 0.546109375 0.3115953125 0.5596796875 0.3363484375 0.5714375 0.347028125 0.584459375 0.3514 0.613434375 0.350659375 0.6312562500000001 0.34392812500000003 0.6407984375 0.337409375 0.653271875 0.321403125 0.653071875 0.319840625 0.6574671875 0.305609375 0.6491 0.27288125 0.6344671875000001 0.256 0.6138265625 0.240840625 0.5983328125 0.23339375 0.5834421875 0.2306375 0.575365625 0.2324125 0.57309375 0.2309015625 0.552196875 0.22986875 0.5443203125 0.23320781249999997
2 0.28258125 0.3936359375 0.31365937499999996 0.4414703125 0.32561874999999996 0.4537140625 0.3461140625 0.45162031249999995 0.3678734375 0.4432203125 0.3844859375 0.427109375 0.3911546875 0.4143890625 0.39535 0.39859374999999997 0.3951484375 0.39703125 0.39025937499999996 0.37519375 0.37956406249999997 0.35664375000000004 0.336415625 0.32794218750000004 0.3264703125 0.331334375 0.2911734375 0.3636109375 0.2716859375 0.373521875 0.26628124999999997 0.3799359375 0.2668859375 0.3846265625 0.2716296875 0.3892109375 0.28258125 0.3936359375
3 0.35948281249999997 0.474809375 0.3662953125 0.479340625 0.3777953125 0.5041453125 0.3781421875 0.5229609375 0.37294062499999997 0.5309375000000001 0.3760171875 0.538703125 0.3832328125 0.5463609375 0.3914546875 0.5618375 0.427075 0.61269375 0.4440359375 0.615396875 0.45852343749999996 0.6150265625 0.46412812499999995 0.6101765625 0.46685781249999997 0.599125 0.46665625000000005 0.5975625 0.46590625 0.5756203125 0.4636359375 0.574109375 0.4622265625 0.5631640625000001 0.4509265625 0.5399234374999999 0.44123906249999995 0.529190625 0.4408359375 0.5260625 0.42186250000000003 0.5077234374999999 0.3923390625 0.4880859375 0.374575 0.47912968749999996 0.35948281249999997 0.474809375
3 0.55891875 0.49166718749999994 0.55518125 0.4949 0.5547234375000001 0.5074625 0.5426515625 0.5265953125 0.56935625 0.52434375 0.5712234375 0.5227265625 0.5734953125 0.5242375 0.5859125 0.52391875 0.6227078125000001 0.535528125 0.6730390625 0.5232593750000001 0.6767765625 0.520025 0.680915625 0.5199203125 0.68445 0.5151234375 0.6842484375 0.513559375 0.6781515625 0.4823421875 0.6732078125000001 0.47619375 0.6688671875 0.47473593750000004 0.6461 0.47531875 0.6442328125000001 0.476934375 0.6297453125 0.47730625 0.5870875 0.484671875 0.5709328124999999 0.4882234375 0.5651265624999999 0.49150937499999997 0.55891875 0.49166718749999994
5 0.4512421875 0.21990156249999998 0.458659375 0.22912499999999997 0.472084375 0.236625 0.49171718750000004 0.24396562500000002 0.499996875 0.24375312500000001 0.521296875 0.24791406249999998 0.5439171875000001 0.23007968750000002 0.5623437499999999 0.228040625 0.5722890625 0.22464843750000002 0.576025 0.22141562499999998 0.585825 0.200771875 0.5856234375 0.1992078125 0.5889578125 0.1928484375 0.5882078125 0.1709046875 0.579784375 0.153865625 0.5698953125 0.14156875 0.5539984375 0.13099531250000002 0.54365 0.131259375 0.4876015625 0.1797546875 0.4664453125 0.1928453125 0.4502359375 0.21208437500000002 0.4512421875 0.21990156249999998
5 0.5158921875 0.5445359375 0.5042234375 0.5667953125 0.50436875 0.5840468750000001 0.5127921875 0.6010875 0.5224796875 0.6118203125 0.538378125 0.6223953125 0.5580109375 0.6297359375 0.5772421875 0.63395 0.609953125 0.6299750000000001 0.62964375 0.621628125 0.6421171875 0.605621875 0.646715625 0.5929546875 0.6465140625 0.5913906250000001 0.6461671875 0.572575 0.643896875 0.571065625 0.6428890625 0.563246875 0.6303265625 0.5463140625 0.6164984375 0.5356859375 0.598934375 0.5282921875000001 0.5755640625 0.524184375 0.5509296875 0.5263828125 0.5231640625 0.53650625 0.5158921875 0.5445359375
2 0.41209687500000003 0.28678906249999997 0.42724531250000003 0.2754203125 0.4450671875 0.2686890625 0.45213749999999997 0.259096875 0.45193593749999994 0.2575328125 0.456734375 0.2464296875 0.45452031249999997 0.2292296875 0.4493734375 0.22151875 0.4427625 0.21855000000000002 0.4041328125 0.2571875 0.388325 0.27955312499999996 0.3872625 0.287425 0.3895328125 0.288934375 0.40609062500000004 0.2885109375 0.41209687500000003 0.28678906249999997
4 0.44281718750000004 0.4930703125 0.4264609375 0.49505625000000003 0.41798124999999997 0.4937046875 0.41404218750000005 0.495375 0.4144453125 0.4985015625 0.44290624999999995 0.526009375 0.450525 0.5367953125 0.476165625 0.5424140625 0.512815625 0.5367703125000001 0.5364421875 0.5267546875 0.5474515625 0.5154921875 0.5539171875 0.5012078125 0.5537156249999999 0.49964375 0.55230625 0.48869999999999997 0.5444859375 0.47634999999999994 0.537471875 0.47025468750000005 0.521575 0.45968125000000004 0.500275 0.4555203125 0.49613593749999996 0.45562500000000006 0.4923984375 0.45885781249999996 0.489265625 0.4667828125 0.472653125 0.48289375 0.44281718750000004 0.4930703125
4 0.49866406249999995 0.4430109375 0.4957328125 0.45249843749999996 0.50234375 0.45546718750000004 0.5193046875 0.45817031249999995 0.5442859375 0.4747859375 0.5496328125 0.4840625 0.5541750000000001 0.4870828125 0.56391875 0.482128125 0.5709890625 0.47253437500000006 0.5707875 0.4709703125 0.57265625 0.4693546875 0.570440625 0.45215625 0.5673640625 0.44439062500000004 0.5504609375 0.4259984375 0.5326953125 0.4170421875 0.5221453125 0.41574218749999997 0.5119984375 0.4175703125 0.5059921875 0.41929375 0.49851875 0.425759375 0.49866406249999995 0.4430109375
4 0.387440625 0.3533046875 0.42509687500000004 0.355478125 0.4191453125 0.3415125 0.400171875 0.3231734375 0.398303125 0.324790625 0.395775 0.33740468749999997 0.38703750000000003 0.350178125 0.387440625 0.3533046875
0 0.5899859375000001 0.42655624999999997 0.5947296875 0.431140625 0.60088125 0.44667031250000006 0.60163125 0.4686125 0.61899375 0.47444375 0.6684640625 0.471609375 0.691890625 0.460028125 0.7068359375 0.447096875 0.70996875 0.43917343750000004 0.7097671875 0.43760937499999997 0.7116359375 0.43599375 0.7102265625 0.4250484375 0.6877734375 0.3958171875 0.6700078125 0.386859375 0.64456875 0.3828046875 0.6259421875 0.38328125 0.6203375 0.38813125 0.61366875 0.40085156250000004 0.5891796874999999 0.4203015625 0.5899859375000001 0.42655624999999997
0 0.43138437500000004 0.2753140625 0.4083609375 0.290021875 0.4010890625 0.2980515625 0.399825 0.3043578125 0.402040625 0.3215578125 0.4212140625 0.341459375 0.42716562500000005 0.355425 0.4317078125 0.358446875 0.45548124999999995 0.36568125 0.48520624999999995 0.3868828125 0.5017625 0.386459375 0.5096390625 0.3831203125 0.5158484375 0.3829609375 0.5334671875 0.3746671875 0.5426078125 0.3650203125 0.5509421875 0.34912031250000003 0.549734375 0.33973906249999997 0.551603125 0.3381234375 0.5514015624999999 0.336559375 0.539296875 0.30706406249999996 0.5347546875 0.30404375 0.5343515625 0.300915625 0.5221921875 0.287109375 0.4996828125 0.2735671875 0.47384062499999996 0.266384375 0.45708125 0.2652453125 0.4510734375 0.26696718750000004 0.4394609375 0.2735390625 0.43138437500000004 0.2753140625
0 0.47853593749999995 0.6898109375 0.48161250000000005 0.697575 0.493975 0.712946875 0.49972500000000003 0.7253484375 0.5118859375 0.73915625 0.5216296875 0.7342 0.5376390625 0.713396875 0.54430625 0.700678125 0.5433 0.692859375 0.5451671874999999 0.69124375 0.544965625 0.6896796875 0.5427515625 0.6724812499999999 0.53780625 0.6663328125 0.537203125 0.6616421875 0.5273125000000001 0.6493453125 0.5021312499999999 0.6311656250000001 0.48229531249999996 0.6222609375 0.465134375 0.61799375 0.4336875 0.6156609375000001 0.4320203125 0.618840625 0.47853593749999995 0.6898109375
0 0.508821875 0.554128125 0.5136203125 0.543025 0.5130171875 0.538334375 0.5109468749999999 0.5383875 0.4947921875 0.5419375 0.46995624999999996 0.5425734375 0.45713593750000003 0.5397640625 0.45319843750000005 0.5414328125 0.46409374999999997 0.5615484375 0.46878125 0.5818203125 0.473121875 0.583278125 0.4907421875 0.574984375 0.5000843749999999 0.5669015625 0.508821875 0.554128125
1 0.5368 0.6585140625 0.545021875 0.673990625 0.5472375 0.6911906250000001 0.5447093749999999 0.7038046875 0.5324359375000001 0.7213734374999999 0.531171875 0.7276812500000001 0.543590625 0.7273640625 0.5458609375 0.7288734375 0.562015625 0.7253234375 0.5738296875 0.720315625 0.588575 0.7058187499999999 0.5952421875 0.6931 0.5994375 0.6773046875000001 0.5992359375 0.6757421875 0.5992921875 0.660053125 0.59394375 0.650778125 0.5753734374999999 0.635565625 0.5540734375 0.6314046875 0.5431203124999999 0.6269796875 0.524090625 0.624328125 0.5033953125 0.6248578124999999 0.4975890625 0.62814375 0.5246390625 0.6447078125 0.5368 0.6585140625
1 0.4926234375 0.3961046875 0.49549843750000006 0.40230625 0.51119375 0.4113171875 0.51513125 0.40964687499999997 0.5240140625 0.4141265625 0.5389046875 0.41688281250000003 0.5500578125 0.42287187499999995 0.5541968749999999 0.422765625 0.556065625 0.42115 0.5848390625000001 0.41884531249999996 0.596653125 0.41383593750000003 0.6168015625 0.39292812499999996 0.6216015625 0.3818234375 0.6214000000000001 0.3802609375 0.619184375 0.3630609375 0.6117671875 0.35383906249999997 0.582590625 0.3530171875 0.5608875 0.3457296875 0.5513453125 0.3522484375 0.5430109375 0.36814843750000004 0.53366875 0.37623125 0.51811875 0.384471875 0.4918171875 0.38985156249999997 0.4926234375 0.3961046875
1 0.5626546875 0.48843437500000003 0.578809375 0.48488437500000003 0.5937546874999999 0.4719515625 0.598353125 0.459284375 0.5967421875000001 0.44677656250000003 0.5986109374999999 0.44515937499999997 0.5963390625 0.44365 0.592659375 0.43119375 0.5829718749999999 0.4204609375 0.5684843749999999 0.42083125 0.5523296875 0.42438281250000004 0.5601484375 0.43673124999999996 0.5696359375 0.4459015625 0.5706421875000001 0.45371875 0.5729140625 0.4552296875 0.5747265625 0.4693015625 0.5626546875 0.48843437500000003
1 0.392128125 0.373578125 0.3937390625 0.3860859375 0.396009375 0.387596875 0.394140625 0.3892125 0.3972171875 0.396978125 0.3940859375 0.4049015625 0.394890625 0.41115625 0.3830203125 0.4318515625 0.36620625 0.4464 0.346315625 0.45318437500000003 0.3518640625 0.4640234375 0.3700328125 0.4761078125 0.40081875 0.48943906249999997 0.41777968750000005 0.4921421875 0.442615625 0.49150625000000003 0.4685140625 0.483 0.48179375 0.4732484375 0.49032968749999994 0.45891093749999995 0.495990625 0.4383734375 0.4949828125 0.43055625 0.4977125 0.41950468750000003 0.4954421875 0.4179953125 0.494234375 0.4086140625 0.48560781249999996 0.390009375 0.476121875 0.380840625 0.4556828125 0.36724531250000003 0.42322812499999996 0.3570953125 0.3919828125 0.3563265625 0.38971093749999997 0.35481562499999997 0.38577343750000004 0.356484375 0.38450937500000004 0.36279218750000003 0.392128125 0.373578125
1 0.3937046875 0.3374578125 0.3935046875 0.33589375 0.3968375 0.329534375 0.3942203125 0.3092078125 0.3861984375 0.2952953125 0.3793859375 0.2907625 0.373378125 0.2924859375 0.3434859375 0.31835 0.338284375 0.3263265625 0.37916249999999996 0.3535171875 0.38890625 0.3485609375 0.3937046875 0.3374578125
