2 0.2187484375 0.37329375 0.21699375 0.39215468750000004 0.22140468750000003 0.405946875 0.21967656249999998 0.42636874999999996 0.221840625 0.4309234375 0.23239218749999999 0.438084375 0.280628125 0.45385156249999997 0.3015140625 0.455684375 0.3160953125 0.45478125 0.31815000000000004 0.453090625 0.338953125 0.450240625 0.3555359375 0.4445265625 0.3803140625 0.430490625 0.40701093750000006 0.406959375 0.4150703125 0.3908328125 0.41490625000000003 0.3814671875 0.4169625 0.37977656249999997 0.4169359375 0.378215625 0.414553125 0.3611734375 0.40597500000000003 0.3476390625 0.39109375 0.3313703125 0.3700734375 0.32173281249999997 0.3407734375 0.31573281249999996 0.3095296875 0.3176671875 0.29086406249999996 0.3235109375 0.26397499999999996 0.3361140625 0.23302968750000003 0.35521875 0.2187484375 0.37329375
2 0.10003437500000001 0.5009734375 0.1107484375 0.5175 0.1213 0.5246609375 0.1510890625 0.558759375 0.15739375 0.56149375 0.1740296875 0.5589015625 0.190584375 0.5516265625 0.2009734375 0.5494203125 0.22783437499999998 0.53525625 0.24425312500000002 0.5201749999999999 0.2503109375 0.5088609374999999 0.2502828125 0.5073000000000001 0.2437078125 0.4889546875 0.23945937499999997 0.48452812500000003 0.232828125 0.4630609375 0.21800156249999997 0.4499140625 0.2138359375 0.450171875 0.18091718750000002 0.47565 0.1685 0.4811078125 0.1436140625 0.48889843749999995 0.099896875 0.4931671875 0.10003437500000001 0.5009734375
2 0.39358125 0.7125250000000001 0.375215625 0.735540625 0.373296875 0.7450359375 0.3672390625 0.7563500000000001 0.36751093749999997 0.771959375 0.37603437500000003 0.782371875 0.3760890625 0.78549375 0.393053125 0.8016328125 0.403740625 0.8166 0.4291734375 0.8400296875000001 0.4418078125 0.8470609375 0.485359375 0.8334250000000001 0.5018875 0.8245890625 0.516278125 0.8127593750000001 0.5243921874999999 0.7997546875 0.5243640625 0.79819375 0.5343703125 0.7741328125 0.53374375 0.7382296875 0.52933125 0.7244375 0.5186437500000001 0.709471875 0.5080921875 0.7023109375 0.46193906250000005 0.686415625 0.4328046875 0.68978125 0.42036093750000003 0.6936765625 0.4120828125 0.697315625 0.39358125 0.7125250000000001
3 0.5459125 0.12175625000000001 0.5460484375 0.1295625 0.5655046875 0.1689890625 0.5698890624999999 0.18122031249999998 0.5701078125000001 0.1937078125 0.5722171875 0.195140625 0.5726 0.2169953125 0.56275625 0.250421875 0.561846875 0.31767500000000004 0.55784375 0.32730000000000004 0.5580078125 0.336665625 0.5539515625 0.34316874999999997 0.55416875 0.35565625 0.5690234375000001 0.3703640625 0.582175 0.40705625 0.5842859375 0.4084890625 0.605115625 0.40719843750000007 0.61539375 0.3987484375 0.6234531249999999 0.3826234375 0.6377625 0.366109375 0.6534453124999999 0.3088796875 0.6547921875 0.266603125 0.656846875 0.2649125 0.65451875 0.25099218749999996 0.656575 0.24930312500000001 0.656546875 0.24774218750000002 0.649453125 0.19973593750000002 0.6385468750000001 0.17228125 0.6216375000000001 0.1592640625 0.598615625 0.1544375 0.5943953125 0.15157343750000002 0.5814874999999999 0.12893125 0.570909375 0.120209375 0.566715625 0.11890624999999999 0.54796875 0.1200671875 0.5459125 0.12175625000000001
3 0.5792265624999999 0.5963296875 0.577496875 0.616753125 0.5508 0.6402828125 0.536328125 0.6474296875000001 0.5116859375 0.669271875 0.4992421875 0.6731671875 0.4617484375 0.6754875 0.45771875 0.6835515625 0.47446406249999995 0.687203125 0.48290625 0.69293125 0.5059546874999999 0.6993171874999999 0.5165062500000001 0.7064781250000001 0.5206734375 0.7062203125 0.5309234375 0.696209375 0.5598687499999999 0.681915625 0.568090625 0.67515625 0.5680359375 0.672034375 0.594625 0.642259375 0.6008203125 0.63875 0.6172109375 0.6221078125 0.6357671875 0.6100203125 0.658571875 0.6023578125 0.6690406249999999 0.6048359375000001 0.6732890625 0.6092609375 0.6733703125 0.61394375 0.6817578125 0.6165499999999999 0.68586875 0.6131703125 0.6816484375 0.61030625 0.6857328125000001 0.6053640625 0.67945625 0.604190625 0.67731875 0.6011968750000001 0.6835125 0.5976890625 0.68565 0.6006812499999999 0.6855953125 0.597559375 0.6897078125 0.5941796874999999 0.687596875 0.592746875 0.6938187499999999 0.5908 0.7020140625 0.582478125 0.7080734375 0.5711640625000001 0.7224625 0.5593343749999999 0.73063125 0.549453125 0.7450484375 0.5391828125 0.7616046875 0.5319078125 0.76155 0.5287859375 0.7594671875000001 0.5289140625 0.7033609375000001 0.5402015625 0.6802578125000001 0.5306921874999999 0.661428125 0.52716875 0.64268125 0.5283296875 0.6347031249999999 0.5491390625 0.6142015625 0.5691609375 0.593425 0.5735734375 0.5747875 0.580978125 0.5749234375000001 0.5887828125000001 0.5792265624999999 0.5963296875
0 0.7060984375 0.5775375 0.6980125 0.5921031250000001 0.698284375 0.6077125 0.70045 0.6122671875 0.70464375 0.6135703125 0.7258546875 0.6341359375 0.7385171875000001 0.642728125 0.7678703125 0.6518515625 0.7990875 0.64835625 0.8343078125 0.6352359375 0.8549468750000001 0.6230203125 0.8712843749999999 0.60325625 0.8712578125 0.60169375 0.8752593750000001 0.5920703125 0.8729859375 0.581271875 0.8686562500000001 0.5721640625 0.8580234375 0.5603203125 0.8179000000000001 0.5315484374999999 0.8011546875000001 0.5278968749999999 0.769909375 0.52983125 0.7409656250000001 0.544125 0.72451875 0.55764375 0.7060984375 0.5775375
0 0.4628375 0.1409640625 0.4587265625 0.14434375 0.45247656249999996 0.14473125 0.4359484375 0.1535671875 0.42161406250000005 0.1685203125 0.4135 0.1815234375 0.4075234375 0.1975203125 0.40579375000000006 0.21794375000000002 0.4145359375 0.24084374999999997 0.42516875 0.2526875 0.43783125 0.26127968749999997 0.46712968750000006 0.2672796875 0.5171484375000001 0.265746875 0.5316484375 0.26016093749999997 0.5502312500000001 0.249634375 0.5625109375 0.23637187499999998 0.566540625 0.22830937499999998 0.5665140625 0.2267484375 0.570325 0.206196875 0.568215625 0.2047640625 0.5678609375 0.1844703125 0.5612578125 0.1645640625 0.550515625 0.14647656250000002 0.5399640625 0.139315625 0.5169140624999999 0.132928125 0.5106921875 0.1348765625 0.47528125 0.13706875000000002 0.4628375 0.1409640625
0 0.23756093749999999 0.25648593750000004 0.208371875 0.25673124999999997 0.1917625 0.260884375 0.16695625 0.27335937499999996 0.1361203125 0.2987078125 0.13003437499999998 0.3084609375 0.1260875 0.3212078125 0.126278125 0.33213593750000003 0.13477343749999998 0.3409859375 0.153603125 0.3445078125 0.18298281249999998 0.35519218750000003 0.2125546875 0.376803125 0.22686250000000002 0.36028906250000003 0.22683593750000003 0.358728125 0.23917031249999998 0.3485890625 0.261865625 0.33468125 0.303253125 0.3164921875 0.30300781250000003 0.30244375 0.2987328125 0.29645625 0.29864999999999997 0.2917734375 0.2901265625 0.2813625 0.2732171875 0.26834375 0.2501140625 0.258834375 0.23756093749999999 0.25648593750000004
0 0.26599375 0.45163125 0.251275 0.444728125 0.24094218750000002 0.45005625 0.2369953125 0.46280312500000004 0.23910468749999997 0.46423437500000003 0.2414875 0.48127812499999995 0.2501203125 0.49793281250000004 0.2670296875 0.5109515625000001 0.29224375 0.5218921875 0.3172671875 0.52190625 0.3465109375 0.5247843750000001 0.3610375 0.520759375 0.38584375 0.508284375 0.40228906249999996 0.494765625 0.4062640625 0.48357968749999997 0.4144046875 0.4721375 0.42232812500000005 0.4482046875 0.42230156250000006 0.44664374999999995 0.4242203125 0.4371484375 0.4176984375 0.421925 0.4134234375 0.4159390625 0.405009375 0.411771875 0.3782859375 0.43374218750000004 0.3555625 0.44608749999999997 0.33898125 0.45180156250000003 0.3182046875 0.45621406249999996 0.289015625 0.45645781249999995 0.26599375 0.45163125
5 0.3986140625 0.523121875 0.41971718750000003 0.53744375 0.4261015625 0.5448609375 0.4282125 0.54629375 0.4407109375 0.5455203125 0.4469046875 0.5420109375 0.45523749999999996 0.5414953125 0.4655984375 0.537728125 0.5072859375000001 0.5367109375 0.5195375 0.5218875 0.521184375 0.49678281249999995 0.5252421875 0.4902796875 0.5252140625 0.48871875 0.5228046875000001 0.47011562500000004 0.5058125 0.45241406250000005 0.4575765625 0.436646875 0.43049687499999995 0.43832343749999997 0.42635781250000004 0.44014218749999995 0.4185171875 0.46875625000000004 0.40837500000000004 0.4850125 0.406428125 0.492946875 0.39209218749999997 0.5078984375 0.3986140625 0.523121875
0 0.52466875 0.45749843749999997 0.5226671875 0.46230937499999997 0.5313546875 0.4820875 0.5540765624999999 0.46974218749999996 0.5893515625 0.45974531250000006 0.6145109375 0.4675640625 0.631365625 0.477459375 0.6399984375 0.49411562499999995 0.6442187500000001 0.4969796875 0.6503046875 0.48722656249999996 0.6502765625 0.48566562500000005 0.6542250000000001 0.4729203125 0.6518140625 0.454315625 0.6264375 0.4340078125 0.6157484375 0.4190421875 0.6031421875 0.413571875 0.5843671875 0.413171875 0.5782 0.418240625 0.5762265625 0.4246140625 0.551584375 0.4464546875 0.52466875 0.45749843749999997
0 0.722784375 0.33896875 0.7206734375 0.3375359375 0.7100953125 0.3288140625 0.6807140625 0.31813125000000003 0.6536625 0.32136875 0.6438203125 0.35479531249999996 0.6459859375 0.35935 0.6770390625 0.3464890625 0.685371875 0.345971875 0.6957328125 0.34220625 0.720728125 0.3406578125 0.722784375 0.33896875
1 0.6697 0.2844328125 0.6693453125 0.2641390625 0.658575 0.244490625 0.656546875 0.24774218750000002 0.6552828125 0.2947015625 0.6532265625 0.2963921875 0.6553375 0.2978234375 0.655528125 0.3087515625 0.6616953125 0.30368125 0.6697265625 0.28599375 0.6697 0.2844328125
1 0.7208812499999999 0.46879375 0.7251296875000001 0.47321875 0.7377359375 0.4786890625 0.7504796875 0.491965625 0.76095 0.49444218749999996 0.7838625 0.493025 0.8066671875000001 0.48536250000000003 0.8335546875000001 0.4727578125 0.8520031250000001 0.4544265625 0.860034375 0.43673906249999994 0.8600078124999999 0.435178125 0.8597625000000001 0.42112812499999996 0.8532953125 0.40902656249999997 0.8048671875 0.3823328125 0.7881750000000001 0.381803125 0.7861203125 0.3834921875 0.7843921875000001 0.40391562499999994 0.780334375 0.41041718749999995 0.75983125 0.43043906249999997 0.720609375 0.4531828125 0.7208812499999999 0.46879375
1 0.45254843749999996 0.2681828125 0.431609375 0.26322812500000003 0.41713750000000005 0.270375 0.41096875 0.2754453125 0.41102343750000003 0.2785671875 0.43196406249999997 0.28352187500000003 0.455121875 0.296153125 0.4721125 0.313853125 0.47860781250000006 0.32751562500000003 0.48101874999999994 0.34612031249999997 0.491515625 0.3501578125 0.52898125 0.3462765625 0.5351765625 0.3427671875 0.5513765625 0.3151984375 0.55135 0.3136375 0.5509953125 0.29334375 0.5466921874999999 0.285796875 0.5318937499999999 0.27421093750000003 0.5192859375000001 0.2687390625 0.5005124999999999 0.2683390625 0.49845625 0.2700296875 0.4963453125 0.26859687499999996 0.47759843750000003 0.2697578125 0.4629625 0.2675375 0.45254843749999996 0.2681828125
1 0.3321421875 0.2990765625 0.3259203125 0.301025 0.31975312499999997 0.3060953125 0.31777968749999996 0.3124671875 0.3511890625 0.3150875 0.3784328125 0.322778125 0.3952875 0.3326734375 0.41447031250000005 0.356490625 0.418828125 0.367159375 0.4191 0.38277031250000004 0.41112187499999997 0.4035796875 0.42362031250000004 0.40280625 0.438146875 0.39878125 0.45256406250000003 0.3885125 0.47092968749999997 0.365496875 0.4789078125 0.3446875 0.4788796875 0.3431265625 0.4743328125 0.3215296875 0.4615078125 0.3035703125 0.43829375 0.2878171875 0.42993437500000004 0.286771875 0.413134375 0.27999843750000003 0.388084375 0.2784234375 0.35902968749999997 0.2864734375 0.348696875 0.2918015625 0.338309375 0.29400624999999997 0.3321421875 0.2990765625
1 0.3729296875 0.24654375 0.349825 0.23703593750000002 0.3226375 0.2324671875 0.3101390625 0.233240625 0.28730781250000004 0.2393421875 0.26666875 0.251559375 0.264721875 0.25949374999999997 0.2858515625 0.27537500000000004 0.2985953125 0.2886515625 0.3094203125 0.311421875 0.3115296875 0.3128546875 0.324028125 0.31208125 0.3219171875 0.3106484375 0.3238921875 0.30427499999999996 0.3341703125 0.295825 0.3486421875 0.2886796875 0.3673359375 0.284396875 0.3797515625 0.2789390625 0.386 0.278553125 0.3901125 0.2751734375 0.3856734375 0.2598203125 0.3792609375 0.25084062500000004 0.3729296875 0.24654375
1 0.2592875 0.6645796875000001 0.2594234375 0.672384375 0.27219375 0.687221875 0.3314453125 0.7366859375 0.3418609375 0.7360421875000001 0.3439703125 0.7374734375 0.3709140625 0.7279921875 0.3894421875 0.71434375 0.403778125 0.6993921875 0.4037515625 0.69783125 0.41586718749999996 0.6752015625000001 0.41351250000000006 0.6597203125 0.39435625 0.637465625 0.3837765625 0.62874375 0.3711421875 0.6217125 0.3564796875 0.61793125 0.3085421875 0.6193359375 0.29612656249999997 0.6247921875 0.2632890625 0.6549546875 0.2592875 0.6645796875000001
1 0.4077375 0.5678765625 0.4037609375 0.5790625 0.39965 0.5824421875 0.391671875 0.6032515625 0.3898078125 0.61586875 0.39191875 0.6173 0.3921640625 0.6313500000000001 0.4091828125 0.6506125 0.42814687500000004 0.661940625 0.4323140625 0.6616828124999999 0.46169374999999996 0.6723656250000001 0.470053125 0.6734109375 0.4971328125 0.671734375 0.5137140625 0.6660203124999999 0.53835625 0.6441796875 0.550771875 0.638721875 0.558940625 0.628840625 0.571303125 0.6202609375 0.5773609375000001 0.608946875 0.5773343750000001 0.6073859374999999 0.56845625 0.57668125 0.553575 0.5604125 0.538803125 0.5503875 0.5198921875 0.54218125 0.490621875 0.5377421874999999 0.469790625 0.5390312500000001 0.45109843749999995 0.5433140625 0.42832187499999996 0.5525375 0.41387656249999993 0.5612453125 0.4077375 0.5678765625
1 0.6564984375 0.48371718750000003 0.6423 0.506475 0.6426000000000001 0.5236468750000001 0.648903125 0.5263828125 0.6614015625 0.5256078125 0.6802296875 0.52913125 0.7033343750000001 0.538640625 0.7158328125 0.5378671875000001 0.7386640625 0.531765625 0.742775 0.528384375 0.7467234375 0.5156390625 0.7466953125 0.5140781249999999 0.7485609375 0.5014609375 0.7420390625 0.4862375 0.7335703125 0.478946875 0.7167421875 0.4706125 0.7062999999999999 0.469696875 0.7042453125 0.4713859375 0.702134375 0.4699546875 0.700078125 0.47164375 0.675109375 0.4747515625 0.6564984375 0.48371718750000003
5 0.74696875 0.5296890624999999 0.7490249999999999 0.5279984375 0.7844625 0.5273671875 0.7927671875 0.525290625 0.803209375 0.52620625 0.8241765624999999 0.5327234375 0.8368921874999999 0.5444375 0.86010625 0.5601906249999999 0.8683015624999999 0.5518703125 0.868275 0.550309375 0.870275 0.545496875 0.8699203125 0.525203125 0.863371875 0.5084187499999999 0.8527390625000001 0.496575 0.8421875 0.4894140625 0.8232765625 0.4812078125 0.77766875 0.49653281250000003 0.752671875 0.49808125 0.7468046875 0.5203218749999999 0.74696875 0.5296890624999999
5 0.619478125 0.3938078125 0.6177234375 0.41266875000000003 0.630603125 0.43375 0.653815625 0.449503125 0.6768375 0.4543296875 0.6997515625 0.4529109375 0.726721875 0.444990625 0.7598046875 0.42887812500000005 0.7741671875 0.41548749999999995 0.78228125 0.4024828125 0.7821453125 0.394678125 0.7842 0.3929875 0.7841734375 0.3914265625 0.7796531250000001 0.371390625 0.771103125 0.35941875 0.7584140625 0.349265625 0.7353375 0.3413171875 0.7228109375 0.3405296875 0.7124234375 0.3427359375 0.7082296875 0.3414328125 0.674984375 0.348178125 0.6459859375 0.35935 0.619478125 0.3938078125
5 0.010529687499999999 0.39087031250000004 0.012748437500000001 0.39854687499999997 0.0108015625 0.40648125 0.025737500000000003 0.425871875 0.07879375 0.478846875 0.0914828125 0.489 0.101953125 0.491478125 0.151890625 0.4852609375 0.1808890625 0.47408906249999994 0.1911953125 0.46719999999999995 0.20969687499999998 0.451990625 0.21375468749999998 0.4454890625 0.21775625 0.4358640625 0.21531875 0.4157 0.217375 0.414009375 0.217346875 0.4124484375 0.21266406249999997 0.383046875 0.19989218749999998 0.368209375 0.1851203125 0.358184375 0.1620171875 0.3486765625 0.12435937500000001 0.34163125 0.08478125 0.3440796875 0.051589062500000005 0.3539484375 0.02278125 0.376046875 0.016696875 0.38580000000000003 0.010529687499999999 0.39087031250000004
4 0.1743296875 0.5760734375000001 0.1786875 0.5867421875 0.21264218750000002 0.620584375 0.219109375 0.6326859375 0.2254671875 0.63854375 0.2338 0.6380265625 0.2564953125 0.6241203125 0.2771890625 0.6150265625 0.293634375 0.60150625 0.2976921875 0.5950046875 0.2974453125 0.5809546875 0.29950156250000004 0.5792640625 0.299475 0.577703125 0.2993375 0.5698984375 0.28864999999999996 0.5549328124999999 0.26551874999999997 0.5438625 0.2487734375 0.5402109375 0.2196375 0.5435765625 0.18030625 0.5600765625 0.16991875 0.5622812500000001 0.16580625 0.5656625 0.1658609375 0.568784375 0.1743296875 0.5760734375000001
4 0.30555937499999997 0.56795 0.3102171875 0.5957921875000001 0.3165484375 0.6000875 0.3228234375 0.6012625 0.3207953125 0.6045125 0.324934375 0.60269375 0.33970625 0.61271875 0.36270156249999996 0.615984375 0.36900468750000004 0.61871875 0.38353125 0.61469375 0.4035984375 0.5696953125 0.41790625 0.5531828125 0.415796875 0.55175 0.413521875 0.5409515625 0.40927499999999994 0.5365265625 0.3965859375 0.5263734375 0.3860890625 0.522334375 0.323625 0.5277640625 0.319540625 0.5327046875 0.3153484375 0.5314015624999999 0.30517812499999997 0.5460953125 0.30345 0.56651875 0.30555937499999997 0.56795
4 0.45911406250000003 0.405296875 0.4655265625 0.4142765625 0.46569062499999997 0.42364375 0.4721578125 0.43574531250000004 0.48898437499999997 0.44407968750000004 0.49734375000000003 0.445125 0.5057578125 0.44929218750000005 0.5162 0.45020781249999997 0.522421875 0.4482609375 0.53078125 0.44930624999999996 0.5536125000000001 0.4432046875 0.576171875 0.4214921875 0.57811875 0.4135578125 0.578090625 0.411996875 0.575653125 0.3918328125 0.5626921874999999 0.36606875 0.543671875 0.35161875 0.53111875 0.34927031249999996 0.5061234375 0.3508171875 0.485375 0.3567890625 0.4730671875 0.368490625 0.4670375 0.38136562500000004 0.458840625 0.3896859375 0.45911406250000003 0.405296875
4 0.5239765625 0.537240625 0.55563125 0.558721875 0.5662921875 0.5721265625 0.5747328125 0.5778546875 0.5788984375 0.577596875 0.591315625 0.5721406250000001 0.6162296875 0.5659109375 0.6244515625 0.55915 0.63656875 0.536521875 0.6381609375 0.50829375 0.6402171875 0.5066046875 0.6401890625 0.50504375 0.63566875 0.48500781249999997 0.6292828125 0.4775890625 0.61873125 0.47042812500000003 0.6040421874999999 0.46508593749999994 0.5914625 0.46117656250000005 0.581046875 0.46182187499999994 0.5458265625000001 0.474940625 0.531409375 0.485209375 0.52535 0.49652343749999994 0.5239765625 0.537240625
4 0.524975 0.7137687500000001 0.5313875 0.722746875 0.531496875 0.7289921875 0.53801875 0.744215625 0.5359625 0.7459046875 0.5382906249999999 0.7598265625 0.536290625 0.7646375 0.5384 0.7660703125 0.5385640625 0.7754359375 0.542784375 0.7783 0.5573921875 0.778959375 0.5594484375000001 0.77726875 0.5698640625 0.776625 0.5801968750000001 0.771296875 0.5885015625000001 0.7692203125 0.5926953125 0.7705234375 0.609278125 0.7648078125 0.611278125 0.759996875 0.627696875 0.744915625 0.6337828125 0.7351625 0.63375625 0.7336015625 0.6377578125000001 0.7239765625000001 0.637621875 0.716171875 0.6289890625 0.699515625 0.609996875 0.6866265625 0.5890578125 0.6816718749999999 0.5640343750000001 0.6816578125 0.54750625 0.6904953125 0.543340625 0.690753125 0.5268671875 0.7027125 0.524975 0.7137687500000001
