3 0.6140625 0.6708328125 0.63125 0.66875 0.6484375 0.6479171874999999 0.6671875 0.65 0.6984375 0.66875 0.7140625 0.64375 0.7125 0.6270828125000001 0.6953125 0.6 0.6765625 0.5895828125 0.659375 0.5916671874999999 0.6359375 0.5583328125 0.621875 0.5520828125 0.3609375 0.5 0.28125 0.5020828125000001 0.2515625 0.51875 0.25 0.5354171875 0.2734375 0.5604171874999999 0.3875 0.6125 0.6140625 0.6708328125
2 0.775 0.63125 0.7859375 0.64375 0.8 0.64375 0.8390625 0.6270828125000001 0.8546875 0.5833328125 0.8765625 0.5458328125 0.86875 0.5 0.853125 0.47708281250000006 0.83125 0.46458281250000005 0.7984375 0.46666718749999997 0.775 0.48125 0.7734375 0.4895828125 0.7921875 0.5229171874999999 0.7984375 0.5791671875 0.775 0.63125
2 0.65625 0.43541718749999997 0.68125 0.41458281250000006 0.678125 0.36875 0.66875 0.3395828125 0.65625 0.3229171875 0.61875 0.3104171875 0.596875 0.33125 0.584375 0.35625 0.584375 0.3666671875 0.6171875 0.3729171875 0.634375 0.3854171875 0.65625 0.43541718749999997
4 0.5328125 0.5041671875 0.5546875 0.48333281250000004 0.565625 0.45416718749999996 0.5671875 0.425 0.5546875 0.3791671875 0.5390625 0.3520828125 0.4953125 0.35 0.4765625 0.3833328125 0.4890625 0.42916718749999994 0.4890625 0.46875 0.5015625 0.49375 0.5328125 0.5041671875
4 0.5390625 0.35 0.540625 0.34375 0.5296875 0.3125 0.5109375 0.3020828125 0.471875 0.31875 0.4515625 0.3395828125 0.446875 0.3625 0.4734375 0.3875 0.496875 0.3479171875 0.5390625 0.35
4 0.6046875 0.51875 0.5703125 0.5166671875 0.55625 0.525 0.5484375 0.5375 0.634375 0.5520828125 0.621875 0.5291671874999999 0.6046875 0.51875
5 0.221875 0.42083281250000004 0.190625 0.42083281250000004 0.1875 0.4270828125 0.203125 0.45416718749999996 0.2421875 0.43541718749999997 0.221875 0.42083281250000004
5 0.65 0.5208328125 0.6359375 0.5125 0.6109375 0.5145828125 0.6078125 0.51875 0.6234375 0.5291671874999999 0.64375 0.5604171874999999 0.65 0.5208328125
5 0.9140625 0.6791671874999999 0.9984375 0.6354171875 0.9984375 0.5645828125000001 0.95625 0.5291671874999999 0.9109375 0.5270828125 0.8796875 0.5458328125 0.8484375 0.6041671875 0.8484375 0.63125 0.8953125 0.65625 0.9046875 0.6770828125 0.9140625 0.6791671874999999
0 0.3171875 0.48125 0.340625 0.47083281250000003 0.3453125 0.40833281250000003 0.365625 0.375 0.38125 0.3645828125 0.38125 0.35625 0.35 0.31875 0.3078125 0.3104171875 0.278125 0.33125 0.2578125 0.36875 0.25625 0.40416718749999997 0.2625 0.43333281250000005 0.2890625 0.45 0.3171875 0.48125
0 0.7140625 0.5833328125 0.746875 0.60625 0.7625 0.6354171875 0.7734375 0.6291671875 0.7953125 0.5875 0.7875 0.5145828125 0.7703125 0.48541718749999996 0.7375 0.4625 0.7015625 0.46458281250000005 0.665625 0.49375 0.6515625 0.51875 0.646875 0.5645828125000001 0.653125 0.575 0.69375 0.575 0.7140625 0.5833328125
0 0.8859375 0.6520828125 0.828125 0.63125 0.7875 0.6520828125 0.765625 0.6791671874999999 0.7609375 0.6958328125000001 0.75625 0.75625 0.8234375 0.7291671875 0.90625 0.68125 0.8859375 0.6520828125
0 0.646875 0.75 0.5984375 0.7395828125 0.5453125 0.7729171874999999 0.528125 0.7979171875 0.51875 0.8333328124999999 0.521875 0.88125 0.66875 0.8083328125 0.6875 0.7916671875 0.646875 0.75
0 0.375 0.6583328125000001 0.353125 0.6125 0.3140625 0.58125 0.2765625 0.5791671875 0.278125 0.5958328125000001 0.340625 0.7104171874999999 0.3828125 0.7041671875 0.375 0.6583328125000001
1 0.59375 0.3354171875 0.5625 0.3291671875 0.54375 0.3416671875 0.54375 0.35625 0.5609375 0.3770828125 0.58125 0.3666671875 0.59375 0.3354171875
1 0.6046875 0.5145828125 0.6359375 0.5083328125000001 0.65 0.48541718749999996 0.65625 0.44583281250000006 0.6375 0.3916671875 0.6140625 0.3729171875 0.596875 0.36875 0.5765625 0.36875 0.5578125 0.3791671875 0.56875 0.43125 0.55625 0.48541718749999996 0.5640625 0.5104171875 0.6046875 0.5145828125
1 0.7484375 0.45208281250000004 0.7328125 0.4270828125 0.709375 0.41458281250000006 0.6828125 0.4166671875 0.65625 0.44375 0.6515625 0.50625 0.709375 0.4583328125 0.75 0.46666718749999997 0.7484375 0.45208281250000004
1 0.7125 0.6541671874999999 0.7015625 0.6708328125 0.6890625 0.6708328125 0.6515625 0.65 0.634375 0.6708328125 0.6140625 0.675 0.6140625 0.7291671875 0.6578125 0.7541671875 0.684375 0.78125 0.7125 0.78125 0.7421875 0.7666671875 0.759375 0.7354171875 0.7578125 0.7083328125 0.765625 0.6729171875 0.7640625 0.6458328125 0.7546875 0.61875 0.7109375 0.5833328125 0.690625 0.5770828125 0.65625 0.5833328125 0.671875 0.5833328125 0.6984375 0.5979171875 0.7125 0.6208328125 0.7125 0.6541671874999999
1 0.5140625 0.8708328125 0.51875 0.8208328125 0.528125 0.79375 0.546875 0.76875 0.5921875 0.7416671874999999 0.59375 0.7333328125 0.5796875 0.6979171875 0.5453125 0.6604171875 0.50625 0.6520828125 0.465625 0.6854171874999999 0.4390625 0.7375 0.4390625 0.75 0.4640625 0.8083328125 0.4671875 0.8666671875 0.5140625 0.8708328125
1 0.45625 0.8875 0.4640625 0.85 0.4625 0.8145828125 0.45 0.7729171874999999 0.434375 0.7458328125 0.384375 0.7104171874999999 0.346875 0.7145828125 0.346875 0.725 0.425 0.8770828125 0.4375 0.89375 0.45625 0.8875
1 0.5125 0.8875 0.4984375 0.8708328125 0.46875 0.875 0.440625 0.8979171875 0.4578125 0.9354171875 0.471875 0.9104171875 0.5125 0.8875
