3 0.7666937500000001 0.8008374999999999 0.766059375 0.7946 0.7481718749999999 0.7833218750000001 0.6790046875 0.7616046875 0.6700609375 0.755965625 0.6593578124999999 0.7535953125 0.5806125 0.7200015625 0.5764578124999999 0.7203 0.5481843750000001 0.709771875 0.54403125 0.710071875 0.515915625 0.701103125 0.46255781249999994 0.6908125 0.44402187499999995 0.6937203125 0.43666406249999995 0.7036765625 0.4389 0.7050859375 0.4393765625 0.709765625 0.446559375 0.7186734375 0.4674765625 0.7391578125 0.51266875 0.7720296875 0.6156921875 0.8180125 0.69364375 0.843809375 0.7275140625 0.8476515625 0.7393421874999999 0.8405140624999999 0.7633328125000001 0.808934375 0.7666937500000001 0.8008374999999999
3 0.612465625 0.642296875 0.6140656250000001 0.63746875 0.615984375 0.635759375 0.6185375 0.6402875 0.620615625 0.6401375 0.6202984375 0.63701875 0.6137484375 0.63435 0.6131140625 0.6281109375 0.62494375 0.6209749999999999 0.630540625 0.6142859374999999 0.6372625000000001 0.5980921875 0.6414328125 0.57736875 0.6398609375000001 0.54135 0.634596875 0.5307328124999999 0.63364375 0.521375 0.6263015625 0.5109078125 0.6231140625 0.5001421875000001 0.5926203125 0.46777968750000004 0.5495046875 0.43475625000000007 0.5140484375 0.4153203125 0.504946875 0.40812187499999997 0.49855625000000003 0.4070125 0.49169062500000005 0.4012234375 0.48529999999999995 0.4001140625 0.4785921875 0.395884375 0.45526718749999995 0.39285312499999997 0.44871875 0.39018437499999997 0.416925 0.38619375 0.3856078125 0.38688125 0.3769828125 0.3843609375 0.3750640625 0.3860703125 0.372828125 0.38466093749999997 0.3624421875 0.3854109375 0.288771875 0.4017203125 0.2772609375 0.41197656250000003 0.27581875 0.41836406249999997 0.278371875 0.42289374999999996 0.2850796875 0.427121875 0.30856249999999996 0.4317125 0.3173484375 0.4357921875 0.3235796875 0.43534218750000003 0.3387546875 0.44053125 0.3532953125 0.4394828125 0.35776718750000003 0.442303125 0.3683109375 0.44311249999999996 0.37933125 0.44860156250000005 0.41159999999999997 0.457271875 0.4183078125 0.4615 0.44626406249999995 0.46890937499999996 0.4703828125 0.4797375 0.502159375 0.504153125 0.52068125 0.52166875 0.53791875 0.54713125 0.5388703125000001 0.5564890625000001 0.5471640625 0.5763125 0.5512890625 0.6168609375 0.556078125 0.6228 0.5567124999999999 0.6290375 0.563578125 0.6348265625 0.5667515625 0.6660171874999999 0.5648328125 0.6677265625000001 0.564990625 0.6692859375 0.5673703125 0.692678125 0.5747125 0.7031453125 0.590046875 0.7098953125 0.5983546875 0.7092953125 0.605871875 0.7008984375 0.604934375 0.6711171874999999 0.6097390625 0.6566328125 0.6190140625 0.6449671875 0.6188546875000001 0.64340625 0.612465625 0.642296875
3 0.7543109375 0.47339843750000005 0.7677421875 0.4614328125 0.7749406249999999 0.4499171875 0.7864515625 0.43966093749999996 0.7984390625 0.43408281249999997 0.8574093749999999 0.4172625 0.8689203125 0.40700624999999996 0.8684453124999999 0.40232812500000004 0.8595015625 0.3966890625 0.8443265625 0.3914984375 0.83378125 0.3906890625 0.775128125 0.410628125 0.75819375 0.4087078125 0.73534375 0.41035625 0.708975 0.41854218750000005 0.63643125 0.4253453125 0.61741875 0.42357500000000003 0.6086343750000001 0.41949531249999994 0.6046375 0.42135468749999994 0.591540625 0.416015625 0.5746046875 0.41409531250000003 0.5616656250000001 0.41031562499999996 0.54201875 0.40230625 0.5107171875 0.3825703125 0.49026249999999993 0.3871875 0.486425 0.39060625 0.48690156250000005 0.395284375 0.51373125 0.41220156250000006 0.515809375 0.4120515625 0.5649968750000001 0.443065625 0.592303125 0.4646609375 0.6226390625 0.49546250000000003 0.629346875 0.4996921875 0.6336593749999999 0.5009515625 0.6793578124999999 0.49765625 0.7161140625 0.48872031250000003 0.7400875 0.477565625 0.7463203125 0.47711718750000004 0.7543109375 0.47339843750000005
2 0.6600343750000001 0.2665453125 0.6699453125 0.26111875 0.6812984375 0.24930312500000001 0.693934375 0.2295390625 0.6974703124999999 0.202578125 0.6839109375 0.1721359375 0.676728125 0.1632296875 0.6700203124999999 0.159 0.6530843749999999 0.1570796875 0.6356734375 0.15047968750000001 0.606434375 0.15101875 0.586296875 0.1587546875 0.568553125 0.169459375 0.5455296875 0.18997187499999998 0.534653125 0.2064671875 0.5298499999999999 0.22095156249999998 0.5300078125 0.2225109375 0.52840625 0.22733906250000002 0.53046875 0.2476140625 0.5352578125 0.2535515625 0.535734375 0.25823125 0.5475484374999999 0.2715171875 0.582528125 0.286275 0.595309375 0.2884953125 0.6223124999999999 0.286546875 0.6485234375 0.2768015625 0.6600343750000001 0.2665453125
5 0.2841359375 0.6235609375 0.3028453125 0.6017890625 0.3081265625 0.5919828125000001 0.3073328125 0.5841859375 0.2913640625 0.5711984375 0.28418125 0.5622906249999999 0.2837046875 0.5576125000000001 0.278915625 0.5516734375000001 0.2760609375 0.5236015625 0.26280468749999997 0.516703125 0.23740156250000002 0.513821875 0.2103984375 0.5157703125 0.192178125 0.5217968749999999 0.162115625 0.555384375 0.15123906250000002 0.5718796875 0.149796875 0.5782671875000001 0.14995468750000002 0.5798265625 0.1537765625 0.5968312499999999 0.16383125 0.6133875 0.1932140625 0.6348328125 0.21685625000000003 0.6409812500000001 0.231396875 0.6399328125 0.2336328125 0.6413421875 0.23555156249999998 0.6396328125 0.2521703125 0.638434375 0.274384375 0.6305484375 0.2841359375 0.6235609375
5 0.3672390625 0.5971453125 0.40239375 0.5930390625 0.4343609375 0.578165625 0.447790625 0.5662 0.45307031249999996 0.55639375 0.45755625 0.5387890625 0.4561296875 0.5247531249999999 0.44049375 0.4944609375 0.41829375 0.4819234375 0.396728125 0.47562499999999996 0.3463984375 0.4745421875 0.3098015625 0.4850359375 0.29813125 0.49373281249999995 0.2834171875 0.5136453125 0.2835765625 0.5152046875 0.2803734375 0.5248625 0.28243593749999996 0.5451359375 0.29312499999999997 0.5679296875000001 0.307015625 0.581065625 0.3135640625 0.5837359375 0.32203125 0.5846953125 0.3396015625 0.5928546875 0.3458328125 0.5924046875 0.3503046875 0.595225 0.3672390625 0.5971453125
0 0.455434375 0.600209375 0.44969374999999995 0.5849140625 0.442828125 0.579125 0.43052343750000005 0.581584375 0.402553125 0.5945984375 0.3673984375 0.5987046874999999 0.34407343749999997 0.5956734375 0.320271875 0.587965625 0.3161171875 0.5882640625 0.29580625 0.614865625 0.2959640625 0.616425 0.30105624999999997 0.64590625 0.30855625 0.6579328125 0.31989531250000003 0.666540625 0.3417765625 0.6759593749999999 0.3545578125 0.6781796875 0.3900296875 0.6771921875 0.42039375 0.667146875 0.4397390625 0.6516124999999999 0.45589531250000004 0.6253124999999999 0.455434375 0.600209375
0 0.39225625000000003 0.47280468750000004 0.3981703125 0.4692359375 0.403609375 0.46098906250000005 0.37965 0.4517203125 0.360478125 0.44839062500000004 0.35169375 0.44431093749999995 0.334759375 0.442390625 0.32389687500000003 0.43846093750000004 0.311275 0.4378 0.302490625 0.433721875 0.2810828125 0.42898125 0.274375 0.42475312499999995 0.270221875 0.42505156250000004 0.26654218749999997 0.4300296875 0.2667015625 0.43158906249999995 0.26494062500000004 0.434859375 0.2671765625 0.43626875 0.2682875 0.44718437499999997 0.2783421875 0.46374062499999996 0.2898375 0.47390781249999997 0.309484375 0.4819171875 0.3400078125 0.47343124999999997 0.364934375 0.471634375 0.3797921875 0.4737046875 0.39225625000000003 0.47280468750000004
0 0.571034375 0.7081234375000001 0.5704 0.7018859375 0.563375 0.6945375 0.560534375 0.6460421875 0.5514328125 0.63884375 0.5317859375 0.6308359375 0.50814375 0.6246859375 0.4892890625 0.624475 0.48737031249999996 0.626184375 0.46867656249999995 0.6275328124999999 0.45301093750000004 0.6380874999999999 0.44005625000000004 0.65473125 0.42454843750000004 0.666846875 0.41926874999999997 0.676653125 0.4215046875 0.6780640625000001 0.42516875 0.693509375 0.4342703125 0.7007078124999999 0.447859375 0.6903015625 0.4624 0.689253125 0.48572499999999996 0.6922828125 0.5116031249999999 0.6998421875 0.517834375 0.69939375 0.5524984374999999 0.71103125 0.5652781250000001 0.7132515625 0.571034375 0.7081234375000001
0 0.4739625 0.39150625 0.5121609375 0.3761828125 0.52543125 0.3626578125 0.5323125 0.34802187500000004 0.5350390625 0.3336875 0.53281875 0.311853125 0.5175 0.28468125 0.50808125 0.2743640625 0.49913749999999996 0.268725 0.479965625 0.26539531250000004 0.442259375 0.26497187499999997 0.43155625000000003 0.262603125 0.3983203125 0.265 0.3904875 0.27027812500000004 0.36281875 0.306834375 0.3594578125 0.31493125 0.3607265625 0.3274078125 0.3588078125 0.32911718749999996 0.3589671875 0.3306765625 0.36263125 0.346121875 0.36981406250000004 0.35502968749999997 0.3752375 0.36720625 0.389128125 0.38034375 0.41676718749999997 0.384634375 0.42715312499999997 0.383884375 0.4357796875 0.3864046875 0.4420109375 0.3859546875 0.46565312499999995 0.3921046875 0.4739625 0.39150625
5 0.8727578125000001 0.4035875 0.8810671875 0.40298749999999994 0.8927375 0.3942921875 0.907134375 0.371259375 0.9116203125 0.3536546875 0.910509375 0.3427390625 0.9082734374999999 0.341328125 0.907321875 0.33197187499999997 0.8975859375 0.318534375 0.8752265625 0.3044375 0.8557390625 0.2979890625 0.8141953125000001 0.3009859375 0.791821875 0.3073125 0.7704 0.3229953125 0.75696875 0.3349609375 0.7507234375 0.35583437500000004 0.7508812500000001 0.35739375 0.750390625 0.3731390625 0.7526265624999999 0.3745484375 0.7538953125 0.387025 0.77065625 0.407809375 0.778965625 0.407209375 0.8032578125000001 0.3991734375 0.81316875 0.393746875 0.837778125 0.3888296875 0.8593421875 0.3951296875 0.8727578125000001 0.4035875
5 1.0 0.3617484375 0.9822312500000001 0.36898437500000003 0.9688000000000001 0.38095 0.9689593750000001 0.38250937500000004 0.9576062500000001 0.394325 0.9933796875 0.41688125 1.0 0.42380625 1.0 0.3617484375
0 1.0 0.4898765625 0.9989171875 0.4918875 0.9837265625 0.5071218749999999 0.9680609375 0.517678125 0.943928125 0.5272734375 0.9022249999999999 0.5287109375 0.8739515625 0.51818125 0.8677203125 0.51863125 0.8664359375 0.526578125 0.8685140625000001 0.5264296875000001 0.8806453125000001 0.542834375 0.8838328125 0.5536015625 0.8950109375 0.56065 0.9014015625 0.5617609375 0.9037968749999999 0.5647296875000001 0.9167359375 0.568509375 0.9357484375 0.5702796875 0.9627515624999999 0.5683328125 0.9790515624999999 0.5640140625 0.99903125 0.5547187499999999 1.0 0.5538546875 1.0 0.4898765625
1 0.9543531249999999 0.6914734375 0.9671484375 0.6732703124999999 0.967321875 0.65440625 0.9591859375 0.636140625 0.9403484375 0.6155062499999999 0.920225 0.60281875 0.900578125 0.594809375 0.8505671875 0.596846875 0.8342656249999999 0.6011640625 0.8131625 0.6199671875 0.806121875 0.6330421875 0.805790625 0.650346875 0.8038718749999999 0.65205625 0.8040296874999999 0.653615625 0.8084859375000001 0.676859375 0.815828125 0.6873265625 0.8338734375 0.7001625 0.864225 0.7105421875 0.906403125 0.713784375 0.9083218750000001 0.712075 0.9147125 0.713184375 0.9249390625 0.7108749999999999 0.9350078125 0.7070078125 0.9543531249999999 0.6914734375
1 0.718703125 0.2261828125 0.7052875000000001 0.21772343749999998 0.7011328125 0.2180234375 0.6972953125 0.22144218750000003 0.6924921875 0.235928125 0.672021875 0.26096875 0.64868125 0.2783609375 0.64053125 0.2805203125 0.6326984375 0.2857984375 0.6328578125 0.2873578125 0.65345625 0.30472343749999997 0.666553125 0.3100625 0.6916390625 0.309825 0.703784375 0.30580625 0.715771875 0.3002296875 0.727284375 0.2899734375 0.7325640625000001 0.28016562500000003 0.735290625 0.26583125 0.7337046875000001 0.2502359375 0.718703125 0.2261828125
1 0.6543484375 0.395775 0.669696875 0.3821015625 0.6762609375 0.36434687499999996 0.674025 0.3629375 0.67594375 0.361228125 0.674515625 0.3471921875 0.6722796875 0.3457828125 0.6684578125 0.3287765625 0.6537734375 0.30784218750000003 0.6290203125 0.2907765625 0.5703828125 0.2902921875 0.5543984375 0.2977296875 0.5428875 0.3079859375 0.5393671875 0.3145234375 0.53919375 0.3333875 0.5347078125 0.3509921875 0.5239890625 0.3690453125 0.524146875 0.37060468750000003 0.525575 0.38464062499999996 0.5349953125 0.3949578125 0.5484093750000001 0.4034171875 0.5678984375 0.409865625 0.5720515625 0.40956562500000004 0.5765234375 0.4123859375 0.6078406249999999 0.4116984375 0.6282953124999999 0.40708124999999995 0.65019375 0.396075 0.6543484375 0.395775
1 0.7663671875 0.5919218749999999 0.7687765625 0.5744671875 0.760325 0.553084375 0.753140625 0.5441765625 0.746434375 0.5399468749999999 0.7414859375 0.5324484375 0.7234406250000001 0.5196125 0.7060296875 0.5130125 0.68478125 0.5098328125 0.6557000000000001 0.5119296875 0.6435546875 0.5159484375 0.6377984375 0.5210765625 0.64479375 0.569271875 0.642875 0.57098125 0.6425421874999999 0.5882859375 0.6359781250000001 0.6060390625000001 0.6361375 0.6075984375 0.6346953125 0.6139875 0.6458734374999999 0.6210359375000001 0.663284375 0.627634375 0.695078125 0.631625 0.71585 0.6301265625 0.7358296875 0.62083125 0.75101875 0.605596875 0.7570921875 0.6035874999999999 0.7628484375 0.598459375 0.7663671875 0.5919218749999999
1 0.7028515625 0.7080421875 0.6888015625 0.6933453125 0.6731499999999999 0.6834781249999999 0.660053125 0.6781390625 0.6386453125 0.6733984375000001 0.61371875 0.6751968749999999 0.60988125 0.6786156250000001 0.611309375 0.6926515625 0.608425 0.7054265625 0.5967546875 0.7141234375 0.5905218750000001 0.7145734375 0.581896875 0.712053125 0.579978125 0.7137625 0.5801359374999999 0.715321875 0.6068078125 0.7306796875 0.6175109375 0.7330484375 0.6417890625 0.7454375 0.6917859375 0.763825 0.6959390625 0.763525 0.6997765625000001 0.76010625 0.708259375 0.7406421875 0.7058796875 0.71725 0.70364375 0.715840625 0.7028515625 0.7080421875
1 0.8119609375 0.7315921875 0.8063796875 0.71785625 0.7944078125 0.7030093749999999 0.7915359375000001 0.6953625 0.787065625 0.6925421875 0.7626140625 0.69901875 0.7356109375 0.7009671875000001 0.7292203125000001 0.6998562500000001 0.7273015625 0.701565625 0.7229890625000001 0.70030625 0.7210703125 0.702015625 0.71675625 0.70075625 0.7026921875000001 0.7064828125 0.7097015625 0.7342546875 0.7053734375 0.75341875 0.7016953125 0.7583968750000001 0.7018546875 0.75995625 0.7023296875 0.764634375 0.7090375 0.7688640625 0.732521875 0.7734546875 0.7544046875 0.782871875 0.7711796875 0.7832328125 0.7814078125 0.780925 0.801228125 0.77006875 0.8068250000000001 0.76338125 0.8135484375 0.7471875 0.8119609375 0.7315921875
0 0.7904265625 0.6844453125000001 0.7971484375 0.66825 0.7984484375 0.6398796875 0.8032515625000001 0.62539375 0.7892015625 0.6106984375 0.7717906250000001 0.6040984375 0.7633234375 0.6031390625 0.7492593750000001 0.608865625 0.7300734375 0.625959375 0.72208125 0.6296781250000001 0.6973140625 0.6330359375 0.6677562499999999 0.6304546875 0.6612078125 0.627784375 0.6528984375 0.628384375 0.6493796875 0.6349218750000001 0.6495375 0.63648125 0.6519171874999999 0.6598734375 0.6570234375 0.66893125 0.679540625 0.6845875 0.692796875 0.6914875 0.7143625 0.6977859375000001 0.739446875 0.6975484375 0.7416828125 0.6989578125 0.760378125 0.6976093750000001 0.7746015625 0.6934421875 0.7904265625 0.6844453125000001
4 0.8278765625 0.600053125 0.831871875 0.5981953125 0.8472203125 0.5845203125 0.8571312499999999 0.5790921875 0.8686421875000001 0.5688359375 0.87408125 0.5605890625 0.8736046875 0.5559109375 0.8774421875 0.5524921875000001 0.87633125 0.541575 0.8646765625 0.5298484375 0.8491843749999999 0.5215390625 0.830821875 0.5055828124999999 0.8221953125000001 0.5030640625 0.7932734375 0.5067203124999999 0.76833125 0.5289421875 0.75905625 0.5406078125 0.7592140625 0.5421671875 0.7574546875 0.5454359375 0.769903125 0.5649609375 0.7742 0.58664375 0.7809078125 0.5908734375 0.7836203125 0.5969625 0.7879328125 0.598221875 0.78825 0.601340625 0.8051859374999999 0.6032609375 0.807103125 0.6015515625 0.8278765625 0.600053125
2 0.9094 0.33182187500000004 0.9133796875 0.3503859375 0.9092109374999999 0.37110937499999996 0.8984921874999999 0.3891640625 0.8872984374999999 0.4025390625 0.889375 0.4023890625 0.8976843750000001 0.40178906249999996 0.9179812500000001 0.39561250000000003 0.951215625 0.39321562499999996 0.9572890624999999 0.39120625000000003 0.9688000000000001 0.38095 0.9742390625 0.372703125 0.9707343749999999 0.3588171875 0.954290625 0.3411515625 0.928253125 0.3320328125 0.9094 0.33182187500000004
3 0.8348328125 0.4833 0.8287734375 0.46488593749999996 0.8334187500000001 0.448840625 0.842378125 0.43405625 0.8538890625000001 0.42380000000000007 0.8535718749999999 0.42068125 0.7946015625 0.43750156249999994 0.7806953125 0.44478906250000005 0.775415625 0.45459531249999996 0.76214375 0.46812031249999997 0.7623031250000001 0.46967968750000005 0.7587828125 0.47621718749999997 0.7595765625 0.48401562499999995 0.781934375 0.49811249999999996 0.7948734375 0.5018921875 0.823796875 0.498234375 0.832421875 0.5007546875 0.8386546875 0.5003046875 0.8426500000000001 0.4984453125 0.844409375 0.49517656250000003 0.8348328125 0.4833
