5 0.18125 0.3833328125 0.1734375 0.39375 0.165625 0.41041718749999995 0.1640625 0.43333281250000005 0.1625 0.43541718749999997 0.1625 0.45625 0.16875 0.48333281250000004 0.175 0.49791718749999997 0.190625 0.51875 0.2046875 0.5291671874999999 0.225 0.5354171875 0.234375 0.5354171875 0.26875 0.525 0.284375 0.50625 0.296875 0.48125 0.2953125 0.46666718749999997 0.2625 0.42291718749999996 0.2625 0.41041718749999995 0.2671875 0.39375 0.265625 0.3770828125 0.2578125 0.3708328125 0.2390625 0.3625 0.2375 0.3625 0.2109375 0.3645828125 0.18125 0.3833328125
5 0.715625 0.36875 0.6828125 0.36875 0.6609375 0.3770828125 0.6453125 0.3895828125 0.6296875 0.41041718749999995 0.61875 0.45 0.61875 0.45625 0.6140625 0.46041718749999994 0.6125 0.46666718749999997 0.61875 0.47291718749999995 0.6203125 0.4875 0.6234375 0.49375 0.6234375 0.5020828125000001 0.6296875 0.5229171874999999 0.6390625 0.5375 0.64375 0.5395828125000001 0.653125 0.5520828125 0.6640625 0.55625 0.6671875 0.5604171874999999 0.6734375 0.5625 0.7015625 0.5625 0.7234375 0.5541671874999999 0.7421875 0.5375 0.7546875 0.5208328125 0.775 0.4791671875 0.7765625 0.46875 0.775 0.46666718749999997 0.775 0.45 0.765625 0.4166671875 0.7546875 0.3958328125 0.7375 0.3791671875 0.7359375 0.3791671875 0.7328125 0.375 0.715625 0.36875
2 0.3125 0.3125 0.290625 0.33125 0.275 0.3520828125 0.26875 0.36875 0.26875 0.39375 0.2640625 0.41458281250000006 0.2640625 0.42083281250000004 0.2671875 0.42916718749999994 0.2765625 0.43958281250000003 0.28125 0.44166718749999995 0.296875 0.46458281250000005 0.3078125 0.46875 0.321875 0.4625 0.33125 0.45208281250000004 0.3453125 0.44375 0.3921875 0.425 0.3984375 0.42083281250000004 0.40625 0.40833281250000003 0.409375 0.3895828125 0.4078125 0.3875 0.4078125 0.36875 0.4046875 0.3604171875 0.4046875 0.3458328125 0.3828125 0.3166671875 0.35625 0.3041671875 0.3546875 0.3041671875 0.325 0.30625 0.3125 0.3125
2 0.2296875 0.5395828125000001 0.215625 0.55 0.20625 0.5625 0.2015625 0.5729171875 0.1984375 0.5916671874999999 0.1890625 0.6104171875 0.1890625 0.6208328125 0.19375 0.6354171875 0.209375 0.6541671874999999 0.2328125 0.6333328125000001 0.2359375 0.6333328125000001 0.246875 0.625 0.2734375 0.6270828125000001 0.28125 0.625 0.29375 0.6291671875 0.296875 0.6333328125000001 0.3140625 0.64375 0.3203125 0.64375 0.3234375 0.6395828125 0.328125 0.6291671875 0.3265625 0.6125 0.31875 0.5958328125000001 0.296875 0.5604171874999999 0.2953125 0.5354171875 0.2890625 0.5291671874999999 0.2875 0.5291671874999999 0.2671875 0.5291671874999999 0.2296875 0.5395828125000001
0 0.5578125 0.2354171875 0.5296875 0.25 0.5171875 0.2645828125 0.509375 0.2854171875 0.503125 0.3208328125 0.5046875 0.3541671875 0.5109375 0.375 0.525 0.3916671875 0.5328125 0.39375 0.54375 0.3875 0.5609375 0.3854171875 0.5625 0.3833328125 0.5796875 0.3875 0.5859375 0.3916671875 0.5921875 0.3916671875 0.5953125 0.3875 0.603125 0.3354171875 0.603125 0.3229171875 0.6109375 0.3 0.6125 0.2895828125 0.5984375 0.2604171875 0.5875 0.2479171875 0.5765625 0.2395828125 0.575 0.2395828125 0.56875 0.2354171875 0.5578125 0.2354171875
3 0.653125 0.28125 0.6515625 0.2833328125 0.6234375 0.2875 0.6125 0.2979171875 0.6046875 0.325 0.603125 0.3520828125 0.596875 0.39375 0.5984375 0.40208281250000005 0.596875 0.47291718749999995 0.5984375 0.475 0.5984375 0.4895828125 0.6046875 0.5270828125 0.63125 0.5291671874999999 0.63125 0.525 0.6203125 0.49791718749999997 0.6171875 0.4791671875 0.61875 0.44166718749999995 0.6234375 0.42291718749999996 0.63125 0.40625 0.65 0.3833328125 0.6734375 0.36875 0.6828125 0.3458328125 0.684375 0.3166671875 0.6796875 0.3020828125 0.678125 0.2895828125 0.6734375 0.2833328125 0.671875 0.2833328125 0.6703125 0.28125 0.653125 0.28125
3 0.609375 0.64375 0.5953125 0.64375 0.59375 0.6458328125 0.578125 0.6479171874999999 0.54375 0.6645828125000001 0.525 0.6791671874999999 0.521875 0.6791671874999999 0.503125 0.7 0.4984375 0.7020828125 0.446875 0.7666671875 0.446875 0.7708328125 0.4765625 0.7791671874999999 0.4890625 0.7875 0.5015625 0.8020828124999999 0.50625 0.8020828124999999 0.525 0.79375 0.5328125 0.79375 0.5375 0.7895828125000001 0.5578125 0.7833328125000001 0.5875 0.76875 0.65625 0.74375 0.659375 0.7395828125 0.6578125 0.7333328125 0.6578125 0.70625 0.659375 0.6958328125000001 0.6625 0.6875 0.6625 0.6791671874999999 0.66875 0.6708328125 0.66875 0.6625 0.671875 0.6520828125 0.6625 0.6458328125 0.6546875 0.6458328125 0.653125 0.64375 0.6515625 0.64375 0.6109375 0.6416671875 0.609375 0.64375
1 0.790625 0.46666718749999997 0.7703125 0.49375 0.753125 0.5333328125000001 0.746875 0.5625 0.746875 0.5770828125 0.7796875 0.5770828125 0.803125 0.5895828125 0.81875 0.6041671875 0.8515625 0.6479171874999999 0.85625 0.6583328125000001 0.8671875 0.6583328125000001 0.884375 0.64375 0.8953125 0.6270828125000001 0.90625 0.6020828125000001 0.9125 0.5708328125000001 0.9125 0.5520828125 0.9078125 0.5229171874999999 0.9046875 0.5145828125 0.8921875 0.49791718749999997 0.865625 0.48333281250000004 0.8625 0.4791671875 0.8390625 0.46458281250000005 0.834375 0.46458281250000005 0.8234375 0.4583328125 0.821875 0.4583328125 0.803125 0.46041718749999994 0.790625 0.46666718749999997
1 0.4296875 0.3645828125 0.4171875 0.36875 0.4125 0.3729171875 0.409375 0.40625 0.40625 0.4125 0.403125 0.42916718749999994 0.4078125 0.44166718749999995 0.421875 0.45416718749999996 0.43125 0.46666718749999997 0.446875 0.50625 0.453125 0.5166671875 0.4625 0.5229171874999999 0.4640625 0.5208328125 0.471875 0.5208328125 0.4828125 0.5145828125 0.484375 0.5 0.4828125 0.49375 0.4875 0.47291718749999995 0.5 0.45416718749999996 0.5203125 0.43958281250000003 0.5203125 0.42916718749999994 0.5125 0.4 0.496875 0.3729171875 0.4890625 0.3645828125 0.4734375 0.3541671875 0.4609375 0.35 0.459375 0.35 0.44375 0.3520828125 0.4296875 0.3645828125
1 0.5265625 0.40416718749999997 0.5203125 0.4125 0.521875 0.43541718749999997 0.528125 0.4375 0.5359375 0.43125 0.5453125 0.43125 0.546875 0.43333281250000005 0.5640625 0.43541718749999997 0.5734375 0.44166718749999995 0.5953125 0.47083281250000003 0.5953125 0.4166671875 0.596875 0.41458281250000006 0.596875 0.40416718749999997 0.59375 0.3979171875 0.5734375 0.3875 0.571875 0.3875 0.5453125 0.3895828125 0.5265625 0.40416718749999997
0 0.3359375 0.45416718749999996 0.3078125 0.4875 0.2984375 0.5104171875 0.296875 0.5458328125 0.2984375 0.5479171875 0.2984375 0.5604171874999999 0.3296875 0.6125 0.3375 0.6125 0.3484375 0.5875 0.359375 0.5729171875 0.36875 0.5645828125000001 0.3828125 0.55625 0.3953125 0.55625 0.396875 0.5541671874999999 0.4171875 0.5541671874999999 0.43125 0.5583328125 0.4375 0.5520828125 0.44375 0.5354171875 0.4421875 0.5041671875 0.4359375 0.48125 0.4296875 0.46666718749999997 0.4109375 0.44583281250000006 0.3921875 0.4375 0.390625 0.4375 0.3625 0.44166718749999995 0.3359375 0.45416718749999996
4 0.5078125 0.45 0.49375 0.46458281250000005 0.4859375 0.4875 0.4859375 0.5166671875 0.4875 0.5208328125 0.490625 0.525 0.49375 0.525 0.50625 0.5041671875 0.521875 0.49166718749999994 0.53125 0.49166718749999994 0.546875 0.48541718749999996 0.5546875 0.48541718749999996 0.56875 0.49375 0.5796875 0.5083328125000001 0.5890625 0.53125 0.5953125 0.5333328125000001 0.6 0.5229171874999999 0.6 0.5104171875 0.596875 0.5 0.5953125 0.47708281250000006 0.5921875 0.46875 0.571875 0.44166718749999995 0.5609375 0.43541718749999997 0.55 0.43541718749999997 0.540625 0.43125 0.5390625 0.43125 0.5109375 0.45 0.5078125 0.45
4 0.528125 0.49375 0.5203125 0.49375 0.5078125 0.5041671875 0.49375 0.53125 0.4875 0.55625 0.4859375 0.6041671875 0.490625 0.6145828125 0.496875 0.64375 0.5140625 0.6666671875 0.525 0.6729171875 0.5328125 0.6708328125 0.5359375 0.6666671875 0.5578125 0.6541671874999999 0.5796875 0.6458328125 0.5875 0.63125 0.5953125 0.5916671874999999 0.5953125 0.5645828125000001 0.590625 0.5479171875 0.5890625 0.5333328125000001 0.578125 0.5083328125000001 0.5671875 0.49375 0.5578125 0.4875 0.55625 0.4875 0.5453125 0.4875 0.528125 0.49375
5 0.4515625 0.5416671875 0.4375 0.55625 0.4390625 0.5625 0.4625 0.575 0.4796875 0.5958328125000001 0.4828125 0.5958328125000001 0.4859375 0.5541671874999999 0.490625 0.5416671875 0.4890625 0.53125 0.4875 0.53125 0.4671875 0.53125 0.4515625 0.5416671875
0 0.5921875 0.5375 0.5984375 0.5791671875 0.59375 0.6104171875 0.590625 0.61875 0.590625 0.6270828125000001 0.5875 0.6333328125000001 0.5875 0.6416671875 0.646875 0.6395828125 0.665625 0.6458328125 0.6734375 0.6458328125 0.6875 0.61875 0.6859375 0.6 0.671875 0.56875 0.65625 0.55625 0.653125 0.55625 0.6328125 0.5333328125000001 0.63125 0.5333328125000001 0.6015625 0.5333328125000001 0.5921875 0.5375
0 0.715625 0.5958328125000001 0.690625 0.61875 0.68125 0.6354171875 0.6734375 0.6520828125 0.671875 0.6625 0.6671875 0.6708328125 0.665625 0.6833328125 0.6625 0.6895828125000001 0.6609375 0.725 0.659375 0.7270828125000001 0.6609375 0.7291671875 0.6609375 0.7395828125 0.675 0.7375 0.690625 0.7291671875 0.703125 0.7270828125000001 0.7203125 0.71875 0.7375 0.7145828125 0.765625 0.7020828125 0.771875 0.7020828125 0.8046875 0.6875 0.853125 0.6708328125 0.8546875 0.6604171875 0.84375 0.6395828125 0.821875 0.6104171875 0.8046875 0.59375 0.784375 0.58125 0.7515625 0.5791671875 0.75 0.58125 0.7484375 0.5791671875 0.746875 0.58125 0.728125 0.5875 0.715625 0.5958328125000001
4 0.2265625 0.6395828125 0.209375 0.65625 0.20625 0.6645828125000001 0.203125 0.6875 0.1984375 0.6958328125000001 0.1984375 0.7145828125 0.2 0.7208328125000001 0.203125 0.7208328125000001 0.2140625 0.6979171875 0.225 0.68125 0.25625 0.6604171875 0.2625 0.6604171875 0.2703125 0.65625 0.284375 0.65625 0.309375 0.6645828125000001 0.3140625 0.6708328125 0.3171875 0.66875 0.31875 0.6458328125 0.3046875 0.6395828125 0.290625 0.6291671875 0.2734375 0.6270828125000001 0.2671875 0.6291671875 0.25625 0.625 0.2546875 0.625 0.246875 0.6270828125000001 0.2265625 0.6395828125
1 0.3625 0.5729171875 0.3484375 0.5916671874999999 0.340625 0.6083328125 0.3375 0.6229171874999999 0.3328125 0.6333328125000001 0.325 0.66875 0.3265625 0.6708328125 0.325 0.6729171875 0.325 0.6854171874999999 0.3265625 0.6875 0.3265625 0.7020828125 0.3296875 0.7125 0.334375 0.71875 0.34375 0.7229171875 0.35625 0.7354171875 0.378125 0.76875 0.396875 0.775 0.4109375 0.775 0.4171875 0.7708328125 0.43125 0.76875 0.44375 0.7625 0.475 0.7291671875 0.4875 0.70625 0.49375 0.6708328125 0.49375 0.65 0.490625 0.6291671875 0.484375 0.60625 0.4625 0.5770828125 0.4515625 0.5729171875 0.4375 0.5625 0.4234375 0.5583328125 0.421875 0.5583328125 0.3859375 0.5583328125 0.3625 0.5729171875
1 0.2546875 0.6625 0.228125 0.68125 0.2171875 0.6958328125000001 0.2109375 0.7083328125 0.1984375 0.7416671874999999 0.196875 0.7666671875 0.1984375 0.775 0.2359375 0.7333328125 0.259375 0.7166671874999999 0.28125 0.7104171874999999 0.2953125 0.7104171874999999 0.296875 0.7083328125 0.30625 0.7083328125 0.31875 0.7145828125 0.325 0.7125 0.31875 0.6770828125 0.3109375 0.6666671875 0.30625 0.6666671875 0.2984375 0.6604171875 0.290625 0.6583328125000001 0.2890625 0.6583328125000001 0.26875 0.6583328125000001 0.2546875 0.6625
4 0.4328125 0.7729171874999999 0.4234375 0.7729171874999999 0.40625 0.7833328125000001 0.4046875 0.7875 0.3984375 0.7916671875 0.3828125 0.8125 0.38125 0.8229171875000001 0.371875 0.84375 0.3734375 0.8520828125 0.3796875 0.8520828125 0.4 0.84375 0.4046875 0.8395828125 0.415625 0.8375 0.44375 0.825 0.45 0.825 0.4984375 0.8041671875 0.4890625 0.7895828125000001 0.478125 0.78125 0.4484375 0.7729171874999999 0.446875 0.7729171874999999 0.434375 0.7708328125 0.4328125 0.7729171874999999
2 0.2609375 0.7208328125000001 0.25625 0.7208328125000001 0.246875 0.7291671875 0.240625 0.73125 0.2171875 0.75625 0.1859375 0.7958328125 0.178125 0.8270828124999999 0.178125 0.8729171875 0.1796875 0.8791671875 0.1765625 0.8875 0.175 0.9020828125 0.178125 0.9145828125 0.1828125 0.9208328124999999 0.1953125 0.9208328124999999 0.221875 0.9104171875 0.234375 0.9083328125 0.2546875 0.8979171875 0.2609375 0.8979171875 0.2734375 0.8916671875000001 0.284375 0.8895828124999999 0.2953125 0.8833328125 0.3015625 0.8833328125 0.31875 0.875 0.3234375 0.875 0.3328125 0.86875 0.3625 0.8583328124999999 0.3671875 0.8520828125 0.3671875 0.8479171875 0.3796875 0.8166671875 0.3796875 0.7916671875 0.375 0.7708328125 0.3671875 0.7541671875 0.346875 0.7291671875 0.3234375 0.7145828125 0.315625 0.7145828125 0.3078125 0.7104171874999999 0.284375 0.7125 0.2828125 0.7145828125 0.28125 0.7125 0.2796875 0.7125 0.2640625 0.7166671874999999 0.2609375 0.7208328125000001
