3 0.346875 0.5395828125000001 0.3828125 0.5541671874999999 0.41875 0.5916671874999999 0.4515625 0.5854171874999999 0.4734375 0.56875 0.4796875 0.5520828125 0.48125 0.5125 0.471875 0.46666718749999997 0.4546875 0.4375 0.4453125 0.43541718749999997 0.4234375 0.48125 0.4171875 0.48333281250000004 0.396875 0.45 0.3609375 0.43125 0.33125 0.3791671875 0.296875 0.39375 0.29375 0.40833281250000003 0.3328125 0.4625 0.33125 0.49375 0.346875 0.5395828125000001
5 0.375 0.9083328125 0.4796875 0.9 0.48125 0.8395828125 0.471875 0.8 0.45 0.7645828125 0.425 0.7458328125 0.3953125 0.7375 0.365625 0.74375 0.3421875 0.7583328125000001 0.340625 0.7770828125 0.3671875 0.86875 0.3625 0.9 0.375 0.9083328125
5 0.5953125 0.5833328125 0.6015625 0.5729171875 0.6015625 0.5125 0.584375 0.48333281250000004 0.5703125 0.47291718749999995 0.55 0.46875 0.528125 0.475 0.5078125 0.49791718749999997 0.5 0.51875 0.4984375 0.5625 0.521875 0.6083328125 0.55625 0.5833328125 0.5953125 0.5833328125
0 0.45625 0.76875 0.4734375 0.7979171875 0.4984375 0.7895828125000001 0.5390625 0.79375 0.5515625 0.75625 0.5515625 0.725 0.5390625 0.6875 0.515625 0.6520828125 0.490625 0.6333328125000001 0.459375 0.6291671875 0.4328125 0.6395828125 0.3984375 0.7 0.3875 0.7354171875 0.4046875 0.7354171875 0.4359375 0.75 0.45625 0.76875
0 0.6359375 0.6604171875 0.65 0.6291671875 0.65 0.5895828125 0.6359375 0.5541671874999999 0.60625 0.5416671875 0.5984375 0.5833328125 0.6125 0.5916671874999999 0.628125 0.6145828125 0.6359375 0.6604171875
0 0.2953125 0.48541718749999996 0.2796875 0.45208281250000004 0.2546875 0.4270828125 0.24375 0.42083281250000004 0.2828125 0.5625 0.296875 0.5229171874999999 0.2953125 0.48541718749999996
0 0.378125 0.7375 0.378125 0.7208328125000001 0.365625 0.6958328125000001 0.3375 0.6645828125000001 0.3171875 0.6541671874999999 0.309375 0.6541671874999999 0.309375 0.6625 0.3375 0.7604171875 0.378125 0.7375
1 0.2953125 0.5354171875 0.284375 0.5625 0.2890625 0.5833328125 0.3125 0.5583328125 0.34375 0.5395828125000001 0.33125 0.49583281250000005 0.3328125 0.47083281250000003 0.3140625 0.43333281250000005 0.2890625 0.40208281250000005 0.26875 0.4 0.253125 0.40833281250000003 0.2453125 0.42083281250000004 0.28125 0.45208281250000004 0.2984375 0.49583281250000005 0.2953125 0.5354171875
1 0.3859375 0.7270828125000001 0.428125 0.6395828125 0.41875 0.5958328125000001 0.39375 0.5645828125000001 0.3671875 0.5479171875 0.3453125 0.54375 0.309375 0.5645828125000001 0.2890625 0.5833328125 0.30625 0.65 0.3453125 0.66875 0.3859375 0.7270828125000001
1 0.496875 0.525 0.51875 0.47708281250000006 0.49375 0.4479171875 0.4671875 0.44375 0.4828125 0.5125 0.48125 0.5583328125 0.496875 0.5625 0.496875 0.525
1 0.4953125 0.5666671875 0.4796875 0.5604171874999999 0.4578125 0.5854171874999999 0.4875 0.625 0.515625 0.6395828125 0.5171875 0.60625 0.4953125 0.5666671875
1 0.6515625 0.85625 0.6703125 0.8041671875 0.66875 0.7625 0.6515625 0.7208328125000001 0.63125 0.70625 0.5890625 0.7 0.5640625 0.7145828125 0.5546875 0.7354171875 0.5453125 0.79375 0.5796875 0.8479171875 0.6125 0.84375 0.6515625 0.85625
1 0.64375 0.85625 0.6140625 0.8458328125 0.5828125 0.85 0.590625 0.90625 0.675 0.9083328125 0.6640625 0.8791671875 0.64375 0.85625
2 0.784375 0.9104171875 0.76875 0.8416671875 0.75 0.8208328125 0.7015625 0.8125 0.6640625 0.8416671875 0.65625 0.8645828124999999 0.68125 0.9125 0.728125 0.91875 0.784375 0.9104171875
2 0.5796875 0.8520828125 0.5515625 0.80625 0.521875 0.7916671875 0.475 0.8020828124999999 0.484375 0.8520828125 0.48125 0.9 0.5875 0.9020828125 0.5796875 0.8520828125
4 0.615625 0.7 0.63125 0.6770828125 0.628125 0.61875 0.6046875 0.5895828125 0.5578125 0.5854171874999999 0.5328125 0.6020828125000001 0.5203125 0.6229171874999999 0.5203125 0.6541671874999999 0.55625 0.7104171874999999 0.5875 0.6979171875 0.615625 0.7
4 0.746875 0.7791671874999999 0.7234375 0.7333328125 0.7078125 0.725 0.66875 0.7333328125 0.675 0.8208328125 0.7015625 0.8104171875 0.746875 0.8125 0.746875 0.7791671874999999
4 0.45625 0.5895828125 0.4234375 0.59375 0.4296875 0.6395828125 0.4578125 0.6270828125000001 0.4875 0.63125 0.45625 0.5895828125
