3 0.64994375 0.5099437499999999 0.636859375 0.497046875 0.5491625 0.4750953125 0.5147046875 0.48121875000000003 0.45443125 0.5246421875 0.422503125 0.57683125 0.4139953125 0.643390625 0.415953125 0.66100625 0.42697031250000006 0.6736093750000001 0.43937187499999997 0.6753765625 0.46507812499999995 0.655396875 0.5247796874999999 0.5835234375 0.5704734375 0.555359375 0.6322875 0.5657421874999999 0.6437015625 0.5752484375 0.6747078125 0.5796671875 0.694103125 0.576125 0.7058234375 0.5667625000000001 0.7047453124999999 0.5587296875 0.662721875 0.541709375 0.64994375 0.5099437499999999
4 0.2638375 0.38558593750000003 0.2778234375 0.37496874999999996 0.28433125000000004 0.35698281249999997 0.26653906250000003 0.315046875 0.2123109375 0.29471250000000004 0.18139375 0.3060671875 0.173015625 0.3222109375 0.1795921875 0.35309375 0.21136875000000002 0.3844140625 0.235778125 0.39104375 0.2638375 0.38558593750000003
4 0.37374687500000003 0.4642875 0.4080078125 0.4597125 0.41983750000000003 0.433028125 0.398109375 0.3889546875 0.33875781250000003 0.3757703125 0.304496875 0.3803453125 0.290709375 0.3894140625 0.28173750000000003 0.4102015625 0.2834984375 0.42936406250000003 0.2961875 0.4453578125 0.320003125 0.45663125000000004 0.37374687500000003 0.4642875
4 0.5722953125 0.47523906250000003 0.5792890625 0.46993124999999997 0.5627734375 0.4344796875 0.5656515625 0.3954890625 0.49183125 0.3802421875 0.4759765625 0.389015625 0.4663015625 0.43176875 0.4815421875 0.46073281250000003 0.5025000000000001 0.477903125 0.5410921875 0.47236874999999995 0.5722953125 0.47523906250000003
2 0.2553453125 0.270896875 0.28595625 0.2784109375 0.30741874999999996 0.2751640625 0.361578125 0.24663125 0.34526093750000003 0.2096328125 0.34635937499999997 0.184571875 0.3270734375 0.170790625 0.2985296875 0.163571875 0.2584640625 0.16416875 0.232275 0.1714703125 0.20903125 0.188646875 0.20575625 0.230734375 0.2553453125 0.270896875
2 0.534640625 0.24291875 0.610925 0.2553625 0.6381046875 0.24032187500000002 0.6079109375 0.19661875 0.6043015625 0.1425171875 0.5726140625 0.1269703125 0.5284140625 0.126978125 0.49562656250000003 0.136490625 0.47346093749999996 0.1617015625 0.4699 0.1895640625 0.48287500000000005 0.2197828125 0.49802656250000005 0.23297343750000002 0.534640625 0.24291875
2 0.6424359374999999 0.23936406250000003 0.6214578125 0.2552875 0.593596875 0.2591984375 0.6347203125 0.29973125 0.645034375 0.3342984375 0.6702343749999999 0.3347375 0.6648468750000001 0.2945671875 0.6955875 0.2516640625 0.6424359374999999 0.23936406250000003
3 0.313890625 0.47152031250000004 0.3380125 0.463925 0.3138015625 0.455746875 0.313890625 0.47152031250000004
3 0.2872109375 0.31799218749999997 0.2958953125 0.2829796875 0.271575 0.2921234375 0.26979375 0.306053125 0.2939640625 0.38042031249999997 0.3327546875 0.37333906250000004 0.30746562499999996 0.3571265625 0.2910375 0.33744999999999997 0.2872109375 0.31799218749999997
0 0.2837015625 0.57596875 0.3065484375 0.5618875 0.2924953125 0.5236359375 0.30975625 0.47093125 0.264675 0.46135624999999997 0.245478125 0.46335 0.21642968749999997 0.4765484375 0.20638125000000002 0.4893015625 0.2025125 0.5360328125 0.2247453125 0.5596890625000001 0.2564328125 0.5752359375 0.2837015625 0.57596875
0 0.45701875000000003 0.323271875 0.474128125 0.35407968749999996 0.49842812500000006 0.3780296875 0.5245078125 0.38805 0.549115625 0.3931328125 0.5769765625 0.389221875 0.6417796874999999 0.3432921875 0.6408109375000001 0.31793593750000004 0.6237015625 0.2871296875 0.6068796875 0.270546875 0.573321875 0.25315781249999997 0.5299125 0.24697343749999998 0.5061859375 0.2514734375 0.46335 0.2737390625 0.45517031250000006 0.288334375 0.45701875000000003 0.323271875
0 0.7624421875 0.3872765625 0.792171875 0.38520781249999997 0.7865390624999999 0.264621875 0.774640625 0.2424390625 0.7085828125 0.2487875 0.6828765625 0.2687671875 0.6695734375 0.2905125 0.66660625 0.31373125 0.6741718750000001 0.3368734375 0.6982734374999999 0.3623734375 0.7316328125 0.3813109375 0.7624421875 0.3872765625
0 0.7948640625000001 0.64406875 0.8099265625 0.6414859374999999 0.7988828125 0.5138265625 0.7400156250000001 0.51331875 0.7175640624999999 0.5243046875 0.7025890625 0.5426609375 0.7101546875 0.5658046875 0.6984343749999999 0.5751671875000001 0.70166875 0.59926875 0.717896875 0.62049375 0.741515625 0.633315625 0.7948640625000001 0.64406875
0 0.5877390625000001 0.6508078125 0.6030203125 0.6135828125 0.58413125 0.5967078124999999 0.528715625 0.585659375 0.46960781249999994 0.6528906250000001 0.48110937500000006 0.6781703125 0.522540625 0.699834375 0.5634859375 0.7088203125 0.5968671875 0.6946625 0.5877390625000001 0.6508078125
5 0.308021875 0.5668249999999999 0.28104062500000004 0.58031875 0.2782703125 0.6019890625000001 0.2877046875 0.6269734375 0.312796875 0.644734375 0.3394703125 0.650109375 0.34028281250000003 0.6108234375 0.36225 0.5871609375 0.308021875 0.5668249999999999
5 0.3096671875 0.4551578125 0.2799578125 0.42413125 0.2802640625 0.40526249999999997 0.2933703125 0.3850640625 0.28835625 0.37489374999999997 0.2461140625 0.39251718750000003 0.2383296875 0.404015625 0.23762656249999997 0.42598125 0.26487343750000003 0.459809375 0.31015156250000003 0.4678359375 0.3096671875 0.4551578125
5 0.3088125 0.560634375 0.3380390625 0.5789828124999999 0.3667796875 0.584653125 0.398775 0.5813312500000001 0.4312765625 0.5575921875 0.4398515625 0.5399015625 0.43908125 0.5129984375000001 0.42718437500000006 0.4908140625 0.4062265625 0.47364375000000003 0.34214687499999996 0.4645140625 0.303246875 0.48891718749999996 0.2947609375 0.52238125 0.30192968750000004 0.5486203125 0.3088125 0.560634375
5 0.47433125 0.5006828125 0.5062375 0.4815875 0.483015625 0.4656703125 0.4657078125 0.4364125 0.47164375 0.389975 0.437384375 0.39455 0.42113281249999995 0.4064203125 0.42258593749999995 0.444453125 0.4111515625 0.468040625 0.4182328125 0.47850625 0.4497234375 0.4956015625 0.47433125 0.5006828125
5 0.45374375 0.36535937500000004 0.47243593749999996 0.3837828125 0.49429375000000003 0.37744062500000003 0.46497968749999996 0.34331875 0.451915625 0.297328125 0.44323125 0.332340625 0.45374375 0.36535937500000004
5 0.63909375 0.2325828125 0.6589734375 0.24172031249999998 0.693915625 0.24827343750000003 0.7364437500000001 0.2448765625 0.778290625 0.23035 0.7752078124999999 0.12273750000000001 0.7649828125 0.10394375 0.7219703125 0.09466250000000001 0.6707765625000001 0.099978125 0.628534375 0.1176 0.6139546874999999 0.1328609375 0.6050718749999999 0.1694203125 0.611846875 0.19875625 0.63909375 0.2325828125
1 0.79658125 0.729421875 0.81745 0.73081875 0.813071875 0.6498140625 0.7413171875 0.6348625 0.7559437499999999 0.701565625 0.772765625 0.7181484375 0.79658125 0.729421875
1 0.7083796875 0.7278875 0.72836875 0.719703125 0.7501375 0.6975875 0.7369859375 0.635821875 0.69801875 0.6113578125 0.6248781250000001 0.607240625 0.6044937499999999 0.618521875 0.5936546875000001 0.637465625 0.58980625 0.651103125 0.6015937499999999 0.6906078124999999 0.652171875 0.72303125 0.7083796875 0.7278875
1 0.4293234375 0.6881296875 0.45364375 0.6789859375 0.468025 0.6652734375 0.4648796875 0.6569453125 0.4371078125 0.6766296875 0.415359375 0.6656500000000001 0.41590625000000003 0.5790437500000001 0.36865000000000003 0.5864953125000001 0.33929375 0.6185640625 0.345078125 0.6556375 0.38798125 0.6822390625 0.4293234375 0.6881296875
1 0.6507359375 0.5037515625 0.6595765625000001 0.5333812499999999 0.6850640625 0.5480437499999999 0.6976640625 0.5482640625 0.7204234375 0.5184078125 0.720334375 0.502634375 0.712659375 0.49681406250000004 0.6507359375 0.5037515625
1 0.651771875 0.577975 0.6300234375 0.5669953125 0.5907484375000001 0.5614 0.6026453125 0.583584375 0.635609375 0.6056171875 0.6686828125 0.6103296874999999 0.6990078125 0.6036171875 0.6955765625 0.5810640625 0.651771875 0.577975
1 0.5678078125 0.41155625 0.5652359375 0.43167968749999996 0.574471875 0.45821249999999997 0.59916875 0.4790671875 0.6289875 0.492771875 0.6639296875 0.4993265625 0.7047875 0.4925390625 0.7298984374999999 0.4772046875 0.7407390625 0.458259375 0.7481484375 0.4167609375 0.739990625 0.3982625 0.72543125 0.3804265625 0.6721921875 0.352353125 0.6381296875 0.35537968750000004 0.60908125 0.368578125 0.5763828125 0.393865625 0.5678078125 0.41155625
1 0.73915625 0.47064218750000003 0.7454468750000001 0.4873 0.7607953125 0.49894375 0.7786078125 0.5077859375 0.8017421875 0.5079296875 0.7918640625 0.40407656249999996 0.7510953125000001 0.4266375 0.73915625 0.47064218750000003
1 0.3076625 0.3555796875 0.3329515625 0.371790625 0.380296875 0.38011249999999996 0.3974265625 0.37782499999999997 0.42460624999999996 0.362784375 0.439778125 0.34288124999999997 0.436853125 0.29990937500000003 0.42249218749999995 0.2805265625 0.385196875 0.259453125 0.3539921875 0.2565828125 0.3323328125 0.2613765625 0.2947078125 0.29226718749999997 0.29143281249999997 0.33435468749999997 0.3076625 0.3555796875
1 0.3571578125 0.2318171875 0.37565312500000003 0.2517890625 0.39946875 0.26306250000000003 0.42820937499999995 0.26873281250000003 0.45380624999999997 0.266075 0.4764546875 0.2535421875 0.4870984375 0.2361453125 0.4689109375 0.197303125 0.4679421875 0.1719484375 0.45072343750000005 0.1584625 0.4265125 0.150284375 0.3796515625 0.154640625 0.3510875 0.1805171875 0.3477234375 0.20683125000000002 0.3571578125 0.2318171875
1 0.24314062500000003 0.2675828125 0.22031406250000002 0.2485703125 0.2036890625 0.230440625 0.2016421875 0.1970515625 0.18706406250000002 0.2123109375 0.1868453125 0.24695312500000002 0.2242296875 0.2838015625 0.25937031250000003 0.2888078125 0.2838890625 0.27811718750000003 0.24314062500000003 0.2675828125
