2 0.40975625000000004 0.7937531250000001 0.418125 0.794884375 0.42225625000000006 0.79310625 0.4345484375 0.7830828125 0.4467359375 0.7683718749999999 0.44670156250000004 0.766809375 0.45461875 0.7476265625 0.45430624999999997 0.7335640625 0.43260468750000003 0.6955828125 0.41354218749999994 0.6824921875000001 0.40729218749999996 0.682815625 0.38274375 0.704425 0.37038125 0.7113234375 0.3352078125 0.7240968750000001 0.3629859375 0.7539421875000001 0.40975625000000004 0.7937531250000001
2 0.41347187500000004 0.585509375 0.41170156249999995 0.5996796875 0.42048593749999996 0.6195609375 0.4207296875 0.6304984375 0.42934062500000003 0.642565625 0.45673593749999997 0.6552234375 0.47562499999999996 0.6605015625 0.49652812500000004 0.662546875 0.51319375 0.6616828124999999 0.5505203125 0.6519250000000001 0.579375 0.63635 0.6080203125 0.6113999999999999 0.61805625 0.5936734375 0.6197921875 0.5779390624999999 0.621840625 0.57626875 0.62180625 0.57470625 0.6169796875 0.5452359375 0.606284375 0.5332749999999999 0.5851046875 0.51873125 0.55993125 0.5122140625 0.5411109374999999 0.5100625 0.507778125 0.5117906249999999 0.47677031249999996 0.5243484375 0.4603125 0.5345875 0.42548593749999997 0.5629859374999999 0.41347187500000004 0.585509375
2 0.7301734375 0.9460843750000001 0.717846875 0.9545453125 0.7117703125 0.9626812499999999 0.8471875000000001 0.955659375 0.84506875 0.9542046875000001 0.836596875 0.9483874999999999 0.821909375 0.94445625 0.8156593750000001 0.9447796875 0.80725625 0.9420875000000001 0.796840625 0.9426265624999999 0.7779515625 0.93735 0.7633687499999999 0.93810625 0.76131875 0.9397765625 0.7467359375 0.9405328125000001 0.7301734375 0.9460843750000001
3 0.7592015625 0.3751734375 0.7445140625 0.3712421875 0.7111453125 0.3714078125 0.68788125 0.356971875 0.6794796875 0.354278125 0.6732296875 0.354603125 0.6732640625 0.356165625 0.696596875 0.3737265625 0.709653125 0.398078125 0.7145828125 0.4322375 0.710659375 0.443390625 0.710971875 0.45745312499999996 0.713090625 0.4589078125 0.7203468749999999 0.503896875 0.72475625 0.51461875 0.72756875 0.547321875 0.729721875 0.5503390625 0.7508328125 0.5617593750000001 0.770034375 0.5811 0.7807984375 0.596184375 0.78743125 0.6130484375 0.79993125 0.6123999999999999 0.8102078125000001 0.605609375 0.8278812500000001 0.5562 0.827846875 0.5546375 0.8294796874999999 0.5342171875 0.831528125 0.532546875 0.829375 0.5295296875 0.8310765625000001 0.512234375 0.8289578125 0.5107796875 0.8285765625 0.4935921875 0.812778125 0.43966093749999996 0.7867703125000001 0.39564374999999996 0.771875 0.3823375 0.7592015625 0.3751734375
3 1.0 0.7412484375 0.9988546875000001 0.7413078125 0.9864578125 0.7466437499999999 0.9717359374999999 0.74115 0.9507984374999999 0.7375421875 0.9195140625 0.7376 0.91538125 0.739378125 0.911528125 0.7536578125 0.90149375 0.771384375 0.89125 0.7797375 0.8746875 0.7852890625 0.8644437500000001 0.7936421874999999 0.8688546875000001 0.8043640625 0.875278125 0.8118515625 0.879965625 0.8350734375 0.8656593750000001 0.8483296875 0.8556593749999999 0.8676203125 0.843403125 0.8792046875 0.8354171875 0.8952625 0.823159375 0.9068484375000001 0.7942359375 0.9192984375 0.7880203125 0.9211843749999999 0.7588546875 0.922696875 0.7504859374999999 0.921565625 0.7463890625 0.9249078125000001 0.74461875 0.939078125 0.7467359375 0.9405328125000001 0.767465625 0.9347640625 0.7757984375 0.9343328124999999 0.7989234374999999 0.94251875 0.80305625 0.9407406249999999 0.8386453125 0.9467171875 0.8471187499999999 0.9525343749999999 0.8778124999999999 0.9259140625000001 0.87961875 0.91330625 0.8876734374999999 0.900375 0.8935765625000001 0.884425 0.9076734375 0.86179375 0.9076046874999999 0.85866875 0.91975625 0.8423953125000001 0.9361453125000001 0.8290312500000001 0.9464937499999999 0.8253671875 0.9546875 0.8186843749999999 0.9712500000000001 0.8131328124999999 0.99180625 0.799553125 0.9978468749999999 0.7898531249999999 0.9996875 0.7788078125 1.0 0.77830625 1.0 0.7412484375
5 1.0 0.5501859375 0.9901734375 0.5383984374999999 0.9753125 0.5266546875 0.9626734375 0.521053125 0.9438187499999999 0.5173375 0.931284375 0.5164234375000001 0.9292359375 0.51809375 0.9084031250000001 0.5191749999999999 0.8814234375 0.5252656250000001 0.8690625000000001 0.5321640624999999 0.8607640625 0.534159375 0.8360765625000001 0.5495171875 0.8320140625000001 0.554421875 0.8301390625 0.5639046875 0.822153125 0.5799609375 0.820590625 0.60350625 0.8249656249999999 0.612665625 0.8313546875 0.6185921875 0.860971875 0.6373921874999999 0.890346875 0.6452546875 0.911215625 0.6457375 0.915346875 0.6439578125 0.917465625 0.6454125000000001 0.9464937499999999 0.63765 0.975346875 0.6220749999999999 0.9978468749999999 0.6021375 1.0 0.5969218749999999 1.0 0.5501859375
5 0.6361109375 0.6553093750000001 0.6364578125 0.6709343750000001 0.6286453125 0.694803125 0.6287843750000001 0.7010531249999999 0.6226390625 0.7060640625 0.62069375 0.7124234375 0.616596875 0.7157640625 0.6167015625000001 0.7204515625 0.6105562499999999 0.7254625 0.6025343750000001 0.7399578124999999 0.623784375 0.7576265624999999 0.6490625 0.7688312500000001 0.6617703125000001 0.7775578125 0.711284375 0.753090625 0.7382640625 0.7469984375000001 0.7507640624999999 0.74635 0.7589578125 0.73966875 0.7589234375 0.73810625 0.7567703125 0.7350890625 0.75381875 0.696134375 0.749409375 0.6854125 0.738715625 0.673453125 0.7175687500000001 0.6604703125 0.7007640625 0.655084375 0.6945140624999999 0.655409375 0.6735421875000001 0.6502390625000001 0.650625 0.651428125 0.6361109375 0.6553093750000001
5 0.23618125 0.585315625 0.221875 0.598571875 0.2117359375 0.6116125 0.211840625 0.6163000000000001 0.2204515625 0.62836875 0.330971875 0.7211875 0.34552031250000004 0.7188703125 0.3620828125 0.7133171875000001 0.380625 0.7029703125 0.3970140625 0.68960625 0.4132640625 0.6699921875 0.41920156249999996 0.6556062500000001 0.41895781249999997 0.64466875 0.42100625 0.6429984375 0.42097187500000005 0.6414359375 0.409653125 0.6013499999999999 0.39680624999999997 0.5863734375 0.3798609375 0.5747375 0.360903125 0.5663343750000001 0.3253125 0.560359375 0.3023609375 0.559984375 0.3003125 0.5616546875 0.2898953125 0.5621953125 0.2526390625 0.5750765624999999 0.23618125 0.585315625
5 1.0 0.8519328125 0.984409375 0.842171875 0.9528812500000001 0.8312921875000001 0.9424312499999999 0.8302703125 0.9403812500000001 0.831940625 0.9341671874999999 0.8338265625 0.9239234375 0.8421796875 0.913784375 0.8552203125 0.9017015625000001 0.87461875 0.8997921874999999 0.8825390625 0.89368125 0.8891125000000001 0.8898265625 0.9033906249999999 0.8817359375 0.9147609375 0.8798609374999999 0.9242437499999999 0.8882296875 0.9253750000000001 0.89649375 0.9218171875 0.9256593750000001 0.9203046875 0.9361109375 0.9213265625 0.9655203125 0.9307515625 0.9676734375 0.9337687499999999 0.9803124999999999 0.939371875 0.9867703125 0.948421875 1.0 0.9477359375000001 1.0 0.8519328125
0 0.7385765625 0.667203125 0.7579171875 0.69279375 0.7620484375000001 0.6910140625000001 0.7619796875 0.6878890625 0.772153125 0.6764125 0.8009718749999999 0.6592749999999999 0.8216671874999999 0.65194375 0.8551046875000001 0.6549031249999999 0.8761109375 0.6616359375 0.8760765625 0.6600734375 0.875971875 0.6553859375 0.8694796874999999 0.644771875 0.846284375 0.6334609375 0.827221875 0.6203703125 0.8104515625 0.6165468749999999 0.78961875 0.6176265625 0.773471875 0.6419296875 0.76118125 0.6519515625000001 0.73850625 0.664078125 0.7385765625 0.667203125
0 0.8666671875 0.518209375 0.8374656249999999 0.518159375 0.83336875 0.5215 0.8339578124999999 0.5480625 0.8360421875 0.5479546875 0.8545484374999999 0.5360453125 0.8772921874999999 0.5270453125000001 0.8792703124999999 0.52225 0.8771875 0.5223578125 0.8666671875 0.518209375
0 0.575590625 0.37217968749999997 0.565346875 0.3805328125 0.555278125 0.396696875 0.5475 0.4221296875 0.547778125 0.43462968750000003 0.55444375 0.45305625000000005 0.5736453125 0.47239531250000005 0.5904515625 0.47778124999999994 0.6092703125 0.479934375 0.6550687500000001 0.4759953125 0.6840625 0.46667031249999996 0.7045140625 0.448403125 0.712465625 0.43078281250000006 0.7124312500000001 0.42922031250000003 0.71 0.41370312499999995 0.70788125 0.41224999999999995 0.7076046875 0.39975 0.69663125 0.3752890625 0.6669796875 0.3549265625 0.654409375 0.35245000000000004 0.641909375 0.35309843750000003 0.6315625 0.3567625 0.5982984375 0.3616171875 0.575590625 0.37217968749999997
0 0.30201406249999996 0.544359375 0.3002078125 0.5569671875 0.312778125 0.55944375 0.33781249999999996 0.5597109375 0.36506875 0.56611875 0.3777078125 0.5717203125 0.4094796875 0.5935374999999999 0.41531250000000003 0.5744640624999999 0.42746562499999996 0.558190625 0.474653125 0.5228937499999999 0.47461875 0.52133125 0.4723265625 0.5120640625 0.463715625 0.499996875 0.4488890625 0.4898140625 0.43624999999999997 0.48421250000000005 0.4236453125 0.48017343749999997 0.39854218750000003 0.47678281250000004 0.37361093749999996 0.48120312500000006 0.3467703125 0.49354531250000006 0.3201734375 0.516825 0.30201406249999996 0.544359375
0 0.4944796875 0.6642171875 0.4923609375 0.6627625 0.48194375 0.663303125 0.45677031250000005 0.6567859375 0.45253437500000004 0.6538765625 0.446284375 0.6542015625000001 0.44017343750000004 0.660775 0.44041718750000003 0.6717125 0.43656249999999996 0.6859921875 0.44336875 0.7106671875 0.45204843749999996 0.7258609375 0.49229218750000003 0.7534953125 0.5048953125 0.757534375 0.5715625 0.754078125 0.5839234375 0.7471796875 0.6023609375000001 0.7321453124999999 0.6104515625 0.7207749999999999 0.618403125 0.7031562499999999 0.626528125 0.6933484375 0.6304171875 0.6806328125000001 0.63038125 0.6790703125 0.63194375 0.655525 0.6339937499999999 0.6538546875 0.6317015625 0.6445875 0.62086875 0.6263765625 0.608159375 0.61765 0.60399375 0.6178671875 0.5773609375000001 0.6395828125 0.5629515625 0.6481515625000001 0.527778125 0.6609265625 0.4944796875 0.6642171875
1 0.46368124999999993 0.498434375 0.4765625 0.5149734375 0.47666718750000003 0.5196609375000001 0.4870828125 0.5191203125 0.49944375 0.512221875 0.5098265625 0.5101203125 0.52211875 0.500096875 0.5304171875 0.49810156250000004 0.54069375 0.4913125 0.5406593749999999 0.48975 0.5342015625000001 0.48069843749999996 0.5236109375 0.4734265625 0.5088890625 0.46793281249999996 0.49423593749999994 0.4655625 0.45881875 0.46740000000000004 0.4402078125 0.47462187499999997 0.4340625 0.47963281249999995 0.43413124999999997 0.48275781249999994 0.453090625 0.4911609375 0.46368124999999993 0.498434375
1 0.6605203125 0.5335921875 0.6628812500000001 0.545984375 0.6608328125 0.5476546875 0.6610421875 0.5570296875 0.6672921875 0.5567046875 0.6734718749999999 0.55325625 0.6962843750000001 0.5473796875 0.7067015624999999 0.546840625 0.7147218750000001 0.5323453125000001 0.7146874999999999 0.5307828125 0.7163546875 0.511925 0.7142359375 0.5104703125000001 0.714028125 0.5010953125000001 0.692778125 0.48342656249999993 0.6717703125 0.47669375 0.603090625 0.48338281250000004 0.59899375 0.486725 0.620034375 0.49501875 0.64975625 0.51850625 0.6605203125 0.5335921875
1 0.546909375 0.48942500000000005 0.52006875 0.5017671874999999 0.5139234375 0.5067781250000001 0.51399375 0.509903125 0.5181250000000001 0.5081249999999999 0.5285765625 0.509146875 0.530625 0.5074765625000001 0.5327437500000001 0.5089312500000001 0.549409375 0.5080671875 0.572465625 0.5131281249999999 0.5913890625 0.51996875 0.6147921875 0.54065625 0.62131875 0.55283125 0.6238187500000001 0.5714734375 0.6217703125 0.5731437500000001 0.6220484374999999 0.58564375 0.6120828125 0.606496875 0.612221875 0.612746875 0.6246875000000001 0.6105359375 0.6390625 0.6004046875 0.6511812499999999 0.58256875 0.6590625 0.561825 0.6590281250000001 0.5602625 0.66055625 0.5351546875000001 0.6583328125000001 0.5290125 0.6519796875 0.5246484375 0.651909375 0.5215234375 0.6433687499999999 0.51258125 0.6242359375000001 0.496365625 0.59899375 0.486725 0.5843406250000001 0.48435625 0.56350625 0.48543593749999997 0.546909375 0.48942500000000005
1 1.0 0.6897796875 0.9807296875 0.676546875 0.9596875 0.6682515625 0.9492015625000001 0.6656671875 0.9200687500000001 0.6687421875 0.905625 0.6757484375 0.8995484375 0.683884375 0.9016671875 0.6853390625 0.9042015625 0.70554375 0.915278125 0.734690625 0.9549312499999999 0.7357640625 0.975903125 0.7409343749999999 0.9884375000000001 0.7418484375000001 1.0 0.7373609375 1.0 0.6897796875
1 1.0 0.6019171875 0.9959031250000001 0.6084953125 0.977465625 0.6235296875 0.9547921875000001 0.63565625 0.946596875 0.6423375 0.9447921875 0.6549453125 0.9617703125 0.66814375 0.9870140624999999 0.6777859375 1.0 0.686703125 1.0 0.6019171875
1 0.68038125 0.7703359375 0.66194375 0.7853703125 0.6539578125000001 0.8014281249999999 0.6541671874999999 0.810803125 0.6501390625 0.81726875 0.6503125 0.82508125 0.64631875 0.833109375 0.6467359375 0.8518593750000001 0.6488546875 0.8533140625 0.646875 0.8581093750000001 0.6555203125 0.8717406249999999 0.6852078125000001 0.893665625 0.6980203125 0.9070796874999999 0.7441671875 0.918765625 0.79211875 0.91784375 0.81899375 0.9070640624999999 0.8271875 0.90038125 0.8332984375000001 0.8938078125000001 0.8412843750000001 0.87775 0.8535765625 0.867728125 0.86149375 0.8485453125 0.873784375 0.838521875 0.87375 0.836959375 0.8757984375 0.8352890625 0.87555625 0.8243515625000001 0.8623609374999999 0.79375 0.8305203125 0.7688078125 0.80100625 0.7546953125 0.7905203125 0.7521109375 0.7654171875 0.74871875 0.7320828125000001 0.750446875 0.70305625 0.7582093750000001 0.68038125 0.7703359375
1 0.5389578125 0.8824765625 0.5267359375 0.8956250000000001 0.526875 0.9018750000000001 0.53118125 0.907909375 0.55663125 0.926925 0.5651734375 0.93586875 0.6117703125 0.9678671874999999 0.6951046875 0.9635453125 0.7030203125 0.9443640625 0.7029859375 0.9428015625 0.7026046874999999 0.9256140625 0.6853125 0.8983531250000001 0.6767703125 0.889409375 0.6492359375000001 0.8705015625 0.64086875 0.869371875 0.63663125 0.8664624999999999 0.6156937499999999 0.8628546874999999 0.5761453125 0.8664703125000001 0.5471874999999999 0.8773578125 0.5389578125 0.8824765625
4 0.42038125 0.8025890625000001 0.45875000000000005 0.8397062500000001 0.460971875 0.8458484374999999 0.471528125 0.8515593750000001 0.473715625 0.8561375 0.49927031250000004 0.8798421875000001 0.503471875 0.8811875 0.5076046875 0.879409375 0.52399375 0.8660453125 0.53194375 0.8484265625 0.531909375 0.8468640625000001 0.53131875 0.8203015625000001 0.52913125 0.815721875 0.5142015625 0.800853125 0.4972921875 0.7907796874999999 0.47631875 0.785609375 0.457534375 0.78501875 0.44305625 0.7904625000000001 0.43680624999999995 0.7907875 0.42444375 0.7976859375 0.42038125 0.8025890625000001
4 0.533125 0.8076921875 0.5355203125 0.8216468750000001 0.53975625 0.82455625 0.53993125 0.83236875 0.5484375 0.8397500000000001 0.5507296875 0.849015625 0.5613187500000001 0.8562890624999999 0.5843406250000001 0.8597875 0.588471875 0.858009375 0.60930625 0.8569296874999999 0.62819375 0.8622062500000001 0.63649375 0.8602124999999999 0.6426046875 0.8536374999999999 0.6422218749999999 0.8364499999999999 0.6500343749999999 0.81258125 0.649653125 0.79539375 0.6517015625 0.7937234375 0.6495828125 0.7922687500000001 0.6471875 0.7783140625 0.6132640625 0.7534796874999999 0.5965281250000001 0.7512187499999999 0.57788125 0.756878125 0.5695140624999999 0.7557484375 0.5508328125 0.7598453125 0.53038125 0.7781140625 0.528403125 0.782909375 0.5288546875 0.803221875 0.533125 0.8076921875
4 0.6673265625 0.5582671875 0.661215625 0.5648421875 0.6554171875 0.5854781250000001 0.649340625 0.593615625 0.64555625 0.61101875 0.64774375 0.6155984375 0.654096875 0.6199609374999999 0.6564578125 0.6323531250000001 0.66069375 0.6352625 0.66506875 0.644421875 0.6755203125 0.64544375 0.688159375 0.6510453125 0.694409375 0.650721875 0.7175 0.6573453125000001 0.7507640624999999 0.6524921875 0.7652078125 0.6454859374999999 0.7774656249999999 0.6339 0.77743125 0.6323375 0.7813890625 0.622746875 0.7854859375000001 0.61940625 0.7853125000000001 0.61159375 0.776528125 0.5917125000000001 0.77006875 0.5826625 0.74663125 0.5604125 0.740278125 0.55605 0.723471875 0.5506640625 0.6921875 0.550721875 0.6673265625 0.5582671875
4 0.7907296875000001 0.6676265625 0.776284375 0.6746328125 0.7660765625 0.6845484374999999 0.7580203125 0.6974812499999999 0.771528125 0.7421453125 0.7779171875 0.7480703125 0.80305625 0.7530249999999999 0.8389234374999999 0.7715 0.8601390625 0.7876078125 0.8663890625 0.787284375 0.8891312499999999 0.7782828125 0.899375 0.76993125 0.9073953124999999 0.7554359374999999 0.9090624999999999 0.7365781250000001 0.9111109374999999 0.7349078125 0.9089937499999999 0.733453125 0.9087500000000001 0.722515625 0.8977078125 0.69493125 0.897534375 0.68711875 0.8867359374999999 0.6704703125 0.8698265624999999 0.660396875 0.844653125 0.65388125 0.8154515625000001 0.65383125 0.803090625 0.6607296875 0.7989234374999999 0.6609453125 0.7907296875000001 0.6676265625
