2 0.6271 0.208259375 0.6189265625 0.2059359375 0.6146421875 0.207109375 0.60139375 0.2152984375 0.5877484374999999 0.22815625 0.587615625 0.2297125 0.5777265625 0.24762187500000002 0.5765374999999999 0.261628125 0.593996875 0.30245 0.61149375 0.3181796875 0.617721875 0.31875468749999997 0.6443515625 0.3008203125 0.6573359375 0.29574531249999997 0.6935546875 0.28810625 0.6692078125 0.2544921875 0.6271 0.208259375
2 0.601228125 0.4144765625 0.6044921875 0.4006625 0.5979046875 0.3796640625 0.5988296875 0.36877031250000003 0.5915812500000001 0.3555546875 0.56578125 0.3390578125 0.547625 0.331109375 0.5271281250000001 0.32608281250000004 0.51051875 0.32455 0.47248906249999995 0.328884375 0.44223437499999996 0.34020937500000004 0.41118750000000004 0.360871875 0.39935468749999997 0.377034375 0.3959578125 0.3924046875 0.3937484375 0.3937703125 0.39361718749999997 0.3953265625 0.395259375 0.425278125 0.4045828125 0.4386859375 0.4240234375 0.45616406249999997 0.4482765625 0.46624375 0.46669687499999996 0.47107968749999996 0.49991562500000003 0.47414375 0.5319812500000001 0.46612187499999996 0.5493828125 0.45831718749999995 0.586921875 0.435115625 0.601228125 0.4144765625
3 0.23619531249999998 0.573725 0.25033125 0.5797343749999999 0.2834171875 0.5843546875000001 0.30493281250000004 0.6020234375 0.3129734375 0.605903125 0.3192015625 0.6064765624999999 0.319334375 0.6049203125 0.2980828125 0.5841390625 0.2877390625 0.5580890625 0.2864921875 0.5234687499999999 0.29156875000000004 0.5129578125 0.2927578125 0.4989515625 0.2908140625 0.49720312499999997 0.288415625 0.451496875 0.2851890625 0.4402203125 0.2858859375 0.407346875 0.28407499999999997 0.4040421875 0.2643703125 0.389678125 0.24740156249999998 0.36772187500000003 0.23834218749999997 0.3512015625 0.2335671875 0.333509375 0.2211109375 0.332359375 0.2102015625 0.3376265625 0.18742187500000002 0.3841484375 0.187290625 0.3857046875 0.183496875 0.40574374999999996 0.18128906250000001 0.407109375 0.18309999999999998 0.41041249999999996 0.179571875 0.427340625 0.181515625 0.4290890625 0.1800625 0.44620781249999997 0.18997187499999998 0.5020171875 0.21105468749999998 0.549446875 0.22439843750000002 0.56479375 0.23619531249999998 0.573725
3 0.15729375 0.048856250000000004 0.1409109375 0.069303125 0.140646875 0.072415625 0.1268703125 0.0868296875 0.10920468750000001 0.0977484375 0.098559375 0.09990312500000001 0.0897265625 0.1053625 0.072721875 0.10849843749999999 0.050904687500000004 0.1190328125 0.0438828125 0.127796875 0.0408828125 0.1384984375 0.0362015625 0.144340625 0.0350125 0.158346875 0.0304640625 0.1626328125 0.0242359375 0.162059375 0.01955625 0.1679015625 0.018762499999999998 0.17723906250000002 0.020839062499999998 0.17742968750000002 0.0270671875 0.1780046875 0.031484374999999995 0.17527500000000001 0.037712499999999996 0.17585 0.050565625 0.1723296875 0.0645703125 0.1798953125 0.08493437499999999 0.1864796875 0.11594374999999998 0.1909078125 0.12022812499999999 0.189734375 0.12556875 0.1761109375 0.13740312500000001 0.15994999999999998 0.14844375 0.1531265625 0.1654484375 0.1499890625 0.17648906250000002 0.14316562500000002 0.1732625 0.13188906250000001 0.16769375 0.1235328125 0.1655234375 0.09980625 0.1811125 0.088696875 0.193078125 0.070978125 0.20645937499999997 0.061234374999999994 0.21608437500000002 0.0464375 0.229465625 0.0366921875 0.25945625 0.0284796875 0.2658171875 0.0274984375 0.29488125 0.030178125 0.30305468750000003 0.0325015625 0.3074703125 0.029771874999999996 0.3107359375 0.015956249999999998 0.30879218750000004 0.014209375 0.287634375 0.0169625 0.2793296875 0.016196875 0.2592265625 0.0057609374999999996 0.254025 0.0056453125 0.2530015625 0.005925 0.251978125 0.0056 0.186078125 0.004134375 0.1773359375 0.009925 0.174203125 0.022184375 0.1648421875 0.033868749999999996 0.15729375 0.048856250000000004
5 0.1440515625 0.40210625 0.1524875 0.40131562499999995 0.1785890625 0.3896078125 0.1831375 0.385321875 0.18600624999999998 0.37617500000000004 0.19563124999999998 0.361378125 0.19968906250000001 0.3382265625 0.1963296875 0.3285046875 0.1906296875 0.32170624999999997 0.16328125 0.29879375 0.1350078125 0.286775 0.11437968750000001 0.283303125 0.1100953125 0.2844765625 0.10815156249999999 0.282728125 0.07855625000000001 0.286271875 0.048303125 0.297596875 0.02388125 0.314165625 0.01151875 0.336553125 0.0113859375 0.338109375 0.0117453125 0.3585328125 0.02469375 0.3785484375 0.03816875 0.3923390625 0.0500984375 0.3997125 0.06838593750000001 0.40610468749999995 0.0807109375 0.4088109375 0.08291875 0.4074453125 0.1036796875 0.40936093749999997 0.13106562500000002 0.40718125 0.1440515625 0.40210625
5 0.388028125 0.31325156249999997 0.38935 0.2976875 0.3996359375 0.2751109375 0.40016406250000003 0.268884375 0.4067890625 0.264790625 0.40939218750000006 0.25875781249999996 0.41380937500000003 0.256028125 0.4142046875 0.251359375 0.42082968750000005 0.2472640625 0.43032343749999996 0.23402343750000001 0.411146875 0.213434375 0.387290625 0.19868593750000002 0.37562656250000004 0.1881984375 0.32395 0.205390625 0.296565625 0.2075703125 0.2841078125 0.2064203125 0.275275 0.21187968750000002 0.27514375 0.21343593749999998 0.27695625 0.216740625 0.27572968750000004 0.2558375 0.27895781249999996 0.267115625 0.28828125 0.2805234375 0.307853125 0.29644375 0.323934375 0.30420156249999997 0.3301625 0.30477656249999996 0.3503953125 0.312915625 0.37323125 0.3150234375 0.388028125 0.31325156249999997
5 0.7769046875 0.44009375000000006 0.79249375 0.4289828125 0.80393125 0.417490625 0.8043265625 0.412821875 0.7970796874999999 0.39960625 0.6974437499999999 0.2916015625 0.682778125 0.2918171875 0.6657734375000001 0.2949546875 0.6462953125 0.30256875 0.6286296874999999 0.31348750000000003 0.6104359374999999 0.3306296875 0.60301875 0.3440625 0.6020953125 0.35495625 0.5998859375000001 0.35632031249999996 0.5997546875 0.3578765625 0.6067 0.399296875 0.6178359375 0.41600937499999996 0.6333890625 0.4299921875 0.65128125 0.441053125 0.6859140625 0.45208906249999997 0.7086187500000001 0.45575312500000004 0.710828125 0.4543875 0.7212078125 0.4553453125 0.759503125 0.44789843749999997 0.7769046875 0.44009375000000006
5 0.092859375 0.093103125 0.1031078125 0.0956171875 0.105315625 0.0942515625 0.11167656249999999 0.0932703125 0.1227171875 0.086446875 0.13415468749999998 0.07495468749999999 0.148196875 0.057428125 0.15093281249999999 0.0498375 0.1576890625 0.044187500000000005 0.16303125000000002 0.0305640625 0.172259375 0.0204359375 0.175128125 0.011290625 0.16695625 0.0089671875 0.1583875 0.0113140625 0.129321875 0.0086328125 0.11907343749999999 0.00611875 0.1115265625 0.0024781250000000003 0.0337421875 0.00075 0.029990625 0.0449546875 0.039314062500000004 0.0583625 0.062775 0.0777796875 0.092859375 0.093103125
0 0.287753125 0.2867484375 0.27131249999999996 0.2585671875 0.267028125 0.259740625 0.2667640625 0.262853125 0.255459375 0.272790625 0.2250734375 0.285671875 0.203784375 0.28998124999999997 0.1709625 0.2822484375 0.1508625 0.2725515625 0.1507296875 0.2741078125 0.1503328125 0.2787765625 0.1556375 0.2902453125 0.1774171875 0.304803125 0.1949140625 0.3205328125 0.2111265625 0.3267328125 0.23188749999999997 0.3286484375 0.250478125 0.3068359375 0.2637265625 0.2986484375 0.2874890625 0.28986093749999997 0.287753125 0.2867484375
0 0.1449375 0.41630312500000005 0.173871875 0.420540625 0.1782875 0.4178109375 0.1805328125 0.3913546875 0.17845781249999998 0.3911640625 0.1588484375 0.400334375 0.13535 0.40600781250000006 0.132878125 0.4104859375 0.134953125 0.41067656250000006 0.1449375 0.41630312500000005
0 0.41783593750000003 0.603028125 0.4288765625 0.5962046875 0.44057812500000004 0.5815984375000001 0.4509953125 0.5574640625 0.45205312500000006 0.5450140625000001 0.447409375 0.5257640625 0.4304421875 0.503809375 0.41436093749999997 0.496053125 0.395940625 0.491215625 0.350134375 0.488559375 0.3204078125 0.493659375 0.29819375 0.5088640625 0.28843593749999996 0.525215625 0.2883046875 0.5267734374999999 0.289059375 0.5425265625 0.291003125 0.5442750000000001 0.289946875 0.5567249999999999 0.2982140625 0.5825828125 0.3254296875 0.6070515624999999 0.3376234375 0.6113125 0.35007968749999996 0.6124625 0.360725 0.6103078125 0.39420625 0.6102593749999999 0.41783593750000003 0.603028125
0 0.7072984375 0.471315625 0.71043125 0.45905625 0.6982390625 0.45479531250000005 0.6734578124999999 0.450940625 0.6471281249999999 0.4406703125 0.6352 0.43329531250000003 0.606040625 0.40707812499999996 0.5982265625000001 0.4251796875 0.58445 0.43959374999999995 0.533925 0.4678703125 0.53379375 0.4694265625 0.5350765625 0.47895625 0.5423250000000001 0.49217187500000004 0.5559328125 0.50440625 0.5678609375 0.5117796875 0.5799218749999999 0.5175984375 0.6044375 0.5245656249999999 0.629615625 0.5237499999999999 0.6575296875000001 0.515346875 0.68636875 0.4960484375 0.7072984375 0.471315625
0 0.5293359375 0.3247171875 0.5312796875 0.326465625 0.5416609375 0.32742187500000003 0.5659140625 0.3375015625 0.5698015625 0.34099843750000003 0.5760296874999999 0.34157187499999997 0.5827859375 0.33592187500000004 0.5837109375 0.325028125 0.5890515625 0.3114046875 0.5849375 0.28592968750000003 0.577953125 0.2696 0.5410171874999999 0.2363921875 0.52895625 0.23057500000000003 0.462521875 0.224446875 0.4495359375 0.2295234375 0.42966249999999995 0.24180625 0.42043437499999997 0.2519328125 0.41067656250000006 0.2682859375 0.40157968750000006 0.27685781249999997 0.3963703125 0.288925 0.39623906249999996 0.29048124999999997 0.39218125000000004 0.313634375 0.3899734375 0.3149984375 0.39125624999999997 0.324528125 0.4000515625 0.3441609375 0.411715625 0.354646875 0.41586875 0.35502968749999997 0.44457500000000005 0.3372890625 0.45976718749999995 0.3308484375 0.4959859375 0.323209375 0.5293359375 0.3247171875
1 0.5421921875 0.49372812499999996 0.5311890625 0.47545937499999996 0.531584375 0.47079062499999996 0.5212046875 0.469834375 0.5082187499999999 0.474909375 0.49770624999999996 0.47550781249999996 0.4844578125 0.48369687499999997 0.47602031250000004 0.4844875 0.46511250000000004 0.48975468749999995 0.46497968749999996 0.49131093750000004 0.47041562499999995 0.5012234375 0.48013593749999994 0.5099625 0.494140625 0.517528125 0.508409375 0.52198125 0.5437031250000001 0.5252359375 0.562915625 0.520734375 0.5695406249999999 0.516640625 0.5698046875 0.513528125 0.5519125 0.5024671875 0.5421921875 0.49372812499999996
1 0.35086875 0.43059375 0.34985 0.41795312500000004 0.3520578125 0.4165875 0.35285 0.40725 0.34662187499999997 0.406675 0.3401296875 0.4092140625 0.31689531249999997 0.41177656249999994 0.30651562499999996 0.41081874999999995 0.297021875 0.424059375 0.29689062499999996 0.425615625 0.2932296875 0.4440984375 0.2951734375 0.445846875 0.2943796875 0.455184375 0.31355625 0.47577499999999995 0.3336578125 0.48547031250000006 0.4024328125 0.488678125 0.4068484375 0.4859484375 0.38688125 0.4746953125 0.35992812500000004 0.4471140625 0.35086875 0.43059375
1 0.4587515625 0.49073593750000005 0.486665625 0.4823328125 0.49329062500000004 0.4782375 0.4935546875 0.47512499999999996 0.48927031249999997 0.4762984375 0.47902187500000004 0.473784375 0.4768140625 0.47515 0.47486875 0.4734015625 0.45826093749999997 0.4718703125 0.4359515625 0.4635375 0.417928125 0.45403281250000005 0.3969390625 0.4301390625 0.3917671875 0.41711406249999994 0.3912765625 0.398246875 0.393484375 0.3968828125 0.39454218750000003 0.3844328125 0.40663906250000004 0.3651578125 0.40716718749999997 0.35893281250000003 0.394578125 0.359340625 0.379253125 0.3673375 0.36534374999999997 0.3833078125 0.355321875 0.40277343749999994 0.355190625 0.40432968750000003 0.3510015625 0.4290375 0.3525484375 0.43545468749999994 0.35838125 0.44069843750000004 0.3581171875 0.4438109375 0.365628125 0.4539140625 0.3828609375 0.47275625000000004 0.4068484375 0.4859484375 0.4211171875 0.49040156250000005 0.441878125 0.49231718750000003 0.4587515625 0.49073593750000005
1 0.11983124999999999 0.194403125 0.08065 0.187653125 0.060417187500000004 0.17951250000000002 0.0480921875 0.1768078125 0.0288796875 0.181309375 0.0264078125 0.1857859375 0.028218749999999997 0.189090625 0.026010937499999998 0.1904546875 0.025878125000000002 0.1920109375 0.0293328125 0.2252671875 0.0487734375 0.2427453125 0.0687421875 0.2539984375 0.0788578125 0.2580671875 0.10805625 0.2591921875 0.1231171875 0.2543078125 0.13000625 0.2471015625 0.1280625 0.245353125 0.127703125 0.22493124999999997 0.11983124999999999 0.194403125
1 0.0701203125 0.2870625 0.078953125 0.281603125 0.0820859375 0.2693453125 0.06666562499999999 0.25380625 0.042678125 0.2406140625 0.027125 0.22663281249999997 0.0168765625 0.22411875 0.01466875 0.2254828125 0.0041015625 0.349984375 0.0061781250000000005 0.3501765625 0.0083859375 0.34881093750000003 0.01244375 0.325659375 0.026484374999999998 0.3081328125 0.046359375 0.29585 0.0701203125 0.2870625
1 0.3564125 0.1927 0.3762875 0.1804171875 0.3859125 0.1656203125 0.38670468750000003 0.1562828125 0.3913859375 0.150440625 0.39204531249999997 0.142659375 0.3968578125 0.13526093749999998 0.39844375 0.11658593749999999 0.39649999999999996 0.1148390625 0.39897187500000003 0.1103609375 0.39185625 0.0955890625 0.364771875 0.0695640625 0.35350468749999997 0.0544078125 0.30901875 0.0361875 0.26139999999999997 0.030226562499999998 0.23361875 0.037075000000000004 0.2247859375 0.042534375 0.21802812500000002 0.048184375 0.20840312499999997 0.06298125 0.1951546875 0.0711703125 0.185265625 0.0890796875 0.172015625 0.09726718749999999 0.171884375 0.0988234375 0.169675 0.1001890625 0.1687515625 0.1110828125 0.178565625 0.1433578125 0.20746250000000002 0.1726859375 0.23520625 0.1909296875 0.24532343750000002 0.195 0.269840625 0.20196718749999998 0.30305781249999997 0.20503125 0.3326515625 0.20148749999999999 0.3564125 0.1927
1 0.36516875 0.0648953125 0.37267968749999997 0.0749984375 0.39795156249999997 0.09771875 0.406125 0.1000421875 0.4100125 0.10353749999999999 0.430378125 0.110121875 0.46995624999999996 0.112203125 0.49981406249999993 0.105546875 0.5085140625 0.10164375 0.5220281250000001 0.09034375 0.5225562499999999 0.08411874999999999 0.5189328125 0.077509375 0.4957359375 0.0549796875 0.4882234375 0.0448765625 0.44941718750000004 0.0099875 0.35734374999999996 0.007940625 0.352521875 0.016675000000000002 0.3523890625 0.018231249999999997 0.3509375 0.03535 0.36516875 0.0648953125
4 0.6175109375 0.1979640625 0.58344375 0.155609375 0.5818953125 0.14919374999999999 0.57204375 0.1420109375 0.5703640625 0.13715 0.5475640625 0.1099515625 0.54354375 0.1080125 0.539259375 0.10918593750000001 0.52159375 0.120103125 0.5118359375 0.13645625 0.5117046875 0.1380125 0.5094593749999999 0.1644703125 0.5111390625000001 0.1693296875 0.5243515624999999 0.18623281249999998 0.5400343750000001 0.198659375 0.5602671875 0.2068 0.5788203125 0.2100796875 0.59375 0.20675156249999999 0.599978125 0.20732499999999998 0.6129625 0.20224999999999999 0.6175109375 0.1979640625
4 0.5063265625 0.17672812499999999 0.5054390625 0.16252968750000002 0.5015515625 0.159034375 0.5022109375 0.15125312500000002 0.49456718750000006 0.14270624999999998 0.493284375 0.1331765625 0.4835640625 0.1244375 0.46112343750000007 0.1176625 0.4568390625 0.11883593750000002 0.436078125 0.11692031249999998 0.4179203125 0.10897187500000001 0.409484375 0.10976250000000001 0.402728125 0.1154125 0.40127499999999994 0.13253125 0.3909890625 0.155109375 0.3895359375 0.1722296875 0.38732812499999997 0.17359375 0.389271875 0.1753421875 0.390159375 0.18953906250000002 0.42113125 0.21906093750000002 0.4374765625 0.2237046875 0.4565578125 0.220759375 0.46472968750000004 0.22308124999999998 0.48367812499999996 0.22169218750000003 0.5058921875 0.2064890625 0.5083656249999999 0.2020125 0.5100828125 0.1817796875 0.5063265625 0.17672812499999999
4 0.346753125 0.40511875 0.3535109375 0.39946875 0.36145625 0.3798125 0.3683453125 0.37260468750000003 0.37395 0.35586875 0.3722703125 0.35100937499999996 0.3664375 0.34576562499999997 0.36541875 0.3331234375 0.36153124999999997 0.329628125 0.35817031250000003 0.3199078125 0.347921875 0.31739375000000003 0.33599375 0.31001875 0.329765625 0.30944531249999996 0.3075890625 0.29955625 0.2741078125 0.2996046875 0.259046875 0.304490625 0.245665625 0.314234375 0.24553281249999998 0.315790625 0.2405875 0.3247453125 0.236171875 0.327475 0.23551093750000002 0.33525625 0.2420984375 0.3562546875 0.247534375 0.366165625 0.268390625 0.39161718749999996 0.274221875 0.3968609375 0.290303125 0.4046171875 0.3213125 0.40904687500000003 0.346753125 0.40511875
4 0.2361140625 0.2788484375 0.25117500000000004 0.2739625 0.2623484375 0.26558281250000004 0.27170937500000003 0.2538984375 0.2630828125 0.20761875000000002 0.2573828125 0.20081875 0.2329984375 0.1922953125 0.199421875 0.16880781250000002 0.1801140625 0.1497734375 0.1738859375 0.1492 0.1503875 0.1548734375 0.139346875 0.1616984375 0.12985312499999999 0.1749390625 0.1261921875 0.19342187500000002 0.123984375 0.1947875 0.125928125 0.19653437499999998 0.125003125 0.207428125 0.13300625 0.23639843749999997 0.132346875 0.24417968750000002 0.14127343750000002 0.26225624999999997 0.15695781250000002 0.2746828125 0.1812109375 0.2847625 0.21014375 0.28900000000000003 0.2231296875 0.28392343750000004 0.22728125000000002 0.28430625 0.2361140625 0.2788484375
