3 0.5385015625 0.2388609375 0.507609375 0.2700578125 0.531665625 0.28064374999999997 0.54520625 0.2912046875 0.5688203125 0.32067812500000004 0.5793015625 0.344234375 0.586959375 0.40741875 0.591928125 0.41609999999999997 0.596078125 0.415490625 0.6097890625 0.40406875 0.632346875 0.3976203125 0.6402390625 0.39175781249999997 0.6505124999999999 0.3651546875 0.6621484375 0.3540359375 0.6609234374999999 0.34009999999999996 0.6628625 0.338246875 0.6627265625 0.3366984375 0.66095625 0.3165671875 0.6535031250000001 0.3035453125 0.652959375 0.2973515625 0.6381921875 0.2728546875 0.60573125 0.23840625000000001 0.5725578125 0.219746875 0.5447609375 0.214415625 0.5414265625 0.22431562500000002 0.5421078125000001 0.2320578125 0.5385015625 0.2388609375
3 0.5712453125 0.46775781250000004 0.565971875 0.4795109375 0.5665171875 0.4857046875 0.5629109375 0.4925078125 0.5623328125 0.5098453125 0.5589999999999999 0.5197453125 0.5600890625 0.5321328125 0.55815 0.5339859375 0.562475 0.6070703125 0.564821875 0.6098625 0.5628828125 0.611715625 0.5678515625 0.620396875 0.5963296875 0.633471875 0.61221875 0.6468234374999999 0.6193984375 0.65675 0.6251828125000001 0.674721875 0.632090625 0.6815515624999999 0.6406640625 0.6834296875 0.6510421875 0.6819078125 0.6585265625 0.6713984375 0.6632546875 0.6534515625 0.65916875 0.606996875 0.6564125 0.599559375 0.6583515625 0.59770625 0.6536562499999999 0.5921203125 0.6555953125 0.5902671875000001 0.6539609375000001 0.5716859375000001 0.6559 0.5698328125 0.6542984374999999 0.52771875 0.6579046875000001 0.520915625 0.6628015625 0.4809859375 0.6854250000000001 0.427475 0.6846078125 0.41818437499999994 0.6778359375 0.412903125 0.67286875 0.404221875 0.688959375 0.37205937499999997 0.6888234375 0.3705109375 0.6839921875 0.363378125 0.67528125 0.3599515625 0.6546640625 0.3645453125 0.6442546874999999 0.3896 0.6366343750000001 0.3985609375 0.6120015624999999 0.40531249999999996 0.5962156249999999 0.41703906249999995 0.5765171875 0.4560046875 0.5708359375 0.4631125 0.5712453125 0.46775781250000004
3 0.4587265625 0.4074140625 0.44334843749999997 0.4237875 0.44389375 0.42998125 0.4509359375 0.438359375 0.4538296875 0.4473453125 0.4518890625 0.44919843750000005 0.45284375 0.4600375 0.4457671875 0.4751921875 0.45305 0.5101984374999999 0.4499890625 0.5231953125000001 0.44624687500000004 0.5284500000000001 0.4449875 0.5380453125 0.4473359375 0.5408375000000001 0.48397968750000003 0.5511453125 0.521984375 0.5769375 0.5294703125 0.5664281250000001 0.55335 0.5033218749999999 0.5543359375 0.49062968749999997 0.55780625 0.482278125 0.55658125 0.468340625 0.5585203125 0.46648750000000005 0.5563078124999999 0.46524374999999996 0.55521875 0.45285624999999996 0.5452828125 0.43549218749999996 0.5277265625 0.4270890625 0.49785312499999995 0.4220625 0.49343125 0.41957500000000003 0.4922046875 0.4056390625 0.4789359375 0.398175 0.47063437500000005 0.39939375 0.46481562500000007 0.404953125 0.4587265625 0.4074140625
5 0.6659390625 0.6122765625000001 0.673015625 0.597121875 0.687984375 0.576103125 0.690909375 0.5615578125 0.6907734375000001 0.560009375 0.6895484374999999 0.5460734375 0.6845796875 0.5373921875 0.6684187500000001 0.5209421875 0.6619203125 0.5187578125 0.65998125 0.5206109375 0.658553125 0.5521906249999999 0.6566140625 0.5540437500000001 0.6613796875 0.608240625 0.6638640625 0.6125812500000001 0.6659390625 0.6122765625000001
1 0.4363921875 0.1534625 0.4264234375 0.15963125 0.4221375 0.1586921875 0.404003125 0.16762656250000002 0.40039687500000004 0.1744296875 0.3963828125 0.1765875 0.3966546875 0.179684375 0.39277656250000004 0.183390625 0.39056406250000003 0.18214687499999999 0.384746875 0.18770625000000002 0.3755953125 0.20316562500000002 0.3737921875 0.2065671875 0.37501875 0.22050312500000002 0.37722968749999997 0.221746875 0.379 0.24187656249999998 0.3832875 0.24281718749999998 0.41649375 0.23794374999999998 0.44609375 0.2398734375 0.4700125 0.24891093749999998 0.48784218749999997 0.2604109375 0.49253749999999996 0.265996875 0.49903593749999997 0.2681796875 0.5052625 0.267265625 0.5131546874999999 0.2614015625 0.5344859375000001 0.24101875 0.539759375 0.22926562499999997 0.5389421875 0.21997499999999998 0.542140625 0.20852656249999998 0.5420046875 0.206978125 0.538703125 0.1933453125 0.531659375 0.18496875 0.5237984375 0.1673 0.49310937499999996 0.1529828125 0.47388593749999997 0.1495296875 0.463509375 0.151053125 0.46129687500000005 0.1498078125 0.45520781250000003 0.1522703125 0.45299531249999997 0.1510265625 0.4363921875 0.1534625
1 0.5152687499999999 0.3332421875 0.5408546875 0.3373296875 0.5474890625 0.3410609375 0.551503125 0.33890312499999997 0.556640625 0.3256015625 0.5565046875 0.324053125 0.5555515625 0.3132140625 0.5479625 0.2986421875 0.5295890625 0.2809484375 0.5099578124999999 0.27285 0.5035953125 0.27221562499999996 0.501928125 0.27716562499999997 0.5095171875 0.2917375 0.5116953125 0.31651250000000003 0.508634375 0.329509375 0.5152687499999999 0.3332421875
1 0.4279 0.3915484375 0.421946875 0.395559375 0.4332765625 0.404875 0.43616875000000005 0.4138625 0.44072812499999997 0.4178984375 0.4469546875 0.416984375 0.46842187500000004 0.39815 0.4788 0.3966265625 0.4919328125 0.40254218750000004 0.49979375 0.42020937500000005 0.523303125 0.42460156250000003 0.5450109375000001 0.4323953125 0.5570546875 0.4259234375 0.5706296875 0.4129515625 0.57756875 0.3962484375 0.5774328125 0.3947 0.575390625 0.3714734375 0.5702859375 0.3612421875 0.5586828125000001 0.3488296875 0.5365671875 0.3363890625 0.51098125 0.3323015625 0.501421875 0.343115625 0.49240625 0.36012343750000003 0.47481718749999996 0.375253125 0.45266875000000006 0.3863453125 0.4279 0.3915484375
1 0.369440625 0.252690625 0.361275 0.2554578125 0.355015625 0.27990312500000003 0.343925 0.297215625 0.3266078125 0.31544062500000003 0.30694374999999996 0.330875 0.3069109375 0.35440625 0.3142265625 0.36588125 0.336615625 0.3814171875 0.3494765625 0.384234375 0.3620640625 0.38395625 0.385575 0.38834843750000003 0.40245 0.389009375 0.4132359375 0.39213125 0.4422921875 0.38786718750000004 0.4586234375 0.382334375 0.47468125 0.37370312499999997 0.49033125 0.360428125 0.5048921875 0.3347640625 0.5093468750000001 0.3137203125 0.5092109375 0.312171875 0.5049578125 0.28769999999999996 0.5002609375 0.282115625 0.49723281249999995 0.27158125 0.474571875 0.2529484375 0.44415468750000003 0.24172656250000002 0.4187046875 0.23918750000000003 0.391725 0.243146875 0.3897859375 0.24500000000000002 0.3773328125 0.24682656249999999 0.369440625 0.252690625
1 0.390721875 0.5663984375 0.4337671875 0.649484375 0.44635468749999996 0.64920625 0.45037031250000004 0.6470484375 0.4778953125 0.6492828125 0.48868124999999996 0.6524046875 0.49698281250000004 0.6511875 0.5142984375 0.6329609375 0.5262390625 0.6014078125 0.526103125 0.5998593750000001 0.5226656249999999 0.5846796875 0.5154859375 0.574753125 0.48204062499999994 0.5529984375 0.4560453125 0.5442640625 0.4476078125 0.543934375 0.44318437499999996 0.541446875 0.41426562499999997 0.547259375 0.39405625 0.5564984374999999 0.390178125 0.5602046875 0.390721875 0.5663984375
0 0.5271921875000001 0.6122468750000001 0.5183140625 0.630803125 0.49919375 0.65243125 0.51950625 0.6682718750000001 0.5273671875 0.685940625 0.5284234375 0.721859375 0.526484375 0.7237125 0.5257703125 0.7395015625 0.5170281250000001 0.75960625 0.5175734375000001 0.7658 0.5363875 0.7646078125 0.5470375 0.7661828125000001 0.5657156249999999 0.763440625 0.5737453125 0.7591265625 0.587728125 0.7508 0.6071203125 0.7322703125000001 0.614740625 0.723309375 0.623484375 0.7032046875 0.623346875 0.70165625 0.62324375 0.6765749999999999 0.612628125 0.6514703125 0.5966015625 0.63656875 0.58554375 0.6303484375 0.570471875 0.6262859375 0.5551265625 0.619128125 0.55458125 0.612934375 0.5505671875 0.615090625 0.5396453125 0.6104203125 0.5271921875000001 0.6122468750000001
2 0.45224374999999994 0.692259375 0.4754171875 0.7406171875 0.4759609375 0.7468109375 0.49072812499999996 0.7713078125 0.49113749999999995 0.775953125 0.4976359375 0.7781374999999999 0.5132859375 0.7648609375000001 0.5220281250000001 0.74475625 0.5263484375 0.7221640625 0.5262125 0.720615625 0.5252921875000001 0.68624375 0.5230796875 0.6849999999999999 0.5222625 0.6757093750000001 0.512871875 0.664540625 0.4972546875 0.654284375 0.46530625 0.6495609375 0.4361140625 0.6522765625 0.4367953125 0.66001875 0.4516984375 0.6860640625000001 0.45224374999999994 0.692259375
0 0.32096562500000003 0.3946921875 0.3220546875 0.40708124999999995 0.331990625 0.42444375 0.340259375 0.4467578125 0.3474390625 0.45668437500000003 0.3559796875 0.48209375000000004 0.36067499999999997 0.4876796875 0.36135625 0.495421875 0.3660515625 0.50100625 0.3698984375 0.52083125 0.37459375 0.5264171875 0.3891203125 0.5242843749999999 0.3909234375 0.5208828125 0.40310468750000006 0.515959375 0.416815625 0.5045359375 0.4307984375 0.4962109375 0.43855468750000004 0.4887984375 0.4453578125 0.470546875 0.445221875 0.4689984375 0.45022343749999993 0.45414843749999995 0.44927031250000005 0.443309375 0.4397421875 0.43059062499999995 0.4292625 0.40703281249999995 0.42456562499999995 0.40144843750000003 0.41350781249999996 0.395228125 0.38571093749999996 0.389896875 0.3436578125 0.38979375 0.3229046875 0.392840625 0.32096562500000003 0.3946921875
0 0.36508281249999996 0.20313906249999997 0.34436093749999996 0.182653125 0.3334390625 0.1779828125 0.312140625 0.17483437500000001 0.2724359375 0.1775234375 0.270359375 0.177828125 0.3053375 0.1930859375 0.3117 0.1937203125 0.329528125 0.2052203125 0.3433421875 0.21887812499999998 0.35644375 0.248325 0.36307812500000003 0.25205625 0.3691671875 0.24959375 0.37498593750000003 0.24403437499999997 0.3756984375 0.2282453125 0.36508281249999996 0.20313906249999997
5 0.22208125 0.1786390625 0.2228984375 0.1879296875 0.2902046875 0.3317625 0.30058125 0.330240625 0.31055 0.324071875 0.3360328125 0.30307968750000003 0.350865625 0.2805125 0.35586562499999996 0.2656625 0.3557296875 0.26411406249999997 0.35423125 0.24708125 0.34940000000000004 0.239946875 0.346234375 0.2278640625 0.325240625 0.20428125000000003 0.29012812499999996 0.187475 0.2772671875 0.18465625000000002 0.26192187499999997 0.1774984375 0.24477500000000002 0.173740625 0.22595937500000002 0.17493281249999998 0.22208125 0.1786390625
0 0.58859375 0.426 0.5884578125 0.4244515625 0.57978125 0.39749218750000004 0.5727046875 0.41264687499999997 0.5591296875 0.42561875000000005 0.5470859375 0.432090625 0.5474953124999999 0.43673593750000006 0.5571578125000001 0.451003125 0.557975 0.46029375000000006 0.5622625 0.46123281250000003 0.57223125 0.45506562500000003 0.58859375 0.426
