2 1.0 0.545890625 0.9898640625 0.5344140625 0.967984375 0.5234171875 0.9664359375 0.5235296875000001 0.9485234374999999 0.5185390625 0.9221812500000001 0.5204625 0.8982578125 0.5285078125 0.889828125 0.5354203125 0.8851796875 0.535759375 0.873940625 0.5449765625 0.8531968750000001 0.5758796875 0.8366281250000001 0.591784375 0.8310906250000001 0.619478125 0.834271875 0.6423375 0.836109375 0.6443015625 0.83485 0.64649375 0.839684375 0.6587359375 0.8425750000000001 0.6795171875 0.8544750000000001 0.697540625 0.8747 0.7191562499999999 0.8956078125 0.7344234375 0.9039343750000001 0.7380140625 0.9283328125000001 0.7446296875 0.9500265625000001 0.7430453124999999 0.9534140624999999 0.744896875 0.984796875 0.734209375 0.9975859375 0.724878125 1.0 0.724140625 1.0 0.545890625
5 0.32280000000000003 0.44246718749999997 0.3314140625 0.4481359375 0.3597796875 0.460759375 0.3941578125 0.4603484375 0.40413750000000004 0.453321875 0.40762968749999995 0.4446703125 0.40570781250000004 0.41962031250000004 0.40824999999999995 0.3816484375 0.40449062500000005 0.354634375 0.40556562500000004 0.3398609375 0.40354062500000004 0.3253140625 0.399575 0.31930625 0.3915375 0.31779375 0.3863109375 0.3139765625 0.3523265625 0.3059625 0.34554999999999997 0.3022578125 0.344 0.302371875 0.3162125 0.29390312500000004 0.3022671875 0.294921875 0.2918953125 0.3103734375 0.28451875000000004 0.336103125 0.2841265625 0.34452812499999996 0.28536562499999996 0.375925 0.29135625 0.39648125 0.29802968750000003 0.4106875 0.309928125 0.42871249999999994 0.32280000000000003 0.44246718749999997
5 0.583196875 0.4465484375 0.5846421875 0.4569375 0.5819140625 0.482328125 0.583071875 0.490640625 0.5965203125 0.5085515625 0.6220765625 0.5234796875 0.6399890625 0.52846875 0.66661875 0.5286234375000001 0.6678796874999999 0.5264328125 0.6892828125 0.522771875 0.71136875 0.5127625 0.7197984374999999 0.5058484375 0.7261 0.49489218749999997 0.7233109375 0.4636078125 0.7269062500000001 0.444453125 0.7248828125 0.42990625 0.726825 0.4213671875 0.7241187499999999 0.41316875 0.7250890625 0.4088984375 0.7180234375000001 0.40311718750000003 0.6982734374999999 0.39616250000000003 0.609003125 0.373290625 0.6074531249999999 0.373403125 0.5935078125000001 0.374421875 0.5859453125 0.38756875 0.5873921875 0.397959375 0.58545 0.4064984375 0.5875765625 0.410540625 0.5846640625 0.42335 0.5855312500000001 0.429584375 0.5830109375 0.433965625 0.5851390624999999 0.43800937500000003 0.583196875 0.4465484375
5 0.30915781249999996 0.72685625 0.311575 0.7329765625 0.3027515625 0.748315625 0.304590625 0.7502796875 0.30390937500000004 0.756628125 0.308453125 0.7667921875 0.31231718750000004 0.783303125 0.3287609375 0.8114921875000001 0.343759375 0.829290625 0.36650625 0.846521875 0.37638125 0.85 0.3973921875 0.8547640624999999 0.4175359375 0.8532921874999999 0.4368125 0.8455875 0.45212031250000007 0.8318749999999999 0.468215625 0.8013109375 0.4733609375 0.7820421875 0.4760890625 0.7566531249999999 0.47261875 0.731715625 0.4707796875 0.7297515625 0.46575937500000003 0.7049265625000001 0.4490265625 0.6746609375 0.43799374999999996 0.6628703125000001 0.41892500000000005 0.64956875 0.4025625 0.644465625 0.40101250000000005 0.644578125 0.3849390625 0.641553125 0.369734375 0.6447625 0.3336 0.66629375 0.3263265625 0.6815187500000001 0.3269046875 0.685675 0.322834375 0.6901703125 0.32341406250000004 0.6943265625 0.3155625 0.7053953125 0.3129375 0.7202828125 0.30915781249999996 0.72685625
5 0.6232046875 0.8802625000000001 0.6534093750000001 0.8948515625000001 0.667065625 0.8917546875 0.6829531249999999 0.8821984374999999 0.6876015625 0.8818578125000001 0.7029109375 0.8681453125 0.7136750000000001 0.84426875 0.712228125 0.833878125 0.6853312500000001 0.7980562499999999 0.6741125 0.773684375 0.670828125 0.7613296875 0.6687000000000001 0.7572859375000001 0.6656015625 0.7575125 0.6658906250000001 0.759590625 0.6567796875 0.77285 0.64659375 0.8008843750000001 0.6334125 0.8186406249999999 0.6159749999999999 0.8283093750000001 0.5911828125 0.8301203125000001 0.590790625 0.8385453125 0.6020078125 0.8629171875000001 0.6075234375 0.8688125 0.6124609375000001 0.87055 0.6232046875 0.8802625000000001
1 0.24441406250000003 0.5090656250000001 0.238690625 0.5241781249999999 0.23635625 0.5411421875 0.23867031249999998 0.5577671875 0.25461875 0.6048843749999999 0.26554687499999996 0.627178125 0.2707734375 0.6309953125 0.2771578125 0.6431250000000001 0.2881890625 0.6549140625 0.299903125 0.66035625 0.32808281250000004 0.6603984374999999 0.34580937500000003 0.65280625 0.3798171875 0.6272328125 0.40452656249999996 0.6023375 0.4117984375 0.5871125 0.4028125 0.5562796875 0.40378437500000003 0.5520109375 0.4019453125 0.5500453125 0.40020937500000003 0.537578125 0.39624375 0.53156875 0.3930625 0.5087109375 0.38822812500000003 0.49646718749999996 0.384840625 0.49461562499999995 0.38029531250000004 0.4844515625 0.3661640625 0.4728875 0.335959375 0.45830000000000004 0.334409375 0.4584125 0.3214359375 0.4551609375 0.3186265625 0.45746562500000004 0.3167875 0.4555015625 0.309040625 0.45606718749999997 0.3077796875 0.45825781250000003 0.29693281250000003 0.45904999999999996 0.277946875 0.4688328125 0.26670781250000003 0.47805 0.25449687499999996 0.4915359375 0.24441406250000003 0.5090656250000001
1 0.440453125 0.6018140625 0.465534375 0.6020828125000001 0.4978890625 0.587125 0.507578125 0.5780203125 0.4953890625 0.55791875 0.490265625 0.5435984375 0.46276875000000006 0.537209375 0.439340625 0.5263234375 0.43072499999999997 0.5206546875 0.40130625000000003 0.48921562500000004 0.4015953125 0.49129375 0.40343437499999996 0.49325937499999994 0.398 0.5104484375 0.4003140625 0.5270734375 0.40456875 0.535159375 0.406490625 0.5602109375000001 0.408328125 0.562175 0.4073578125 0.56644375 0.41431874999999996 0.5827296875 0.42167343749999997 0.5905890625 0.440453125 0.6018140625
1 0.27624218749999996 0.861509375 0.2771109375 0.86774375 0.27516875 0.8762812500000001 0.27690312499999997 0.8887499999999999 0.2862828125 0.91115625 0.30283125 0.9288421874999999 0.314834375 0.9363625000000001 0.32103125 0.9359093749999999 0.325390625 0.9334921875 0.33014375 0.92265 0.3357625 0.918040625 0.3509890625 0.8812421875 0.3673734375 0.85275625 0.3634078125 0.8467484375 0.3492765625 0.8351843750000001 0.3477265625 0.8352984375 0.3256625 0.81171875 0.32111718749999996 0.8015546875 0.3073796875 0.781565625 0.3030203125 0.7839828125 0.288475 0.8144328125 0.28440468750000003 0.818928125 0.2849828125 0.823084375 0.2805203125 0.83600625 0.2794453125 0.8507796875 0.27624218749999996 0.861509375
1 0.51876875 1.0 0.52184375 0.984225 0.5313484374999999 0.9625390625 0.52738125 0.9565312499999999 0.5156671875 0.9510890625 0.5046359375 0.9393 0.49767343750000004 0.9230140625000001 0.4860640625 0.9070671875 0.4788125 0.8887046875 0.47329687500000006 0.8828093750000001 0.4686484375 0.8831484375 0.4689375 0.8852265625 0.42753281249999997 0.9701187499999999 0.4270359375 0.9890484374999999 0.43728437500000006 1.0 0.51876875 1.0
1 0.6445078125 1.0 0.6344828125 0.9613078125 0.6299375 0.95114375 0.6170671875 0.9373890625 0.6084515625 0.9317203125000001 0.606903125 0.9318328125 0.600415625 0.9302078125 0.5825859375 0.948303125 0.5679578125 0.9556687500000001 0.535996875 0.9621999999999999 0.53279375 0.9729296875 0.523971875 0.9882687499999999 0.5248406250000001 0.9945031249999999 0.52243125 1.0 0.6445078125 1.0
1 0.6745062500000001 0.7652593750000001 0.6802078125000001 0.7837359375 0.6945234375 0.80788125 0.7171671875000001 0.8356171874999999 0.7466890625 0.8565531249999999 0.7695390625 0.86328125 0.7884218749999999 0.8640015625 0.7984 0.8569765625000001 0.8074078124999999 0.85421875 0.818646875 0.8450015625 0.8393906250000001 0.8140984375 0.8452171875 0.7884828125000001 0.84435 0.7822484375000001 0.8478421875000001 0.773596875 0.8480484374999999 0.7525890625 0.841871875 0.719453125 0.826109375 0.6849171875 0.7936953124999999 0.6432 0.7764656249999999 0.6318625 0.7665890625 0.6283859374999999 0.7650406249999999 0.6284984375 0.760103125 0.626759375 0.7337609375 0.6286828125 0.7129359375 0.6365015625 0.6988875 0.648021875 0.6925859375 0.658978125 0.691903125 0.6653265625 0.6779359375 0.6999328125 0.6737625 0.7149328125000001 0.6713250000000001 0.7424000000000001 0.6745062500000001 0.7652593750000001
1 0.8492875 0.7839875000000001 0.84151875 0.8181421875 0.8515796874999999 0.8342 0.8696765624999999 0.8517718750000001 0.9001703125 0.8684390625 0.9314500000000001 0.8682546875 0.9432671875 0.86319375 0.95450625 0.8539765625 0.9733078125000001 0.8316109375 0.985621875 0.807621875 0.9875640625000001 0.7990828125 0.982646875 0.7637546875 0.980809375 0.7617906249999999 0.9793625 0.7514000000000001 0.972296875 0.7456171875 0.9286218749999999 0.7467078125 0.9042234375 0.7400921874999999 0.8922203124999999 0.7325703125 0.8891203125 0.732796875 0.876828125 0.7231984375 0.8421828124999999 0.6879421875 0.8394765625 0.6797421875 0.8360890624999999 0.6778906250000001 0.835509375 0.673734375 0.8301796875 0.6804218750000001 0.8325968749999999 0.6865421875 0.8313359374999999 0.688734375 0.8401375 0.706984375 0.8456531249999999 0.7128796875 0.84468125 0.7171484375 0.8476781250000001 0.7274265625 0.8464171875 0.7296171874999999 0.84825625 0.7315828125 0.8514375 0.754440625 0.8492875 0.7839875000000001
0 0.43198593750000003 0.5184640625 0.44398906250000003 0.525984375 0.48010156249999997 0.5380421875 0.49588593750000004 0.5389890625 0.5328875 0.5236921875 0.5538171875 0.505371875 0.5697046875 0.49581406250000004 0.577265625 0.4826671875 0.58046875 0.4719375 0.5780734375 0.4322265625 0.5800156249999999 0.4236890625 0.574128125 0.3926296875 0.5681375 0.372075 0.55894375 0.3622515625 0.52621875 0.3520453125 0.4974609375 0.347846875 0.48884531249999996 0.342178125 0.48264687500000003 0.3426296875 0.4724828125 0.337075 0.46628437500000003 0.3375265625 0.44188593750000005 0.3309109375 0.4403359375 0.331025 0.4232921875 0.33226875 0.41360156249999996 0.34137343750000004 0.4119484375 0.351990625 0.4091390625 0.35429374999999996 0.411534375 0.3940046875 0.40948906249999995 0.41304687500000004 0.4119890625 0.44225312499999997 0.40151250000000005 0.46820781250000004 0.4053765625 0.48472031250000003 0.43198593750000003 0.5184640625
0 0.47156562500000004 0.7129 0.4783203125 0.7501921874999999 0.47705937499999995 0.752384375 0.47850468749999997 0.762775 0.4806328125 0.7668171874999999 0.5083171875 0.7857890624999999 0.5333984375 0.78605625 0.53930625 0.7835265625 0.541828125 0.77914375 0.5369109375 0.743815625 0.5379859375 0.72904375 0.544784375 0.6991578125 0.5621390625 0.666403125 0.5840390625 0.6438125 0.583171875 0.637578125 0.5794937499999999 0.6336468749999999 0.5539375 0.6187203125 0.5186109375 0.5898109375 0.5170609374999999 0.5899234375 0.5133828125 0.58599375 0.5056359375 0.586559375 0.47231093749999997 0.6057859375 0.4700796875 0.6122468750000001 0.46165 0.619159375 0.45408906250000003 0.63230625 0.45049374999999997 0.6514624999999999 0.453384375 0.67224375 0.464025 0.6924578125 0.47156562500000004 0.7129
0 0.31808281250000003 0.7010140625 0.3175046875 0.6968578125 0.32322812500000003 0.6817453125 0.33331093749999996 0.664215625 0.32992187500000003 0.6623640625 0.30512968749999997 0.6641734375 0.28905625 0.6611484375 0.2893453125 0.6632265625 0.28661875000000003 0.688615625 0.29297968750000003 0.734334375 0.29965312499999996 0.7485421875 0.30934218750000003 0.7394375 0.3087640625 0.73528125 0.311284375 0.7308984374999999 0.30915781249999996 0.72685625 0.313228125 0.7223609375 0.3113890625 0.7203953125 0.31808281250000003 0.7010140625
0 0.650821875 1.0 0.808871875 0.9884609375 0.799203125 0.9639765625000001 0.7908999999999999 0.926796875 0.7737734374999999 0.90495625 0.7664187499999999 0.8970968750000001 0.7491875 0.8857593749999999 0.715203125 0.8777437499999999 0.713653125 0.8778578125 0.696609375 0.8791015625 0.6881796875 0.8860140624999999 0.6835312499999999 0.8863546875000001 0.661734375 0.8984406249999999 0.643490625 0.9585515625 0.6432828125000001 0.9795578125000001 0.6474359375 0.9981484375 0.6491687500000001 1.0 0.650821875 1.0
3 0.5106765625 0.57779375 0.5272249999999999 0.5954796875 0.539228125 0.603 0.5518109375 0.6146765624999999 0.5792046875 0.63156875 0.5989546875 0.638525 0.6342015625 0.6443484374999999 0.640978125 0.6480515625 0.656471875 0.6469203125 0.6583109375 0.6488859375 0.6611203125 0.64658125 0.6660578125 0.6483203125 0.66731875 0.6461281249999999 0.6964703125 0.6419015625 0.7123578125 0.6323453125 0.7272734375 0.6270578125 0.7517765625 0.6231687499999999 0.7879109375 0.6016390625 0.7988609375 0.5903421875 0.7998328124999999 0.5860734375 0.7797921875 0.577040625 0.7496921875 0.5519484375 0.73808125 0.5360031249999999 0.734796875 0.5236468750000001 0.726575 0.5095531249999999 0.7160171875 0.512421875 0.7075875 0.5193359375 0.69548125 0.5223187499999999 0.6883125 0.5270406249999999 0.6390171875 0.5327390624999999 0.6371781249999999 0.5307734375 0.62788125 0.5314515625 0.6112296875000001 0.5242703125 0.5992265625 0.51675 0.5970984374999999 0.5127078125 0.59555 0.5128203124999999 0.580840625 0.4971 0.5730921875 0.49766562499999994 0.5484859375 0.5120578124999999 0.5418953125 0.5209359375 0.5241687500000001 0.528528125 0.5157406250000001 0.535440625 0.497725 0.5409546875 0.4936546875 0.54545 0.4963609375 0.5536484374999999 0.5106765625 0.57779375
3 0.41095156250000003 1.0 0.42530156249999995 0.9765796874999999 0.42821406250000005 0.963771875 0.4468296875 0.928825 0.463028125 0.8877578125 0.470590625 0.8746109375 0.474475 0.8575328125 0.4804875 0.8444984375000001 0.47990781250000003 0.8403421874999999 0.4836890625 0.83376875 0.48311093749999995 0.8296125 0.4885453125 0.8124218750000001 0.4893296875 0.795571875 0.49185156250000006 0.7911890625 0.4904046875 0.7807984375 0.4848890625 0.774903125 0.47433125 0.7777734374999999 0.47462031250000003 0.7798515625 0.4729671875 0.7904687499999999 0.46792656250000003 0.7992328125 0.4685046875 0.8033890625 0.464434375 0.8078843750000001 0.4587125 0.822996875 0.45115 0.83614375 0.43739062500000003 0.84974375 0.4240234375 0.8549187500000001 0.3930328125 0.85718125 0.3766703125 0.852078125 0.3707625 0.8546078125 0.369790625 0.858878125 0.364171875 0.8634859374999999 0.36096875 0.874215625 0.34933749999999997 0.8918593749999999 0.342353125 0.9091625000000001 0.3272296875 0.9354578124999999 0.31851093750000004 0.9402921875000001 0.3025203125 0.9603531249999999 0.294090625 0.9672656249999999 0.2796484375 0.9872125 0.276171875 1.0 0.41095156250000003 1.0
2 0.8457921875000001 0.9500796875 0.820628125 0.9267265625000001 0.8190796875 0.9268390625 0.8172406249999999 0.9248749999999999 0.8001968749999999 0.92611875 0.7961265625 0.9306140624999999 0.799596875 0.9555515625 0.810421875 0.9883484375 0.904940625 0.9814484374999999 0.897875 0.9756656250000001 0.8867390625 0.9743796874999999 0.8667 0.965346875 0.8457921875000001 0.9500796875
4 0.7433078125 0.53981875 0.7616953125 0.55946875 0.7828921875 0.5768140625 0.789378125 0.578440625 0.79305625 0.5823703124999999 0.7977046875 0.58203125 0.8013828125 0.5859609375 0.8311109374999999 0.5858890625 0.8413796874999999 0.580940625 0.8510687499999999 0.5718375 0.8699734375 0.53896875 0.872309375 0.5220046875000001 0.8699953125000001 0.5053796875 0.8712562500000001 0.5031890625 0.8640265625 0.4512359375 0.8582203125 0.4432625 0.8498953124999999 0.43967343750000004 0.8387593750000001 0.4383859375 0.8221078125 0.4312046875 0.7702109375 0.4182 0.7686609375 0.41831406250000003 0.7525875 0.41528906250000003 0.7386421875 0.41630625 0.7315546875 0.4441140625 0.7277750000000001 0.4506875 0.731140625 0.486128125 0.7291984375 0.4946671875 0.7312234375 0.5092140625 0.735478125 0.5173 0.7390531250000001 0.5317328125 0.7433078125 0.53981875
4 0.5557515625 0.8117140624999999 0.57298125 0.8230515625000001 0.58440625 0.8264156249999999 0.6141359375000001 0.8263453125 0.625953125 0.821284375 0.6343828125 0.8143703125 0.6485359374999999 0.7923453125 0.6527093749999999 0.777346875 0.6625015624999999 0.7577390625 0.6668828125 0.7217328125 0.6618640625000001 0.6969078125 0.642134375 0.6563640625 0.6267421875 0.6469921875 0.6153171875 0.643628125 0.61376875 0.6437406250000001 0.5917859375 0.643246875 0.5830671875 0.6480812499999999 0.5573875 0.6772453125 0.5441015625000001 0.7055046875000001 0.53806875 0.752128125 0.53990625 0.75409375 0.5430875000000001 0.7769515625000001 0.5421171874999999 0.7812218750000001 0.5451125 0.7914984375 0.5557515625 0.8117140624999999
4 0.5080234375 0.9411515625 0.5187671875000001 0.9508625 0.5335796875 0.9560796874999999 0.5555625 0.9565734375 0.580746875 0.9463374999999999 0.597315625 0.9304343749999999 0.60051875 0.9197046875 0.601696875 0.8944281249999999 0.597359375 0.8632562500000001 0.5834359375 0.8306859375 0.55816875 0.8178359374999999 0.5425921875 0.79588125 0.532715625 0.7924046875 0.5203203125 0.793309375 0.5055078125 0.7880921875 0.4962109375 0.788771875 0.4965 0.79085 0.49397812500000005 0.79523125 0.49387499999999995 0.8057359375 0.4913546875 0.81011875 0.4867875 0.8335421875 0.4768921875 0.8636546875000001 0.4779453125 0.8824703125 0.4851953125 0.9008328125 0.4955453125 0.9189703124999999 0.5010625 0.924865625 0.5080234375 0.9411515625
4 0.8630218749999999 0.9614171875 0.8799625000000001 0.9706765624999999 0.8941968749999999 0.9717359374999999 0.897875 0.9756656250000001 0.9074609375 0.977065625 0.919278125 0.9720046874999999 0.9261578125 0.9652046875 0.9369234375 0.9413281250000001 0.937996875 0.9265546875 0.9405187500000001 0.9221718750000001 0.9387828125000001 0.9097031250000001 0.9407249999999999 0.901165625 0.9393828125000001 0.8802703125000001 0.936965625 0.87415 0.9301890625 0.8704453125 0.9038484375 0.87236875 0.866578125 0.8519984375 0.8610625000000001 0.846103125 0.8527359375 0.8425125 0.8469312499999999 0.834540625 0.842571875 0.8369578125 0.8407328125 0.8349921874999999 0.839184375 0.8351062499999999 0.8304656250000001 0.839940625 0.8238749999999999 0.8488187500000001 0.8237703125 0.859321875 0.819990625 0.8658953125 0.819596875 0.874321875 0.8155265625 0.8788171874999999 0.8146375000000001 0.9061718750000001 0.82005 0.9225703125000001 0.8402765625 0.9441843750000001 0.8630218749999999 0.9614171875
4 0.7941015625000001 0.9160671875 0.8093078125 0.9128578125000001 0.81125 0.9043203125 0.8082546875000001 0.8940421875 0.818440625 0.866009375 0.81699375 0.85561875 0.8148671875 0.8515750000000001 0.7946203125 0.86355 0.7837734375000001 0.8643421874999999 0.7825124999999999 0.8665328125 0.7806734375 0.8645671875 0.769828125 0.865359375 0.751915625 0.8603703125 0.7315859375 0.8492578125 0.7201625 0.8458937499999999 0.7204515625 0.847971875 0.72131875 0.8542062500000001 0.7159875 0.86089375 0.72179375 0.868865625 0.7264421875 0.8685265624999999 0.732246875 0.8765000000000001 0.7467703125 0.8796375 0.7695171875 0.8968703124999999 0.786065625 0.9145546875000001 0.7928421875 0.9182593750000001 0.7941015625000001 0.9160671875
