2 0.4413796875 0.34734375 0.4013765625 0.3577828125 0.392384375 0.3674296875 0.3927859375 0.38468125 0.38748125 0.39109375 0.38676093749999996 0.400528125 0.394534375 0.41131406249999997 0.4715625 0.4564203125 0.484865625 0.46235625 0.505540625 0.46182656250000004 0.52486875 0.451915625 0.5435234375 0.43731406249999993 0.5440203125 0.4263171875 0.5474812499999999 0.42152031250000005 0.5472578125 0.41995625 0.5484265625 0.41364999999999996 0.5461359375 0.4121390625 0.5445640625 0.40119375 0.5388578125000001 0.3903546875 0.5262765625 0.37498437500000004 0.5100078124999999 0.362846875 0.4944125 0.3554 0.481784375 0.3541546875 0.45998593750000005 0.346865625 0.4413796875 0.34734375
2 0.2150765625 0.3609859375 0.2056375 0.3675046875 0.20100625 0.378609375 0.20167968749999998 0.38330000000000003 0.1952046875 0.3960203125 0.21907031250000003 0.40325468750000004 0.241540625 0.41523281250000005 0.2641875 0.4429 0.2673296875 0.464790625 0.2719140625 0.4678109375 0.2804078125 0.46916250000000004 0.2928140625 0.46884531249999994 0.305490625 0.455965625 0.3094484375 0.440171875 0.317990625 0.42739843750000006 0.32949687499999997 0.4208265625 0.341453125 0.41738125000000004 0.3412296875 0.41581875 0.34010625 0.40800000000000003 0.331884375 0.39408750000000003 0.29683125 0.3667390625 0.27480937499999997 0.3578875 0.2598890625 0.35513125 0.2580453125 0.356746875 0.245640625 0.3570640625 0.23781875000000002 0.360403125 0.21898749999999997 0.35931718749999997 0.2150765625 0.3609859375
2 0.1069859375 0.605425 0.121009375 0.6019281249999999 0.157775 0.597846875 0.17319374999999998 0.58960625 0.18977968750000002 0.5750578125 0.1962546875 0.5623375 0.19837031249999998 0.548159375 0.1981453125 0.5465953125 0.19522656249999998 0.5262703125 0.189296875 0.5138671875 0.167321875 0.490890625 0.1581546875 0.4848484375 0.1274140625 0.47308125 0.11249218750000001 0.470325 0.10355 0.465846875 0.088853125 0.464653125 0.06727968749999999 0.45892968749999996 0.0364921875 0.46128749999999996 0.034240625000000004 0.4622484375 0.03611875 0.4875953125 0.0505375 0.5880390625 0.071165625 0.6016343749999999 0.0904453125 0.6058484375 0.1069859375 0.605425
4 0.392075 0.596553125 0.38794062500000004 0.596659375 0.3621375 0.619290625 0.3572828125 0.6288296875 0.356065625 0.6492625000000001 0.3723328125 0.6614 0.4062640625 0.68093125 0.41269062500000003 0.6823359375 0.43956718749999996 0.681646875 0.46554687499999997 0.6747046875 0.4770546875 0.6681328125 0.48118906250000004 0.6680265624999999 0.49431562500000004 0.6582749999999999 0.5083859375 0.6406531249999999 0.5081625 0.6390890625 0.5127937499999999 0.6279859375 0.5107734374999999 0.6139140624999999 0.498190625 0.5985437499999999 0.4754953125 0.5850015625 0.454146875 0.5808390625000001 0.4481703125 0.5825625 0.445878125 0.5810515625 0.42727031249999997 0.581528125 0.405425 0.588365625 0.392075 0.596553125
4 0.4580578125 0.5791703125 0.47963125 0.5848953125 0.5050671875 0.603075 0.51558125 0.6184984375 0.5164796875000001 0.624753125 0.5116234375000001 0.6342921875 0.510903125 0.6437265625 0.5202953124999999 0.6513328125 0.5246546875 0.652790625 0.5306328125 0.6510671875 0.553646875 0.6379234375 0.555265625 0.6347437499999999 0.56124375 0.6330218750000001 0.5667718749999999 0.6281718749999999 0.569784375 0.6202484375 0.5695609375 0.6186843750000001 0.5755859375 0.6028374999999999 0.56511875 0.5732890625 0.5557265625000001 0.5656828125 0.529121875 0.5538109375 0.50548125 0.5481390625 0.49514375 0.5484046874999999 0.4811203125 0.5519015625 0.4659265625 0.5617062500000001 0.457384375 0.5744796875 0.4580578125 0.5791703125
4 0.13520000000000001 0.41167968750000006 0.13079375 0.424346875 0.13766875 0.4288796875 0.1753328125 0.43105312500000004 0.20423125 0.44443593750000004 0.22279062500000002 0.458084375 0.23308125 0.47194375 0.23420312499999998 0.4797625 0.2392359375 0.48591093750000003 0.2493484375 0.48408281249999996 0.2590125 0.4791265625 0.26409375 0.47115 0.26386875 0.46958593750000005 0.2657109375 0.4679703125 0.2618953125 0.44139062500000004 0.247246875 0.426071875 0.24679687499999997 0.4229453125 0.23030468750000002 0.40924375 0.2039234375 0.398934375 0.188778125 0.394615625 0.1600578125 0.3969203125 0.142571875 0.40521406249999997 0.13520000000000001 0.41167968750000006
4 0.094309375 0.6183046875 0.11996875 0.6380484375 0.21645625000000002 0.70305625 0.22288281250000003 0.7044609375 0.2284109375 0.6996109374999999 0.2365046875 0.6837109375 0.2362796875 0.682146875 0.23906875 0.6726593750000001 0.237496875 0.661715625 0.2315671875 0.6493125 0.220378125 0.6291984375 0.20366093749999997 0.613934375 0.16649375 0.6007625 0.141684375 0.6013984375 0.10329999999999999 0.6086578125 0.093859375 0.6151765625000001 0.094309375 0.6183046875
4 0.308809375 0.49354375 0.3085859375 0.49197968750000004 0.3037765625 0.4873953125 0.2796875 0.47859687500000003 0.2613046875 0.4806375 0.238065625 0.4922171875 0.23734531250000002 0.5016515625 0.269528125 0.49455 0.288134375 0.4940734375 0.28997812500000003 0.4924578125 0.2922703125 0.4939671875 0.308809375 0.49354375
0 0.6028781249999999 0.5472140624999999 0.6193703125 0.5609140625 0.6294359375 0.5732109375000001 0.6355906250000001 0.5871765625 0.6472749999999999 0.59629375 0.6615234375 0.594359375 0.6672765625 0.5910734375 0.6973906249999999 0.584025 0.7279546875 0.580103125 0.7406312500000001 0.567225 0.74688125 0.552940625 0.74665625 0.5513765625 0.7455812500000001 0.529434375 0.7398765625 0.5185953125 0.7077890625000001 0.4974484375 0.6926421875 0.493128125 0.6636984375 0.49386875 0.641628125 0.49914218750000006 0.62414375 0.5074359375 0.60733125 0.520421875 0.6022515625 0.5283984375 0.6028781249999999 0.5472140624999999
0 0.3258109375 0.424059375 0.314753125 0.433759375 0.3105703125 0.44798906250000003 0.29879218750000003 0.4671234375 0.2996890625 0.47337656250000004 0.310428125 0.49036406250000003 0.345528125 0.5035890625 0.361796875 0.5157265625 0.3718625 0.5280218750000001 0.3764453125 0.53104375 0.384940625 0.5323953125 0.39527812500000004 0.5321312500000001 0.41019843749999996 0.5348875 0.43617812499999997 0.52794375 0.4458421875 0.5229890625 0.46242968749999996 0.508440625 0.46728593749999997 0.4989 0.4670609375 0.4973375 0.47169218749999997 0.48623281250000006 0.46877500000000005 0.46590781249999996 0.46306875 0.45506875 0.4536765625 0.4474625 0.4153875 0.4264734375 0.41287031250000006 0.42339843750000006 0.392915625 0.41449375 0.351565625 0.415553125 0.335925 0.42223125 0.3258109375 0.424059375
0 0.4160921875 0.7638515625 0.40000156249999996 0.767403125 0.3744703125 0.777471875 0.3634125 0.7871718750000001 0.35900468750000003 0.7998390625 0.5203390625 0.9118328124999999 0.52425 0.9101640625 0.5327921875 0.8973906250000001 0.553159375 0.851359375 0.5529359375 0.8497953125000001 0.556171875 0.8434359375 0.55644375 0.830875 0.554153125 0.8293640625 0.55258125 0.81841875 0.536584375 0.7937203125 0.5115984375 0.7786671875 0.482925 0.7668484375 0.47672187499999996 0.76700625 0.46364375 0.762634375 0.4160921875 0.7638515625
0 0.49605156250000004 0.7570953125 0.5135359375 0.7488015625 0.5264375 0.7374859375 0.5333609375 0.72789375 0.535925 0.7168421875 0.5325578125 0.6933890625 0.536740625 0.6791578125 0.536515625 0.6775953125 0.5230359375 0.6559703125 0.5072171875 0.646959375 0.4814140625 0.669590625 0.4499046875 0.6813828125 0.431746875 0.6849859375 0.41520625000000005 0.6854109375 0.41543125 0.6869734375000001 0.4534015625 0.7346484375 0.462746875 0.7563796875000001 0.49605156250000004 0.7570953125
5 0.299584375 0.2991890625 0.289425 0.3151421875 0.28569062500000003 0.3325 0.2879359375 0.348134375 0.29364218750000004 0.3589734375 0.306 0.37278125 0.3268515625 0.3879390625 0.3357953125 0.39241875 0.352559375 0.3935578125 0.3592109375 0.39652656249999996 0.3739078125 0.39771875 0.3798859375 0.39599687499999997 0.3904953125 0.3831703125 0.3889234375 0.37222656249999997 0.3917125 0.3627390625 0.399084375 0.35627343749999996 0.41333125 0.35433906249999997 0.4229953125 0.3493828125 0.4351765625 0.3475015625 0.44048125000000005 0.3410890625 0.43818906249999995 0.339578125 0.4357203125 0.3223796875 0.4297890625 0.3099765625 0.41765625 0.2977328125 0.3993203125 0.2856484375 0.37959062499999996 0.2783078125 0.36053437499999996 0.2756578125 0.34399531250000004 0.27608125 0.3382421875 0.2793671875 0.3260609375 0.2812484375 0.299584375 0.2991890625
5 0.4425109375 0.5575984375 0.4239515625 0.5439499999999999 0.40628906249999996 0.5365562500000001 0.3787375 0.5325546875 0.37689531249999997 0.5341703125 0.3862390625 0.5559015625 0.38983124999999996 0.58091875 0.38542343749999997 0.593584375 0.387715625 0.5950953125 0.41900000000000004 0.581740625 0.44565312500000004 0.5794875 0.4500125 0.5809453125 0.45369843750000005 0.5777125 0.45302499999999996 0.573021875 0.4425109375 0.5575984375
5 0.23254687500000001 0.6995046874999999 0.2288609375 0.7027375 0.2281390625 0.712171875 0.3317265625 0.7832749999999999 0.338153125 0.7846796875 0.34116562500000003 0.77675625 0.340940625 0.7751921875 0.337575 0.7517390625 0.334834375 0.7471015624999999 0.320184375 0.7317843749999999 0.29955625 0.7181890625 0.27524375 0.7078265625 0.26904062500000003 0.7079859374999999 0.2580296875 0.703559375 0.2518265625 0.70371875 0.23668125 0.6993984375 0.23254687500000001 0.6995046874999999
5 0.5818703125 0.6466171875 0.553103125 0.663046875 0.5406500000000001 0.6774890625000001 0.53601875 0.6885921875000001 0.5382156250000001 0.7183531249999999 0.5491796875 0.736903125 0.5565046875 0.7445625 0.5796484375000001 0.76123125 0.608096875 0.7714875 0.6205015625 0.7711703125 0.6333562500000001 0.7739796875 0.657940625 0.77178125 0.6795609375 0.7633796875 0.69430625 0.7504484375 0.703071875 0.7392390625 0.7088734375 0.721828125 0.7086484375000001 0.7202640625 0.7089203125 0.707703125 0.70573125 0.6999390625 0.689959375 0.676803125 0.67805 0.6661234375 0.650771875 0.649559375 0.6291984375 0.6438359375 0.6188609375 0.6441 0.61656875 0.6425890625 0.602096875 0.642959375 0.5818703125 0.6466171875
5 0.5249234375 0.9148546874999999 0.546 0.9315765624999999 0.5872546875 0.9587671875 0.59368125 0.960171875 0.5953 0.9569921875 0.595075 0.9554281250000001 0.5903625 0.9225937500000001 0.587621875 0.9179562499999999 0.5773312500000001 0.9040968749999999 0.565421875 0.8934156249999999 0.5470875000000001 0.88133125 0.5429515625 0.8814375 0.539265625 0.8846703125 0.534859375 0.8973375000000001 0.5244734375 0.9117265625 0.5249234375 0.9148546874999999
1 0.606478125 0.77466875 0.5720046875 0.780259375 0.5582046875 0.7853203125 0.5450796875 0.795071875 0.546875 0.8075812499999999 0.554425 0.8168031250000001 0.5589609375 0.8339484374999999 0.5571171875 0.8355656249999999 0.5584640624999999 0.844946875 0.5475828125 0.870334375 0.5487062500000001 0.8781515625 0.574365625 0.8978953125 0.58766875 0.90383125 0.609240625 0.90955625 0.65701875 0.9099015625 0.6650640625 0.9081265625 0.684615625 0.8997781249999999 0.6975171875 0.8884640625 0.7060593749999999 0.8756906250000001 0.7070046875 0.8678203124999999 0.7047125000000001 0.8663093749999999 0.6977078125 0.8319640625 0.69955 0.830346875 0.6959593749999999 0.80533125 0.6881859375 0.7945453125 0.6765015625 0.7854281249999999 0.66800625 0.7840765625 0.6634234375 0.78105625 0.6400078125 0.7769484375 0.6087703125 0.776178125 0.606478125 0.77466875
1 0.4752015625 0.46731249999999996 0.4753796875 0.483 0.46957812499999996 0.5004109375 0.45020156250000004 0.524446875 0.4511 0.5307000000000001 0.45658125 0.5399765624999999 0.47055781249999995 0.5506031250000001 0.4829625 0.5502859375 0.49078437499999994 0.5469468749999999 0.50525625 0.546575 0.5201781249999999 0.54933125 0.5442671875 0.55813125 0.5656625 0.5481671875 0.574878125 0.540084375 0.5848140625 0.5225671875 0.5845890625 0.5210046875 0.5887718750000001 0.5067734374999999 0.5863031249999999 0.489575 0.580596875 0.47873593750000004 0.573271875 0.47107656249999996 0.541409375 0.4514921875 0.530846875 0.45019375000000006 0.51174375 0.46166718749999996 0.4855390625 0.46704687500000003 0.4791125 0.4656421875 0.4752015625 0.46731249999999996
1 0.5646703125 0.5701625 0.5685328125 0.5826171875 0.573790625 0.5903296874999999 0.576259375 0.607528125 0.571403125 0.6170687499999999 0.5709078125 0.628065625 0.6318578125000001 0.604534375 0.63509375 0.598175 0.6348703125 0.5966109375 0.6303328125000001 0.579465625 0.6223359375 0.567115625 0.6173031250000001 0.5609671875 0.6012593749999999 0.55039375 0.5858890625 0.5445109375 0.571415625 0.54488125 0.5622015625000001 0.5529640625 0.5504687500000001 0.557971875 0.5488515625 0.5611515625 0.5646703125 0.5701625
1 0.7116609375 0.7123406250000001 0.7160203125 0.7137984375 0.71970625 0.710565625 0.7264062499999999 0.699409375 0.72618125 0.6978453124999999 0.72510625 0.6759031249999999 0.7116265625 0.654278125 0.70335625 0.654490625 0.6854218750000001 0.6596578125 0.67966875 0.6629437499999999 0.6801171874999999 0.6660703125 0.689509375 0.6736765625000001 0.689959375 0.676803125 0.7075734375 0.698321875 0.7116609375 0.7123406250000001
1 0.233659375 0.5048843749999999 0.22030937499999997 0.5130734375 0.2129375 0.5195390625 0.20277656249999998 0.5354921874999999 0.201334375 0.5543609375 0.198321875 0.5622843750000001 0.2003421875 0.57635625 0.2087890625 0.5918328125000001 0.2186296875 0.602565625 0.241775 0.619234375 0.2615046875 0.6265765625 0.28514375 0.632246875 0.322359375 0.63129375 0.33845000000000003 0.6277437499999999 0.3540921875 0.6210656250000001 0.38011875 0.5999984375 0.38475000000000004 0.5888953124999999 0.3845265625 0.58733125 0.3877640625 0.5809703125000001 0.3848453125 0.5606453124999999 0.382553125 0.559134375 0.3780171875 0.5419890625 0.36979375000000003 0.5280750000000001 0.35514531250000003 0.5127578125000001 0.3391015625 0.502184375 0.3026078125 0.493703125 0.255503125 0.49804843749999994 0.233659375 0.5048843749999999
1 0.103325 0.46428281250000003 0.1230546875 0.4716234375 0.1271890625 0.47151875 0.1579296875 0.48328437500000004 0.18129843750000002 0.50151875 0.1913640625 0.5138140625000001 0.19729531250000001 0.5262171875 0.201878125 0.5292375 0.2311421875 0.5018109374999999 0.2359984375 0.4922703125 0.23577343750000002 0.49070625 0.2310125 0.471996875 0.223015625 0.4596484375 0.199871875 0.44297812499999994 0.16913125 0.4312125 0.11101562499999999 0.43113124999999997 0.10090312500000001 0.432959375 0.077440625 0.4429765625 0.0645390625 0.4542921875 0.07348281250000001 0.4587703125 0.103325 0.46428281250000003
3 0.6125296875 0.6144453125 0.59850625 0.61794375 0.5614671875 0.634584375 0.5271703125 0.6558640625 0.532203125 0.6620125 0.5328765625 0.666703125 0.5402015625 0.6743625 0.56231875 0.6549640625 0.573825 0.6483921875 0.5977375 0.6415031250000001 0.622546875 0.6408671874999999 0.63746875 0.6436234375 0.6638499999999999 0.6539328125 0.6730171875 0.659975 0.6812875 0.6597625 0.704975 0.6513093750000001 0.7316281250000001 0.6490578124999999 0.74771875 0.6455078125 0.76129375 0.6388828125 0.7705093749999999 0.6308 0.773746875 0.6244390625 0.7735218749999999 0.6228765625 0.7728484375 0.6181859375000001 0.7556828125 0.59979375 0.7552328125 0.5966671875 0.738965625 0.5845296875 0.73460625 0.583071875 0.7097953125 0.5837078124999999 0.675546875 0.5908609375 0.6539265624999999 0.5992625 0.6477234375 0.5994203125 0.6125296875 0.6144453125
3 0.3584265625 0.7668984375 0.37217812499999997 0.7759625 0.407596875 0.7625 0.45699218750000004 0.759665625 0.45883593749999996 0.7580484375000001 0.4488171875 0.7316281250000001 0.4234296875 0.6993234375 0.4067125 0.6840578125000001 0.3837921875 0.668953125 0.354446875 0.6524421874999999 0.3285140625 0.645259375 0.3108515625 0.637865625 0.27044687500000003 0.6310546875 0.24015625 0.6224140625000001 0.2171890625 0.621434375 0.2153453125 0.62305 0.2176375 0.6245609375 0.2249625 0.6322203125 0.2315671875 0.6493125 0.239340625 0.6600984375000001 0.2413609375 0.6741703125 0.233940625 0.6947609375 0.25160312500000004 0.7021546875 0.27501875 0.7062640625000001 0.3014 0.716571875 0.32454375 0.7332421874999999 0.3584265625 0.7668984375
