3 0.3562640625 0.5257875000000001 0.403834375 0.5649093749999999 0.40363125 0.568028125 0.427365625 0.58836875 0.438928125 0.6032171875000001 0.44551875 0.630271875 0.4440953125 0.65210625 0.445971875 0.6553609375 0.443790625 0.6567859375 0.4454640625 0.663159375 0.4511953125 0.6713640625 0.45266406249999996 0.6808562499999999 0.4644296875 0.6925859375 0.4600140625 0.728321875 0.4674171875 0.7428984375 0.48146562499999995 0.7516453125 0.48770468749999996 0.7520515624999999 0.494246875 0.7477796875 0.49663124999999997 0.7432359374999999 0.505815625 0.6984140625 0.533965625 0.6830203125 0.54548125 0.6665421874999999 0.5509609375 0.6465375 0.5556265625 0.6390109374999999 0.5603484375 0.5985968749999999 0.5583703125 0.596903125 0.55908125 0.5859859375 0.5554296875 0.5779171875 0.5558359375 0.571678125 0.5505125 0.5572359375 0.5238390625 0.517909375 0.508015625 0.50435 0.4865640625 0.481025 0.4527375 0.45532812500000003 0.4065359375 0.42725937500000005 0.38625 0.4181078125 0.3800109375 0.4177015625 0.3739765625 0.414175 0.35318125 0.41282031249999995 0.33259062500000003 0.408346875 0.31012343750000004 0.40061875 0.3061671875 0.3972296875 0.289734375 0.3930265625 0.2460671875 0.39018125000000003 0.24388593749999998 0.39160625 0.231409375 0.39079375 0.20594687500000003 0.396965625 0.1913921875 0.3960171875 0.16603125000000002 0.40062968750000005 0.1551265625 0.4077515625 0.14827812499999998 0.4167015625 0.137271875 0.4253828125 0.1371703125 0.4269421875 0.143003125 0.4335859375 0.1894078125 0.45853593750000005 0.1956453125 0.45894218750000004 0.207715625 0.46599375 0.216034375 0.46653593750000005 0.2382984375 0.4773828125 0.279175 0.49100937499999997 0.3075765625 0.5038218750000001 0.3259875 0.5097203125 0.3562640625 0.5257875000000001
3 0.5797015625 0.8144281250000001 0.5837578125 0.8162578125 0.5859390624999999 0.814834375 0.6172328125 0.8153062500000001 0.6363531250000001 0.8102874999999999 0.6492375 0.8048609375 0.6841328125 0.7820750000000001 0.697728125 0.7657328125 0.7006203125 0.753390625 0.6894640625 0.7323046875 0.6815515624999999 0.7255234374999999 0.6592875 0.7146765625 0.6509703124999999 0.714134375 0.631340625 0.7269515625 0.6184578125 0.7323765625 0.6100390625000001 0.7333953125 0.5850859374999999 0.7317703125 0.5831078125 0.730075 0.5603359375 0.727025 0.5296515625 0.7171953125 0.5155015625 0.710009375 0.5092640625 0.709603125 0.5049015625 0.71245 0.50099375 0.7403875 0.4963265625 0.7479140625 0.48770468749999996 0.7520515624999999 0.47730625 0.751375 0.45752812499999995 0.7344234375 0.4598109375 0.7314406250000001 0.45803593749999993 0.7266265625 0.4522046875 0.71998125 0.4569734375 0.7108953125 0.4530171875 0.7075046875 0.45322031249999994 0.7043859375 0.45976249999999996 0.7001125 0.45570625 0.6982828125 0.4543375 0.6872296875 0.44840468749999995 0.6821453125 0.442165625 0.6817390624999999 0.4320734375 0.6763828125 0.425834375 0.6759765625 0.3973328125 0.664721875 0.3746625 0.6601140625 0.37070625 0.6567234375 0.36010624999999996 0.659165625 0.3535625 0.6634375 0.3534609375 0.664996875 0.352953125 0.6727953125 0.3568078125 0.6777453125 0.36015312499999996 0.6904921875000001 0.3949421875 0.7334796875 0.42055156250000003 0.757075 0.4606171875 0.783178125 0.5053484375 0.801753125 0.5136671875000001 0.8022953125000001 0.5340546875000001 0.8098875 0.5797015625 0.8144281250000001
3 0.6597609375 0.5471234375 0.6619421875 0.5457 0.6868953125 0.5473250000000001 0.7100734375 0.5441359375 0.72255 0.5449499999999999 0.7311734375000001 0.5408125 0.7374109375 0.54121875 0.7656625 0.5242640625 0.768046875 0.519721875 0.774590625 0.5154484375 0.7916328125 0.51029375 0.8335265625 0.5083249999999999 0.84620625 0.50601875 0.856603125 0.5066953125 0.85858125 0.508390625 0.8607625000000001 0.5069671875 0.88155625 0.5083203125 0.8983953124999999 0.5062859375000001 0.9007796875 0.5017421875 0.883384375 0.48024843749999996 0.8694390625 0.46994218749999994 0.8423046875000001 0.46974218749999996 0.8320078125 0.46750468749999996 0.8213062499999999 0.47150625 0.8129890625 0.47096406249999995 0.81070625 0.4739484375 0.7814921874999999 0.4736109375 0.7795140625 0.471915625 0.7691171875 0.4712390625 0.7509109375 0.462221875 0.7219 0.458765625 0.719921875 0.45707031249999996 0.7135812500000001 0.458225 0.6844703125 0.45632812500000003 0.6822890625 0.45775156250000004 0.6469375 0.45545 0.6449609374999999 0.45375468750000003 0.6242671875 0.450840625 0.5998218750000001 0.44141718750000003 0.5938890625 0.43633125 0.5796375 0.4307046875 0.5636109375 0.4202640625 0.5428171875000001 0.418909375 0.5406359375 0.4203328125 0.5100546875 0.40894375 0.4921515625 0.3952484375 0.480690625 0.3788390625 0.4708015625 0.3703640625 0.46446249999999994 0.37151718749999996 0.4294640625 0.3958640625 0.40380000000000005 0.40515468749999994 0.4036984375 0.40671406250000003 0.4012125 0.41281718749999996 0.40881875 0.42427656249999995 0.4247421875 0.43627656249999996 0.4289015625 0.43654843750000005 0.44898437500000005 0.44881875000000004 0.4749 0.4677359375 0.5261218750000001 0.5149265625 0.5687734375 0.533365625 0.6078765625 0.5421781250000001 0.6597609375 0.5471234375
2 0.6584187499999999 0.2792171875 0.66901875 0.276775 0.6931109375 0.25955 0.7199953125 0.23154375 0.7225828125 0.22388124999999998 0.7270453125 0.21947343749999998 0.733134375 0.1901125 0.7311578125 0.1884171875 0.7318687500000001 0.1775 0.726340625 0.16617656249999999 0.72548125 0.1473265625 0.7200546875 0.1344421875 0.708390625 0.121153125 0.7003781250000001 0.11593281250000001 0.6921625 0.11383125000000001 0.6673109375 0.11064687499999999 0.6429671875 0.0996640625 0.609796875 0.0959375 0.57165625 0.10441562499999998 0.5479703125000001 0.1154015625 0.5217968749999999 0.1324921875 0.5063265625 0.1455796875 0.4905515625 0.163346875 0.4855796875 0.175553125 0.48547812500000004 0.1771125 0.480303125 0.19243749999999998 0.48004687500000004 0.2284421875 0.49495468750000005 0.2560390625 0.5126546875 0.2728546875 0.5367953125 0.28695624999999997 0.5675796875 0.2952265625 0.5925328125 0.2968515625 0.6220515625 0.29250937499999996 0.6454328125 0.2862015625 0.6584187499999999 0.2792171875
1 0.5058421875 0.0 0.4965515625 0.007117187499999999 0.435734375 0.0752015625 0.42203749999999995 0.093103125 0.4189421875 0.10856406249999999 0.4167609375 0.10998749999999999 0.41665937499999994 0.111546875 0.42999687499999995 0.13121093749999999 0.44384218750000004 0.1430765625 0.4842109375 0.1645 0.49075468750000006 0.160228125 0.495421875 0.1527 0.51099375 0.138053125 0.530725 0.1236765625 0.5567953125 0.108146875 0.5761203125 0.10000781249999999 0.6184203125 0.0918 0.621109375 0.082578125 0.61913125 0.0808828125 0.62035 0.0621671875 0.6045265625 0.0486078125 0.552290625 0.0170140625 0.536365625 0.0050125000000000005 0.52525625 0.0 0.5058421875 0.0
1 0.6525734375 0.40099999999999997 0.6589140625 0.399846875 0.674790625 0.38052031249999996 0.6791046875 0.3463453125 0.67104375 0.309796875 0.661865625 0.29040468750000004 0.6558312500000001 0.28687968750000004 0.6495921874999999 0.2864734375 0.6070890624999999 0.2978 0.561240625 0.2963796875 0.5469890625 0.290753125 0.5386703125000001 0.29021093750000004 0.5023578125 0.27061718749999997 0.49135156249999995 0.279296875 0.4865828125 0.288384375 0.48333281250000004 0.338290625 0.4783609375 0.35049687500000004 0.47825937500000004 0.35205625 0.47516406250000004 0.367515625 0.49828906249999994 0.3972140625 0.5102578125 0.405825 0.5284640625 0.4148421875 0.5449984375 0.417484375 0.5659953125 0.41572031249999997 0.5830375 0.410565625 0.6248296875 0.41015625 0.6460296875 0.40527187500000006 0.6525734375 0.40099999999999997
1 0.813725 0.2031921875 0.814740625 0.187596875 0.807540625 0.1699 0.7895375 0.1577640625 0.7389734375 0.1325421875 0.7330390625 0.1274578125 0.72274375 0.12522031250000001 0.7205625 0.1266453125 0.727865625 0.1427828125 0.7301953125 0.1711265625 0.7353156249999999 0.1886875 0.7343 0.20428281250000002 0.7266390625 0.22571093750000001 0.71294375 0.2436140625 0.6840828125 0.269925 0.68398125 0.271484375 0.6918921874999999 0.2782640625 0.7229828125 0.28185625000000003 0.750421875 0.277378125 0.765384375 0.2720890625 0.7892734375 0.2579828125 0.8026640625000001 0.24475937499999997 0.812303125 0.2250265625 0.813521875 0.20631093749999999 0.815703125 0.20488749999999997 0.813725 0.2031921875
4 0.7487359375 0.3994328125 0.7698343750000001 0.3961078125 0.7784578125 0.39197187499999997 0.7818578125 0.3718328125 0.7894171875 0.3519640625 0.7930203125 0.32870625000000003 0.789165625 0.32375625 0.7901812500000001 0.3081609375 0.7862265625 0.3047703125 0.7864296875 0.30165156249999997 0.7765390625 0.2931765625 0.7702 0.2943296875 0.76624375 0.2909390625 0.7620859375 0.29066875 0.7603109375 0.2858546875 0.7480375 0.281921875 0.7437765625 0.2832109375 0.7376406249999999 0.2812453125 0.716540625 0.28456875 0.683371875 0.2808421875 0.6747484375 0.2849796875 0.670590625 0.2847078125 0.6704890625 0.2862671875 0.6683078124999999 0.2876921875 0.6678 0.2954890625 0.6693703125 0.3034234375 0.6733265625 0.30681250000000004 0.6814890625000001 0.3418015625 0.6789484375 0.380790625 0.6992359375 0.38994375 0.71576875 0.3925859375 0.727940625 0.398078125 0.7487359375 0.3994328125
0 0.7712984374999999 0.469815625 0.7754578125 0.47008593750000005 0.7821015625000001 0.46425312500000004 0.783015625 0.4502171875 0.774040625 0.42770625000000007 0.7503078125 0.407365625 0.7402140625 0.402009375 0.72368125 0.3993671875 0.715565625 0.39570625000000004 0.7030890624999999 0.3948921875 0.694975 0.39123125000000003 0.676259375 0.3900125 0.6719999999999999 0.3913015625 0.6608906250000001 0.401540625 0.6394875 0.40954375 0.6289890625 0.4104265625 0.622546875 0.4131390625 0.605809375 0.413615625 0.59678125 0.42399062499999995 0.5966796875 0.42555 0.5944984375 0.42697343749999994 0.593990625 0.43477187500000003 0.602003125 0.4399921875 0.6264484375 0.449415625 0.6471421875 0.45232968749999997 0.64911875 0.454025 0.740715625 0.45842499999999997 0.74269375 0.46012031249999996 0.753090625 0.4607984375 0.7712984374999999 0.469815625
0 1.0 0.3452390625 0.9987828125 0.343675 0.9989859375 0.34055625 0.9732734375 0.3185203125 0.9346781249999999 0.30191093750000003 0.9098265624999999 0.2987265625 0.907646875 0.30015000000000003 0.9035890625 0.29831875 0.8720921875000001 0.300965625 0.852971875 0.30598593749999997 0.8269 0.321515625 0.802503125 0.34341875 0.7976328125000001 0.354065625 0.7908859374999999 0.36145625 0.7857109375 0.37678124999999996 0.785609375 0.37834218750000004 0.7842890625 0.39861562500000003 0.7874328125 0.4144828125 0.8006671875 0.4357046875 0.8202421875000001 0.45577500000000004 0.8384499999999999 0.46479218749999995 0.8696421875 0.4668234375 0.8858703125 0.47414531249999997 0.919040625 0.47787187500000006 0.9445015625 0.47169999999999995 0.9770140625 0.45345781250000006 0.990303125 0.44179375 1.0 0.42471875 1.0 0.3452390625
1 0.7633140625 0.6885625 0.75819375 0.671 0.751853125 0.6721546875 0.738665625 0.6822578125 0.7258843749999999 0.686125 0.70093125 0.6844984375000001 0.68241875 0.6801609375 0.6621328125 0.6710078125 0.657871875 0.672296875 0.6577703125000001 0.6738562499999999 0.6556375 0.7066078124999999 0.6575140625 0.7098625000000001 0.6857109375 0.7257953125000001 0.6999625 0.731421875 0.737290625 0.73541875 0.752253125 0.7301296875000001 0.7653390625000001 0.7215843750000001 0.7680281250000001 0.7123625 0.764378125 0.7042937499999999 0.7633140625 0.6885625
1 0.6460046875 0.6621265625 0.6190734375 0.65880625 0.594425 0.6525015625 0.5621703124999999 0.6347390625 0.5576046875 0.64070625 0.5571984375000001 0.6469453125 0.5449734375 0.6743390625 0.53594375 0.684715625 0.518596875 0.6945484375000001 0.5184953125 0.6961078125 0.5162125 0.6990921875 0.5198640625000001 0.7071609375000001 0.54410625 0.719703125 0.583209375 0.728515625 0.6144000000000001 0.730546875 0.6358046875000001 0.72254375 0.651478125 0.7063359375 0.655690625 0.6737203125 0.657871875 0.672296875 0.6460046875 0.6621265625
1 0.6545265625 0.6595500000000001 0.6777046875 0.6563609375 0.7076296875 0.6457796874999999 0.725078125 0.6343875 0.731925 0.6254359375 0.742275 0.5947859375 0.742884375 0.585428125 0.7394375 0.5742406250000001 0.7281796875000001 0.5547125 0.716109375 0.5476625 0.6784765625 0.54834375 0.6762953125 0.5497671875 0.636684375 0.548753125 0.63470625 0.5470578125000001 0.6118328125 0.5455687499999999 0.5953999999999999 0.541365625 0.5829234375000001 0.540553125 0.5727296875000001 0.53675625 0.5618234375 0.5438765625 0.5569546875 0.5545234375 0.5568531250000001 0.5560828124999999 0.55634375 0.56388125 0.561871875 0.5752046875 0.5613640625 0.5830015625 0.5649124999999999 0.5926296875 0.56288125 0.623821875 0.5645546875 0.6301953124999999 0.5703859375 0.6368406249999999 0.5844343750000001 0.6455859375 0.6088796875 0.655009375 0.6545265625 0.6595500000000001
0 0.7578953125 0.611465625 0.7443546875 0.594921875 0.7317218750000001 0.6285546875 0.7183312500000001 0.641778125 0.696928125 0.64978125 0.6946453125 0.652765625 0.6733421875000001 0.659209375 0.6523453124999999 0.6609734375 0.6543234375 0.66266875 0.6581765625 0.66761875 0.6907359375000001 0.680703125 0.7259859375 0.6845640625 0.7344046875 0.683546875 0.7605765625 0.6664578125 0.7857875 0.6320765625 0.7862953125 0.6242796875 0.7843171875 0.622584375 0.7740218750000001 0.620346875 0.7578953125 0.611465625
1 0.922259375 0.749034375 0.939809375 0.73608125 0.9496515625 0.7132296874999999 0.950565625 0.69919375 0.9474218750000001 0.6833265625 0.938446875 0.660815625 0.92303125 0.6410171874999999 0.9050265625 0.62888125 0.8683078125 0.615525 0.8579109375 0.6148484375 0.8407671875 0.6215625 0.8218500000000001 0.6234625 0.802728125 0.62848125 0.778634375 0.64570625 0.77843125 0.6488265625 0.7740703124999999 0.651675 0.7625546875 0.668153125 0.7624531250000001 0.6697124999999999 0.7683328125 0.707684375 0.7836484375 0.7290421874999999 0.8054046874999999 0.7476875 0.815496875 0.75304375 0.8483609375000001 0.7614484375 0.8670765625 0.76266875 0.8690546875 0.7643625000000001 0.8712359375000001 0.7629390625 0.8816328125 0.763615625 0.922259375 0.749034375
4 0.8559328125000001 0.613153125 0.8778453125000001 0.5973531249999999 0.882309375 0.5929453125 0.8826140625000001 0.588265625 0.8608578124999999 0.5696203125 0.851375 0.5549078125 0.84605 0.5404640625 0.8497546874999999 0.5156468750000001 0.8456984375 0.513815625 0.820846875 0.51063125 0.8040078125000001 0.5126671875000001 0.7912265625 0.5165328125 0.773778125 0.527925 0.752271875 0.5374875 0.7389828125 0.5491515625 0.73888125 0.5507125 0.7379671875 0.5647484375 0.7471453125 0.5841406250000001 0.7484124999999999 0.5967515624999999 0.76403125 0.61343125 0.782340625 0.6208890625000001 0.7926359374999999 0.6231265625 0.7948171875 0.6217015625 0.8114515625 0.6227859375 0.84523125 0.6171546875 0.8559328125000001 0.613153125
1 1.0 0.459653125 0.9746296875 0.458 0.9400375000000001 0.4761078125 0.9229953125 0.4812625 0.9021000000000001 0.4814671875 0.8955562499999999 0.48574062500000004 0.8951499999999999 0.491978125 0.9050390625 0.500453125 0.904734375 0.5051328125000001 0.8918515625 0.5105578125 0.858378125 0.5115093749999999 0.85163125 0.5189015625 0.8490437500000001 0.5265640625 0.8489421875 0.5281234375 0.8499046874999999 0.5454140625 0.8610609374999999 0.5665015624999999 0.8866703125000001 0.590096875 0.9185203124999999 0.6140984375 0.9368281250000001 0.6215546875 0.9472250000000001 0.6222328125 0.949203125 0.6239281250000001 0.969996875 0.6252828125 1.0 0.6212875 1.0 0.459653125
0 0.353384375 0.4097015625 0.37417968749999997 0.41105625 0.397459375 0.4063078125 0.42540625 0.3940328125 0.466946875 0.3654140625 0.4766875 0.344121875 0.478921875 0.3098125 0.4737 0.29380937500000004 0.4604640625 0.2725875 0.44484531250000003 0.2559078125 0.43673124999999996 0.252246875 0.4209078125 0.23868593749999997 0.400621875 0.22953437499999998 0.3426 0.22262187500000002 0.34041875 0.2240453125 0.3195234375 0.22425156249999997 0.30882187499999997 0.228253125 0.2995890625 0.24174687499999997 0.2907640625 0.249003125 0.2837125 0.2610734375 0.2749875 0.2667703125 0.2679375 0.278840625 0.2431328125 0.3069828125 0.24303124999999998 0.3085421875 0.24085 0.30996562499999997 0.24034218749999997 0.3177640625 0.24191406249999997 0.325696875 0.26463281250000004 0.3616328125 0.2766015625 0.37024375 0.28233125000000003 0.3784484375 0.2944015625 0.3854984375 0.296278125 0.388753125 0.3205203125 0.401296875 0.353384375 0.4097015625
0 0.3776140625 0.550671875 0.371478125 0.5487062500000001 0.3550921875 0.5758296875 0.33318125 0.59163125 0.3115734375 0.602753125 0.2946328125 0.6063484375 0.2590796875 0.6071640625 0.25689843749999997 0.6085890625 0.2549203125 0.60689375 0.2403640625 0.6059453125 0.2301703125 0.6021484375 0.23006875 0.603709375 0.2299671875 0.60526875 0.24568906250000003 0.6203875 0.2638953125 0.6294046875 0.2824078125 0.63374375 0.315678125 0.6359109375 0.3304375 0.6337390625 0.35412499999999997 0.622753125 0.376340625 0.6022734375 0.3899359375 0.58593125 0.39303125 0.5704703125 0.3776140625 0.550671875
0 0.43476875000000004 0.602946875 0.425184375 0.58979375 0.4109328125 0.584165625 0.3989640625 0.57555625 0.3851671875 0.5950171875 0.3561015625 0.6244484375 0.356 0.6260078124999999 0.3572671875 0.6386203125 0.36675 0.6533328125 0.3810015625 0.6589609375000001 0.4159453125 0.6675015625 0.44039062500000004 0.676925 0.44455 0.6771953125 0.44495625 0.6709578125 0.44140625 0.661328125 0.4416640625 0.6253234375 0.43476875000000004 0.602946875
5 0.31593593750000004 0.5999046875 0.329021875 0.591359375 0.3397234375 0.587359375 0.357375 0.572846875 0.3668109375 0.5562328125 0.369703125 0.5438921875 0.3580390625 0.5306015625 0.329840625 0.5146703125000001 0.285109375 0.49609375 0.2686765625 0.491890625 0.258584375 0.486534375 0.23403749999999998 0.478671875 0.2219671875 0.47162031249999997 0.20761406249999997 0.46755312499999996 0.192753125 0.4712828125 0.1794640625 0.482946875 0.1792609375 0.48606718750000005 0.1702328125 0.4964421875 0.1650578125 0.5117671875 0.16495625 0.5133265625 0.1620640625 0.5256671875000001 0.164040625 0.5273625 0.1651046875 0.5430937499999999 0.18199062500000002 0.5723859375 0.20988437499999998 0.592996875 0.2261140625 0.60031875 0.2507625 0.6066234374999999 0.26531875 0.6075703125 0.3031546875 0.6037703125 0.31593593750000004 0.5999046875
5 0.1816859375 0.5770640625000001 0.1818890625 0.5739453125 0.1648 0.547771875 0.16018749999999998 0.5224125 0.1704359375 0.49332343749999996 0.1885953125 0.47101249999999995 0.1787046875 0.4625375 0.16455625000000002 0.45535156250000003 0.12306874999999999 0.4510828125 0.1099828125 0.4596265625 0.048859375 0.5323890625 0.0487578125 0.5339484375 0.0465765625 0.5353734375 0.045865625 0.5462906249999999 0.05545 0.55944375 0.075228125 0.57639375 0.0914578125 0.583715625 0.11610625000000001 0.5900203125 0.1306625 0.59096875 0.1559203125 0.587915625 0.16870156249999999 0.58405 0.1816859375 0.5770640625000001
5 0.20047500000000001 0.3527546875 0.18895937499999998 0.3692328125 0.1778515625 0.3794734375 0.1706984375 0.393103125 0.172778125 0.3932390625 0.187334375 0.3941875 0.23369218749999998 0.387809375 0.28785781250000003 0.389771875 0.290140625 0.3867875 0.258596875 0.3581078125 0.23745 0.3301046875 0.22943750000000002 0.324884375 0.2207125 0.33058125 0.20929999999999999 0.34550000000000003 0.20047500000000001 0.3527546875
