5 0.7192609375 0.8777453124999999 0.7401453124999999 0.8794078125 0.7421656249999999 0.8778546875 0.7415453125 0.8622265625000001 0.737009375 0.8528296875000001 0.736575 0.8418890625 0.7321015625 0.8340546874999999 0.7293375 0.816853125 0.7248625 0.8090187500000001 0.71964375 0.7824312499999999 0.712840625 0.768334375 0.7052296874999999 0.733921875 0.6984250000000001 0.7198265625 0.6955984374999999 0.7010625 0.6887328125 0.685403125 0.6883609374999999 0.6760265624999999 0.6838859375 0.6681921875 0.6754953125000001 0.6665890625 0.6528390625 0.67273125 0.6465921875 0.6727015625 0.6241218749999999 0.6835328125 0.6078984375 0.6943937499999999 0.59388125 0.708390625 0.5782765624999999 0.7348796875 0.5783390625 0.7364421875 0.577125 0.7583125 0.57926875 0.7598859375 0.5824046875 0.7864640625 0.593559375 0.8052671874999999 0.6066734375 0.82095625 0.6216828125 0.8319656249999999 0.6365062499999999 0.8382875000000001 0.6877187499999999 0.8697828124999999 0.6961703124999999 0.8729484375000001 0.7192609375 0.8777453124999999
0 0.679328125 0.8681796875 0.6621125 0.854034375 0.655803125 0.8524421875 0.6365671875000001 0.83985 0.6195999999999999 0.83195625 0.6024468749999999 0.8193734375 0.582590625 0.791153125 0.5727125 0.752040625 0.5665890625000001 0.7551375 0.5479734374999999 0.7581734375 0.5439328125 0.7612796875 0.540203125 0.7722 0.5402640625 0.7737625 0.5389265625 0.79250625 0.5505765625000001 0.8238140625 0.568103125 0.8457734374999999 0.5809671875 0.8552109375000001 0.60424375 0.8646968749999999 0.6356625 0.869534375 0.644115625 0.8727 0.6670203124999999 0.8728093749999999 0.6773687500000001 0.8712953125 0.679328125 0.8681796875
0 0.649528125 0.536771875 0.6450546875 0.5289375 0.642165625 0.5086109375000001 0.6329078124999999 0.485128125 0.620140625 0.42568906249999994 0.615790625 0.42098125 0.6053796874999999 0.42093125000000003 0.5868249999999999 0.42553124999999997 0.578496875 0.425490625 0.57445625 0.42859687500000004 0.562025 0.43010000000000004 0.525165625 0.44555 0.506921875 0.4579640625 0.505396875 0.47202031250000004 0.493771875 0.493840625 0.49432968749999995 0.50790625 0.5011953124999999 0.5235640625 0.4993609375 0.52980625 0.49532187499999997 0.5329125 0.49538281250000005 0.534475 0.4978375 0.5438625 0.5364953125 0.573734375 0.5406593749999999 0.5737546874999999 0.578696875 0.588 0.6206515625 0.5960125 0.653965625 0.596171875 0.6600890625 0.593075 0.6594078125 0.575884375 0.6498999999999999 0.54615 0.649528125 0.536771875
0 0.3982609375 0.29025 0.41497968749999997 0.2918921875 0.41926874999999997 0.2950375 0.4195171875 0.3012890625 0.42361875 0.29974687499999997 0.432009375 0.3013484375 0.4498203125 0.2779953125 0.47002187500000003 0.26246562500000004 0.4822671875 0.256275 0.4862453125 0.25160625 0.46259843749999996 0.23274218750000003 0.4492984375 0.21236562499999997 0.44818281249999997 0.1842328125 0.451975 0.1748765625 0.4533765625 0.15769375000000002 0.4609609375 0.1389796875 0.4606515625 0.131165625 0.45850625 0.12959218749999998 0.4459515625 0.1279703125 0.433271875 0.123221875 0.4166140625 0.12314218750000001 0.38985625 0.13082812500000002 0.3552640625 0.1509765625 0.3413703125 0.1680984375 0.33378593749999996 0.1868125 0.333846875 0.1883765625 0.3319515625 0.19305468750000002 0.3327578125 0.213371875 0.3394375 0.2243421875 0.339746875 0.23215625 0.344159375 0.2384265625 0.3443453125 0.243115625 0.3554390625 0.2603578125 0.3641390625 0.2697734375 0.38558125 0.28550156250000003 0.3982609375 0.29025
5 0.26751562500000003 0.3005640625 0.2593109375 0.30365000000000003 0.2471890625 0.31296875 0.2314609375 0.33633125 0.2315234375 0.3378953125 0.23030937499999998 0.359765625 0.23263906250000002 0.3660265625 0.2480828125 0.3879765625 0.25237031249999997 0.391121875 0.2565359375 0.39114218749999996 0.2622234375 0.37710625000000003 0.2654578125 0.3536828125 0.2693125 0.3458875 0.2738859375 0.3037203125 0.26751562500000003 0.3005640625
3 0.3259828125 0.7774281249999999 0.33222968750000004 0.7774578125 0.3362078125 0.7727890625 0.33571249999999997 0.7602859375000001 0.33938125 0.747803125 0.373725 0.7214031249999999 0.375496875 0.7135984375 0.36269375 0.7057249999999999 0.3430234375 0.6821921875 0.3428375 0.677503125 0.3295390625 0.6571265625 0.3269609375 0.6446140625 0.3225484375 0.6383421874999999 0.319040625 0.6023875000000001 0.32258593750000003 0.586778125 0.32013125 0.5773906249999999 0.3221515625 0.5758375 0.32311718749999996 0.547715625 0.316003125 0.52580625 0.30975625 0.5257765625 0.295490625 0.533521875 0.26444375 0.5380609375 0.24840625 0.5536109375 0.24669531249999999 0.562978125 0.22857656249999997 0.5785171874999999 0.2227015625 0.5878640625 0.22276406249999997 0.5894265625 0.21744687499999998 0.612840625 0.21862343750000002 0.642534375 0.2256140625 0.6613187500000001 0.22592500000000001 0.6691328125 0.2462765625 0.7098578125 0.2593890625 0.7255453125 0.2595125 0.7286718750000001 0.28126562499999996 0.7522140625 0.3175296875 0.7742625000000001 0.3259828125 0.7774281249999999
3 0.2602171875 0.536478125 0.28085312500000004 0.5318890625 0.293346875 0.5319484375 0.31379687500000003 0.5226703125000001 0.3136734375 0.5195453125 0.35150000000000003 0.4759734375 0.35516875 0.46349062500000004 0.3686890625 0.43699062499999997 0.3834265625 0.388621875 0.3830546875 0.37924375 0.386784375 0.3683234375 0.384515625 0.363625 0.3916671875 0.33397031250000003 0.3892140625 0.32458437500000004 0.3912328125 0.32303125 0.3901796875 0.29646249999999996 0.38785 0.2902 0.3642640625 0.27290000000000003 0.35341875 0.261909375 0.3400578125 0.23997031249999998 0.3352109375 0.222759375 0.326571875 0.21490468749999997 0.31389374999999997 0.21015625 0.3055640625 0.2101171875 0.2993796875 0.21164999999999998 0.2872578125 0.22096718750000002 0.2814453125 0.231878125 0.2779015625 0.2474875 0.27681093749999997 0.2724828125 0.274790625 0.2740359375 0.27805 0.303740625 0.2761546875 0.30841875 0.2783609375 0.31155468750000004 0.27444375 0.3177859375 0.2735390625 0.3474703125 0.2658921875 0.364621875 0.2627203125 0.3896078125 0.2547015625 0.39738281249999996 0.2549484375 0.40363437500000005 0.241675 0.4363859375 0.2182390625 0.4753375 0.21217812500000002 0.479996875 0.2065515625 0.4955953125 0.21997343749999998 0.5190984375000001 0.20601875 0.5346578125 0.19426875 0.5533515625 0.19433125 0.554915625 0.1945171875 0.559603125 0.1989296875 0.565875 0.20750625 0.572165625 0.22630781249999998 0.57381875 0.23249218749999997 0.5722859375 0.24045 0.5629484375 0.24222187499999998 0.5551437499999999 0.2522609375 0.545815625 0.2521375 0.542690625 0.2602171875 0.536478125
3 0.49128125 0.5360171874999999 0.49709375 0.5251078125 0.496784375 0.51729375 0.4924328125 0.512584375 0.49004062499999995 0.5047609375000001 0.48960781249999996 0.4938203125 0.5012953125 0.4735625 0.49840625000000005 0.4532359375 0.5019515625000001 0.43762656250000004 0.5136999999999999 0.41893125 0.5173687499999999 0.40644843750000004 0.4747328125 0.38124375 0.440178125 0.349828125 0.4359515625 0.3482453125 0.42787031249999996 0.35445625000000003 0.38852031249999996 0.41208437499999995 0.3847890625 0.42300468750000003 0.37108125 0.44481562500000005 0.367475 0.4588609375 0.36753749999999996 0.4604234375 0.36846718749999996 0.4838671875 0.370859375 0.49169062500000005 0.379621875 0.502671875 0.40731093749999997 0.5184296875000001 0.4305875 0.527915625 0.434875 0.5310609375 0.43720468749999997 0.5373218750000001 0.4522765625 0.5498953125 0.46483125000000003 0.5515171875 0.49128125 0.5360171874999999
2 0.55745 0.20975625 0.5571390625 0.20194062499999998 0.5479437500000001 0.180021875 0.5281234375 0.1002359375 0.52138125 0.087703125 0.513053125 0.0876625 0.4986625 0.0922828125 0.47858437499999995 0.1109375 0.46493906249999994 0.1343109375 0.4555203125 0.1592671875 0.45595468749999996 0.1702078125 0.450575 0.1920578125 0.4506375 0.1936203125 0.45364843749999995 0.2170734375 0.4668234375 0.23432499999999998 0.4904109375 0.251625 0.526303125 0.264296875 0.54725 0.267521875 0.5492703125 0.26596875 0.5700296875 0.26450625 0.5720500000000001 0.262953125 0.571740625 0.25513906249999996 0.55745 0.20975625
1 0.5877921875000001 0.397409375 0.604078125 0.3881109375 0.60799375 0.3818796875 0.60725 0.36312500000000003 0.5932078125 0.32399374999999997 0.5928984374999999 0.3161796875 0.5862171875 0.305209375 0.5859078125 0.2973953125 0.5791640625000001 0.2848625 0.5765859375 0.27235 0.5722359375 0.26764062499999997 0.5452296875 0.269075 0.5430859375 0.2675015625 0.532675 0.26745312499999996 0.49261718749999994 0.2547609375 0.47828906250000003 0.26094375 0.453921875 0.276453125 0.440153125 0.2967 0.43250625 0.3138515625 0.4325671875 0.31541562500000003 0.43337343749999996 0.3357328125 0.440178125 0.349828125 0.4486921875 0.35455625 0.474671875 0.37968125 0.5172453124999999 0.4033234375 0.5234921875 0.40335312500000003 0.5298625 0.4065078125 0.5548484375 0.406628125 0.5651984375 0.40511406250000004 0.5877921875000001 0.397409375
1 0.437790625 0.867028125 0.45653125 0.8671171875000001 0.472940625 0.8609453125 0.489475 0.8578984374999999 0.5157375 0.8377109375 0.5173859375000001 0.82678125 0.5374015625 0.8065625000000001 0.5340796875 0.7752953125000001 0.5359765624999999 0.7706171875 0.533646875 0.7643546875 0.5293578125 0.761209375 0.5085359375 0.7611109375 0.5063921875 0.7595375 0.483425 0.757865625 0.46021093750000003 0.7499421875000001 0.44532499999999997 0.7420578124999999 0.423884375 0.7263296875 0.41089374999999995 0.7137671875 0.4045859375 0.712175 0.3942375 0.7136875 0.38609375 0.7183375 0.3778265625 0.7198609375 0.3474625 0.741590625 0.33956718750000003 0.7524921875 0.3400015625 0.76343125 0.33633281249999997 0.775915625 0.33639375 0.777478125 0.33235312499999997 0.780584375 0.3327875 0.7915234375 0.3372625 0.7993578125 0.34241875 0.824384375 0.35118125 0.8353640625000001 0.37262343750000004 0.8510921874999999 0.3938171875 0.8605671875 0.406434375 0.863753125 0.4230921875 0.8638328124999999 0.437790625 0.867028125
1 0.4064203125 0.7059328125000001 0.39501718750000003 0.680878125 0.3954875 0.640253125 0.363759375 0.6276015625 0.3554296875 0.6275609375 0.34330937499999997 0.6368796875 0.3376203125 0.650915625 0.33768125000000004 0.652478125 0.340384375 0.6681171875 0.344734375 0.672825 0.34498281249999996 0.6790765624999999 0.34945624999999997 0.6869109375 0.373353125 0.7120265625 0.3797234375 0.71518125 0.3880515625 0.715221875 0.394175 0.712125 0.40452343749999997 0.7106125 0.4064203125 0.7059328125000001
1 0.461659375 0.576503125 0.49270625 0.5719640625 0.5218578125 0.572103125 0.5217328125 0.5689765625 0.5108890625 0.5579875000000001 0.48950781250000003 0.543821875 0.47713906250000004 0.5468875 0.47518125 0.5500046875 0.47101718750000005 0.549984375 0.4669765625 0.5530906250000001 0.4523390625 0.5514578125 0.4351859375 0.538875 0.4328546875 0.5326140625 0.424278125 0.5263234375 0.41374374999999997 0.523146875 0.39034375 0.5105359375 0.384096875 0.5105046875 0.3574 0.519753125 0.3411765625 0.5306140625 0.3294890625 0.550871875 0.32992187500000003 0.5618125 0.3279015625 0.563365625 0.3279640625 0.564928125 0.3310375 0.58994375 0.3443375 0.6103203125000001 0.36584062500000003 0.6276109375 0.39328124999999997 0.6371171875 0.3994046875 0.634021875 0.405340625 0.6262375 0.409009375 0.6137546875 0.4188625 0.5997375 0.4391265625 0.585771875 0.461659375 0.576503125
1 0.49800000000000005 0.7579343749999999 0.5333984375 0.758103125 0.53541875 0.7565515625 0.5458296875 0.7565999999999999 0.5519515625 0.7535046875 0.5623625 0.7535546875 0.5725265625 0.747353125 0.5779046875 0.7255015625000001 0.5917359375 0.7068171875 0.6179375 0.685065625 0.6403453125 0.672671875 0.6458484375 0.6539484375 0.645290625 0.63988125 0.6364046875 0.6257765625 0.623415625 0.6132140625 0.61055 0.6037765625 0.6000156249999999 0.6006015625 0.5829859374999999 0.5911453125 0.5261453125 0.5752484375 0.4906859375 0.5735171875 0.4535171875 0.5811515625 0.42498593749999997 0.5966421875 0.4131125 0.6122109375 0.4113390625 0.620015625 0.405340625 0.6262375 0.40356875 0.6340421875 0.399590625 0.6387109375 0.3996515625 0.6402734375 0.39775625 0.6449515625 0.39930625000000003 0.6840234374999999 0.4016984375 0.6918484375 0.40604843749999997 0.69655625 0.4085640625 0.70750625 0.42375937500000005 0.7232046875 0.451634375 0.7436499999999999 0.47913750000000005 0.7547203125 0.487465625 0.754759375 0.49800000000000005 0.7579343749999999
0 0.35224375 0.49472812499999996 0.3318546875 0.50556875 0.321878125 0.5164593749999999 0.321940625 0.518021875 0.3250140625 0.5430375 0.3293640625 0.547746875 0.33915625 0.5321671875 0.35531718749999996 0.5197437500000001 0.3779125 0.5120390625 0.3819515625 0.5089328125 0.381828125 0.50580625 0.3666953125 0.49167187500000004 0.36253125 0.4916515625 0.35224375 0.49472812499999996
