2 0.5984375 0.46666718749999997 0.5875 0.47291718749999995 0.5640625 0.49791718749999997 0.5578125 0.5104171875 0.55 0.5375 0.5515625 0.58125 0.5578125 0.60625 0.5734375 0.6333328125000001 0.5859375 0.65 0.6046875 0.6479171874999999 0.60625 0.6458328125 0.621875 0.6458328125 0.6234375 0.6479171874999999 0.628125 0.6458328125 0.653125 0.6520828125 0.6578125 0.65625 0.6703125 0.6604171875 0.69375 0.6291671875 0.6953125 0.61875 0.7 0.6104171875 0.7 0.6041671875 0.7046875 0.5895828125 0.703125 0.5583328125 0.6921875 0.5229171874999999 0.68125 0.5041671875 0.665625 0.48541718749999996 0.6375 0.46666718749999997 0.6359375 0.46666718749999997 0.6046875 0.46458281250000005 0.5984375 0.46666718749999997
2 1.0 0.55625 0.9359375 0.55625 0.9359375 0.6520828125 1.0 0.6520828125 1.0 0.55625
0 0.384375 0.39375 0.3765625 0.40625 0.3640625 0.4125 0.3609375 0.4166671875 0.359375 0.42916718749999994 0.434375 0.5541671874999999 0.4453125 0.5604171874999999 0.4578125 0.5458328125 0.4703125 0.5229171874999999 0.478125 0.49375 0.478125 0.47708281250000006 0.4671875 0.43958281250000003 0.4546875 0.41875 0.4421875 0.40625 0.4125 0.3895828125 0.4109375 0.3895828125 0.3984375 0.3875 0.384375 0.39375
0 0.496875 0.5875 0.475 0.5958328125000001 0.4671875 0.6020828125000001 0.4671875 0.60625 0.525 0.7020828125 0.5421875 0.725 0.546875 0.7125 0.55 0.69375 0.5546875 0.6833328125 0.571875 0.6604171875 0.58125 0.6541671874999999 0.58125 0.6520828125 0.559375 0.6125 0.553125 0.60625 0.540625 0.6 0.5390625 0.6 0.515625 0.5895828125 0.496875 0.5875
0 0.7875 0.36875 0.7671875 0.3895828125 0.7578125 0.4125 0.7578125 0.425 0.7625 0.4479171875 0.784375 0.4625 0.79375 0.475 0.8 0.4895828125 0.8171875 0.5104171875 0.825 0.5041671875 0.8484375 0.49791718749999997 0.8640625 0.48333281250000004 0.878125 0.46458281250000005 0.88125 0.45 0.8796875 0.42083281250000004 0.8640625 0.3854171875 0.8453125 0.3645828125 0.828125 0.35625 0.8265625 0.35625 0.8 0.3604171875 0.7875 0.36875
0 0.684375 0.6479171874999999 0.6734375 0.6604171875 0.6859375 0.6729171875 0.7109375 0.7083328125 0.73125 0.70625 0.7375 0.7020828125 0.7421875 0.6895828125000001 0.7421875 0.6666671875 0.7453125 0.6604171875 0.7390625 0.64375 0.740625 0.6395828125 0.7375 0.6354171875 0.734375 0.61875 0.728125 0.6104171875 0.715625 0.5979171875 0.70625 0.59375 0.7046875 0.5958328125000001 0.6953125 0.6291671875 0.684375 0.6479171874999999
3 0.459375 0.42291718749999996 0.4734375 0.45208281250000004 0.478125 0.47083281250000003 0.4796875 0.4875 0.4828125 0.49166718749999994 0.5125 0.5041671875 0.534375 0.49375 0.5640625 0.49583281250000005 0.575 0.48541718749999996 0.5875 0.46875 0.5734375 0.44583281250000006 0.5515625 0.425 0.528125 0.41041718749999995 0.525 0.40625 0.521875 0.40625 0.51875 0.40208281250000005 0.48125 0.3854171875 0.465625 0.38125 0.4359375 0.38125 0.4203125 0.3854171875 0.415625 0.3895828125 0.4171875 0.3895828125 0.4359375 0.4 0.459375 0.42291718749999996
5 0.7359375 0.42083281250000004 0.7125 0.42291718749999996 0.7109375 0.425 0.7109375 0.45208281250000004 0.7125 0.45416718749999996 0.721875 0.4479171875 0.7609375 0.4479171875 0.759375 0.43333281250000005 0.7546875 0.42083281250000004 0.753125 0.42083281250000004 0.7375 0.41875 0.7359375 0.42083281250000004
5 0.596875 0.3625 0.590625 0.3708328125 0.5828125 0.3895828125 0.578125 0.40833281250000003 0.5765625 0.43125 0.578125 0.44166718749999995 0.58125 0.44583281250000006 0.5828125 0.45625 0.590625 0.46666718749999997 0.603125 0.4625 0.63125 0.4625 0.6421875 0.46666718749999997 0.6640625 0.48333281250000004 0.66875 0.48333281250000004 0.6765625 0.47083281250000003 0.6859375 0.44166718749999995 0.6796875 0.3916671875 0.675 0.3791671875 0.6640625 0.3645828125 0.6515625 0.3541671875 0.6421875 0.35 0.640625 0.35 0.6109375 0.3520828125 0.596875 0.3625
5 0.721875 0.6020828125000001 0.734375 0.61875 0.740625 0.6375 0.7421875 0.6625 0.746875 0.6645828125000001 0.7578125 0.65625 0.7578125 0.6354171875 0.753125 0.6041671875 0.7453125 0.5875 0.725 0.5666671875 0.715625 0.5625 0.70625 0.5625 0.70625 0.5645828125000001 0.70625 0.5895828125 0.721875 0.6020828125000001
5 0.6078125 0.65 0.590625 0.6520828125 0.5703125 0.6645828125000001 0.55625 0.6833328125 0.54375 0.725 0.5515625 0.75 0.5515625 0.7583328125000001 0.55625 0.7625 0.565625 0.7625 0.6015625 0.7458328125 0.615625 0.74375 0.646875 0.73125 0.6640625 0.7291671875 0.675 0.7229171875 0.68125 0.7229171875 0.709375 0.7125 0.709375 0.7083328125 0.7015625 0.6958328125000001 0.6859375 0.675 0.6765625 0.6666671875 0.6515625 0.6541671874999999 0.63125 0.6479171874999999 0.6296875 0.6479171874999999 0.609375 0.6479171874999999 0.6078125 0.65
1 0.684375 0.4125 0.684375 0.45208281250000004 0.68125 0.4625 0.675 0.47291718749999995 0.675 0.47708281250000006 0.6859375 0.47291718749999995 0.69375 0.46666718749999997 0.7 0.46666718749999997 0.7078125 0.4583328125 0.709375 0.45416718749999996 0.709375 0.41458281250000006 0.7015625 0.3895828125 0.6875 0.36875 0.675 0.3604171875 0.6625 0.3604171875 0.6625 0.3625 0.678125 0.3833328125 0.684375 0.4125
1 0.5234375 0.5 0.503125 0.5125 0.4921875 0.5270828125 0.4859375 0.5395828125000001 0.4859375 0.5458328125 0.4796875 0.5666671875 0.4796875 0.5875 0.4765625 0.5916671874999999 0.496875 0.5854171874999999 0.5046875 0.5854171874999999 0.5203125 0.5916671874999999 0.528125 0.5916671874999999 0.5375 0.5979171875 0.55 0.6020828125000001 0.553125 0.60625 0.5546875 0.5958328125000001 0.55 0.5791671875 0.5484375 0.54375 0.553125 0.5208328125 0.559375 0.50625 0.559375 0.5 0.5546875 0.49583281250000005 0.553125 0.49583281250000005 0.5359375 0.49583281250000005 0.5234375 0.5
1 0.4859375 0.5 0.478125 0.5041671875 0.4671875 0.5333328125000001 0.446875 0.5645828125000001 0.4484375 0.575 0.459375 0.59375 0.4625 0.5979171875 0.46875 0.5979171875 0.48125 0.5895828125 0.4796875 0.5875 0.4796875 0.5666671875 0.484375 0.54375 0.490625 0.5291671874999999 0.5078125 0.5083328125000001 0.503125 0.5020828125000001 0.5015625 0.5020828125000001 0.5 0.5 0.4859375 0.5
1 0.81875 0.5083328125000001 0.8046875 0.51875 0.8015625 0.51875 0.784375 0.5354171875 0.7703125 0.5625 0.7671875 0.5791671875 0.7671875 0.5979171875 0.7765625 0.6375 0.7875 0.65625 0.7921875 0.6604171875 0.8015625 0.6645828125000001 0.8140625 0.6770828125 0.828125 0.6791671874999999 0.8296875 0.6770828125 0.8640625 0.6708328125 0.8796875 0.6625 0.8859375 0.65625 0.9046875 0.65 0.909375 0.64375 0.909375 0.6395828125 0.9125 0.6375 0.9203125 0.6104171875 0.921875 0.5770828125 0.915625 0.5625 0.915625 0.5583328125 0.896875 0.5270828125 0.8953125 0.5208328125 0.8828125 0.5104171875 0.865625 0.5041671875 0.8640625 0.5041671875 0.8390625 0.5020828125000001 0.81875 0.5083328125000001
4 0.7421875 0.45 0.740625 0.4479171875 0.7296875 0.4479171875 0.7171875 0.45208281250000004 0.703125 0.46875 0.6921875 0.49166718749999994 0.6921875 0.5166671875 0.7015625 0.5395828125000001 0.703125 0.5520828125 0.709375 0.5583328125 0.71875 0.5604171874999999 0.725 0.5666671875 0.728125 0.5666671875 0.7484375 0.5875 0.7625 0.5875 0.765625 0.5833328125 0.76875 0.5625 0.775 0.5479171875 0.7875 0.5291671874999999 0.803125 0.5166671875 0.80625 0.5104171875 0.803125 0.49583281250000005 0.790625 0.47083281250000003 0.7734375 0.45625 0.771875 0.45625 0.7609375 0.45 0.7421875 0.45
4 0.9453125 0.525 0.940625 0.525 0.928125 0.5354171875 0.925 0.5354171875 0.9171875 0.5520828125 0.9171875 0.5583328125 0.925 0.5791671875 0.925 0.5979171875 0.9203125 0.625 0.93125 0.6375 0.9359375 0.6354171875 0.934375 0.6333328125000001 0.934375 0.61875 0.9359375 0.6145828125 0.9421875 0.60625 0.953125 0.58125 0.965625 0.56875 0.9875 0.55625 0.9984375 0.5541671874999999 0.9984375 0.5416671875 0.9890625 0.53125 0.975 0.5229171874999999 0.959375 0.51875 0.9578125 0.5208328125 0.95 0.5208328125 0.9453125 0.525
4 0.759375 0.6604171875 0.7484375 0.6666671875 0.74375 0.675 0.7453125 0.68125 0.740625 0.7020828125 0.746875 0.7041671875 0.7484375 0.7020828125 0.76875 0.7 0.775 0.6958328125000001 0.78125 0.6958328125000001 0.8125 0.6854171874999999 0.8125 0.68125 0.809375 0.6770828125 0.790625 0.6645828125000001 0.7890625 0.6645828125000001 0.7796875 0.6604171875 0.759375 0.6604171875
