3 0.5531531249999999 0.4891640625 0.5556062500000001 0.4799609375 0.510665625 0.454596875 0.50883125 0.44819375 0.542953125 0.43046249999999997 0.56311875 0.3960046875 0.6163515625 0.3703484375 0.6031390625 0.3348953125 0.5886875 0.3306546875 0.5330015625 0.3655171875 0.5018296875 0.361559375 0.45540156249999997 0.37365 0.4394 0.4084265625 0.40049531250000003 0.44144531249999996 0.40544062500000005 0.4746984375 0.4212296875 0.497825 0.4376390625 0.5053468750000001 0.47713906250000004 0.5099437499999999 0.5233203125 0.5040953125 0.5531531249999999 0.4891640625
5 0.23695624999999998 0.35218906250000004 0.21827812500000002 0.349190625 0.12560625 0.368690625 0.094559375 0.3616125 0.085734375 0.3734578125 0.0899109375 0.47866093750000005 0.1502328125 0.48485468750000005 0.1901671875 0.47852656250000003 0.22643125 0.4593953125 0.24616406249999997 0.4358625 0.2556703125 0.40685000000000004 0.2506015625 0.3767171875 0.23695624999999998 0.35218906250000004
5 0.47014843749999996 0.5281921875 0.42648437499999997 0.523275 0.37974687500000004 0.54316875 0.40336875 0.5794203125 0.40181875 0.6184375 0.41198281249999996 0.625478125 0.4723671875 0.6301125 0.5022 0.6151828125 0.51316875 0.6019359375 0.5181390625 0.5819671875 0.512759375 0.5596390625 0.49066093750000006 0.5375921875 0.47014843749999996 0.5281921875
0 0.356 0.5100390625 0.361403125 0.47914531250000003 0.352046875 0.45181562499999994 0.29302656250000003 0.41284687499999995 0.2580625 0.39920625 0.25738125 0.4163734375 0.241565625 0.4464671875 0.22202031249999998 0.4653171875 0.1921875 0.480246875 0.19952343749999998 0.5058578125000001 0.19374843749999998 0.5461140624999999 0.23073125 0.5614765625 0.261965625 0.5638734375000001 0.29994062499999996 0.5542640624999999 0.3362671875 0.5335703125 0.356 0.5100390625
0 0.323165625 0.6531015625000001 0.353840625 0.66954375 0.39340312499999996 0.6725796875000001 0.42935937500000004 0.6612515625000001 0.4430296875 0.6325578125 0.40169531249999996 0.6215578125000001 0.392809375 0.634965625 0.369284375 0.6488140625 0.323165625 0.6531015625000001
0 0.5714984375000001 0.2902015625 0.578178125 0.27975625000000004 0.4350390625 0.30790625 0.4740421875 0.3249875 0.511584375 0.326303125 0.5455203125 0.313253125 0.5714984375000001 0.2902015625
0 0.2563515625 0.3896828125 0.273009375 0.3909609375 0.2984921875 0.38039375 0.330840625 0.3546984375 0.3420578125 0.335209375 0.3423671875 0.32740625 0.3340390625 0.3267671875 0.235059375 0.3473484375 0.2563515625 0.3896828125
1 0.5951203125 0.326453125 0.598009375 0.306325 0.5902999999999999 0.290078125 0.5781171875 0.2813171875 0.5454578125 0.3148140625 0.50105 0.3286265625 0.4616109375 0.32246874999999997 0.4349765625 0.3094671875 0.41396875 0.31255 0.438025 0.337878125 0.455525 0.370528125 0.4997484375 0.3614 0.524671875 0.364878125 0.5628953125 0.3490265625 0.5951203125 0.326453125
1 0.34665625 0.32460468750000004 0.3263671875 0.3621828125 0.266453125 0.39828437499999997 0.3522328125 0.44713281250000003 0.39633124999999997 0.441125 0.42855625 0.4185515625 0.4462671875 0.3933 0.45129843750000004 0.3717703125 0.431903125 0.33427656250000004 0.41396875 0.31255 0.34665625 0.32460468750000004
1 0.51105 0.550115625 0.5411921875 0.52738125 0.5464109374999999 0.5011703125 0.47707812499999996 0.5115031250000001 0.43133125000000005 0.506428125 0.426546875 0.5217140625 0.46402656249999996 0.524590625 0.51105 0.550115625
1 0.40519218749999997 0.480940625 0.3644515625 0.50755625 0.3487609375 0.5345296875 0.38201406250000003 0.538646875 0.42244374999999995 0.5198343750000001 0.42931093750000004 0.5047078125 0.40519218749999997 0.480940625
1 0.1935 0.55235625 0.13799843750000002 0.5825359375 0.1408609375 0.6156296875 0.12681875 0.6536875 0.1781296875 0.676409375 0.2198359375 0.6780453125 0.26216249999999997 0.6640734375 0.27754375 0.6449046875 0.2854640625 0.6032453125 0.27187968749999997 0.57715625 0.2514296875 0.5661953125 0.1935 0.55235625
1 0.1357921875 0.5854984375 0.0792625 0.5889859375000001 0.073834375 0.6731015625000001 0.10341875 0.6644140625 0.12712812499999998 0.645884375 0.1387171875 0.6170296875 0.1357921875 0.5854984375
2 0.0674125 0.7821875 0.1367453125 0.7718546875000001 0.1583109375 0.754725 0.1685609375 0.7069828125 0.1408984375 0.6672906249999999 0.118303125 0.6577296875 0.069421875 0.679025 0.061315625 0.7253640625 0.0674125 0.7821875
2 0.180759375 0.557640625 0.1965125 0.5291078125 0.1879609375 0.4814890625 0.137615625 0.48701718749999995 0.0898484375 0.4802203125 0.0835515625 0.586184375 0.133834375 0.5822171875000001 0.180759375 0.557640625
4 0.2763546875 0.5696734375 0.2876078125 0.6018453125 0.28440937499999996 0.6297765625 0.30669375 0.647140625 0.3651203125 0.64849375 0.3952015625 0.627321875 0.401225 0.580821875 0.38555937500000004 0.5545734375 0.3652328125 0.540490625 0.33399999999999996 0.53809375 0.2763546875 0.5696734375
4 0.24681718749999998 0.7349046875 0.255765625 0.7199375 0.2489875 0.6802828125 0.1612859375 0.6798124999999999 0.17064375 0.70714375 0.1667640625 0.7522421875 0.2000796875 0.7547984375000001 0.24681718749999998 0.7349046875
4 0.3635484375 0.4777453125 0.35820625 0.5070765625 0.4010890625 0.4790609375 0.3982265625 0.4459671875 0.3521703125 0.44869375 0.3635484375 0.4777453125
