3 0.7201484375 0.2591671875 0.6888203125000001 0.23018437500000002 0.6742250000000001 0.2274671875 0.6283859374999999 0.23630625 0.6096296875 0.2379359375 0.6054671875000001 0.240725 0.6055234375 0.2672296875 0.613878125 0.2756859375 0.620159375 0.2886546875 0.6243359374999999 0.292103125 0.6243453125 0.29678125 0.6327015625 0.3052375 0.6410703125 0.31993125 0.6431703125 0.3278921875 0.64735 0.33290000000000003 0.651565625 0.3550578125 0.6557515625 0.363184375 0.6579453125 0.41479999999999995 0.6558640625 0.41619375 0.6558843750000001 0.4255484375 0.6496796875 0.4484390625 0.6455265625 0.4559046875 0.6435140625 0.49004062499999995 0.6414328125 0.491434375 0.64353125 0.4978359375 0.6497953125 0.503009375 0.6602187500000001 0.5038359375 0.6831390625 0.4994171875 0.6914640624999999 0.493840625 0.7102109375000001 0.4875328125 0.73934375 0.4649 0.75389375 0.44578749999999995 0.760115625 0.43069218749999993 0.7601125 0.42913281249999996 0.7621609375 0.41214843749999996 0.7642421875000001 0.4107546875 0.764153125 0.3686578125 0.762065625 0.366934375 0.7620421875 0.3560203125 0.759953125 0.3542953125 0.755725 0.3259015625 0.7473359375 0.301853125 0.732690625 0.27575 0.7201484375 0.2591671875
3 0.6165093749999999 0.53310625 0.597753125 0.5347375000000001 0.5790062500000001 0.5410468749999999 0.55401875 0.5530953125 0.52488125 0.57416875 0.48535781250000004 0.6115671875 0.4604296875 0.6516796874999999 0.452140625 0.67440625 0.4500890625 0.68983125 0.4521890625 0.6977921874999999 0.46473125 0.714375 0.4689203125 0.7240609375 0.4898015625 0.7413046875 0.5064921874999999 0.7488625 0.516915625 0.7496890625 0.533584375 0.746334375 0.5481281250000001 0.724103125 0.550159375 0.6993234375 0.556384375 0.6857859375 0.5647031250000001 0.6770921875 0.57093125 0.665115625 0.6104499999999999 0.6246 0.6645671875 0.588359375 0.6687031250000001 0.5730984375 0.66660625 0.566696875 0.6686765625 0.560625 0.7227921875 0.522825 0.7227890625 0.5212656250000001 0.7206734375 0.50706875 0.714403125 0.49877656249999996 0.7081421875 0.4951625 0.695634375 0.494171875 0.6852265625 0.501140625 0.6769109375 0.51139375 0.6540140625 0.5267265625 0.6373562500000001 0.5347593749999999 0.6248515625 0.5353265625 0.6165093749999999 0.53310625
3 0.40391562499999994 0.5411984375000001 0.39558125 0.542096875 0.35809531250000004 0.55783125 0.3476734375 0.5585640625 0.345609375 0.5677531250000001 0.34145 0.5721 0.3206125 0.575125 0.3143546875 0.5730703125 0.3102046875 0.5820953125 0.3060421875 0.5848828125 0.3060546875 0.5911187499999999 0.3144046875 0.5964578125 0.3165015625 0.602859375 0.3248515625 0.6081984375 0.354034375 0.6089515624999999 0.37909375 0.6312031250000001 0.39373749999999996 0.655746875 0.39790625 0.656078125 0.4333078125 0.6401765625 0.46452968749999995 0.61926875 0.479090625 0.604834375 0.4790859375 0.603275 0.48116875 0.60188125 0.4811515625 0.5940859374999999 0.47696875 0.58751875 0.445625 0.5507390625 0.449775 0.5417156249999999 0.4309890625 0.5293140625 0.4205640625 0.5284875 0.4101515625 0.5323390625 0.4080796875 0.5384109375 0.40391562499999994 0.5411984375000001
2 0.156315625 0.750725 0.1459125 0.7592546875 0.13551875 0.7724593750000001 0.13346249999999998 0.7863265625 0.14602500000000002 0.8122640625 0.14604062499999998 0.8200593749999999 0.1565046875 0.8395953125 0.1690328125 0.8499421875 0.17946718749999999 0.8554453125 0.2128328125 0.8627671875 0.21491406249999997 0.8613734375 0.22533750000000002 0.8621984375 0.2378359375 0.8585125 0.2565765625 0.8490859374999999 0.2961171875 0.819484375 0.3148265625 0.796025 0.31482343749999997 0.7944671875 0.31686875 0.775921875 0.3147671875 0.7679609375 0.30012500000000003 0.7434171875 0.28759687500000003 0.733071875 0.27299375000000003 0.7272375 0.2563078125 0.722796875 0.2333765625 0.7209796875000001 0.2167046875 0.7227765625 0.1958734375 0.72891875 0.156315625 0.750725
0 0.38963437500000003 0.6865984375 0.383409375 0.7001359375 0.3605203125 0.7185859375 0.3251125 0.73136875 0.30427499999999996 0.73439375 0.30219999999999997 0.73890625 0.312659375 0.7568828125 0.318953125 0.7760875 0.3231296875 0.7795359375 0.36903437499999997 0.8018812499999999 0.3919796875 0.8099359375 0.4107390625 0.8098625 0.4357265625 0.7978140625 0.45029062499999994 0.7849390625 0.462759375 0.7672203125 0.46275625 0.7656609375000001 0.4668984375 0.75351875 0.4668421875 0.7270140625 0.4563796875 0.707478125 0.44385 0.69713125 0.4334203125 0.6931875 0.43133906250000004 0.6945812499999999 0.429246875 0.6912984375 0.40213593750000004 0.6844718750000001 0.393796875 0.6838109375 0.38963437500000003 0.6865984375
5 0.6147375 0.6810578125 0.6355453125 0.6640015625 0.6521546875 0.63258125 0.6521515625000001 0.631021875 0.6521140625 0.613871875 0.647928125 0.605746875 0.641675 0.6052500000000001 0.614615625 0.6233703125 0.5979703125 0.637640625 0.5750984375 0.6638875 0.5626328125 0.6831640625000001 0.5647203125 0.6848890625 0.591821875 0.6870359374999999 0.6147375 0.6810578125
0 0.639490625 0.5583109375 0.639375 0.5037421875 0.53930625 0.49581093750000005 0.539421875 0.5503796875 0.639490625 0.5583109375
0 0.5349421875 0.40349218750000004 0.52869375 0.40611406250000004 0.5203546875 0.405453125 0.5203625 0.408571875 0.5161984375 0.41135937499999997 0.543328125 0.42597968750000004 0.5621265625 0.4446171875 0.576765625 0.46760156249999996 0.5789109375 0.49583125 0.5809984375 0.49755625 0.6081000000000001 0.49970468749999997 0.6372671875 0.49266249999999995 0.6413671875 0.4602515625 0.6455140625 0.44966875 0.6455109375 0.44810937500000003 0.649653125 0.4359671875 0.6475453124999999 0.4248875 0.632915625 0.40658125 0.6266578125 0.40452656249999996 0.6203937500000001 0.39935312500000003 0.5995468749999999 0.3977 0.580790625 0.39933125 0.5557703125 0.3957890625 0.5453625 0.40275937500000003 0.5349421875 0.40349218750000004
1 0.603596875 0.34190156250000003 0.6056921875 0.3467453125 0.5994578125000001 0.355603125 0.593209375 0.35822656249999996 0.5911187499999999 0.3549421875 0.5682359375 0.37651249999999997 0.5536546875 0.3815921875 0.543234375 0.38232499999999997 0.5432375 0.383884375 0.551590625 0.39078124999999997 0.56410625 0.394890625 0.5974609375 0.397534375 0.60579375 0.395078125 0.620384375 0.394675 0.6328828125 0.3909890625 0.6495375 0.38139687499999997 0.649534375 0.3798390625 0.651615625 0.37844375 0.6515734375 0.3581765625 0.643175 0.32945 0.6264406250000001 0.3016234375 0.6222640625 0.29817499999999997 0.6222578125 0.29505625 0.6139046875 0.288159375 0.607646875 0.2861046875 0.6098312499999999 0.33304374999999997 0.603596875 0.34190156250000003
1 0.49919062500000005 0.254125 0.47419062500000003 0.25993750000000004 0.46793593749999995 0.25944218750000003 0.43668125 0.264759375 0.4304328125 0.26738125 0.40959218750000004 0.26884687500000004 0.3950125 0.27392656249999997 0.39296406250000004 0.2909125 0.40762656249999996 0.3248109375 0.4327 0.3532984375 0.44522812500000003 0.36364375 0.4514828125 0.364140625 0.4640046875 0.37136874999999997 0.4932046875 0.37991874999999997 0.5453203125 0.38249062500000003 0.5682328125 0.374953125 0.5807171875 0.36503125000000003 0.5807078125 0.360353125 0.5890265625 0.351659375 0.5994375 0.3462484375 0.5994312500000001 0.34313125 0.607746875 0.332878125 0.6056390625 0.3217984375 0.6077203124999999 0.3204046875 0.6077171875 0.31884531250000003 0.6055984375000001 0.3030890625 0.6035109375000001 0.30136562499999997 0.605565625 0.2874984375 0.6013796874999999 0.279371875 0.5804859375 0.2558921875 0.574228125 0.2538375 0.5679609375 0.24710468749999998 0.5471171874999999 0.24701093749999997 0.51378125 0.253721875 0.49919062500000005 0.254125
1 0.3971921875 0.31930625 0.4013484375 0.3134 0.39926093749999997 0.31167656250000003 0.3908828125 0.29230625 0.3908421875 0.273596875 0.357496875 0.2756296875 0.3283296875 0.282671875 0.3367015625 0.2989234375 0.34299843750000003 0.3196875 0.3534203125 0.3189546875 0.3555078125 0.32067968750000003 0.368015625 0.3216703125 0.3971921875 0.31930625
4 0.3701109375 0.3265125 0.34925625 0.3217421875 0.343015625 0.3274828125 0.34097343750000003 0.3475859375 0.3305890625 0.3654703125 0.3160296875 0.3799046875 0.299375 0.38949687499999996 0.29938125000000004 0.39261406249999997 0.31815000000000004 0.3972203125 0.32023125 0.39582656250000003 0.3389953125 0.3973140625 0.3410828125 0.3990375 0.353590625 0.4000296875 0.378621875 0.4082484375 0.39114375 0.4154765625 0.416203125 0.437728125 0.42869843750000003 0.4324828125 0.449509375 0.41698593749999996 0.45782187499999993 0.40517343749999996 0.45781875000000005 0.4036140625 0.45570468750000004 0.3894171875 0.44315 0.36659687500000004 0.4264453125 0.352803125 0.42017187500000003 0.34295156250000003 0.4055515625 0.329321875 0.399290625 0.3257078125 0.39304375 0.32833125 0.382615625 0.3259453125 0.380534375 0.3273390625 0.3701109375 0.3265125
1 0.42039687499999995 0.44897187499999996 0.428778125 0.46990156250000004 0.42883750000000004 0.49796562499999997 0.42676875000000003 0.505596875 0.42260937500000006 0.5099437499999999 0.42262656249999997 0.5177390625 0.4455890625 0.5335890625 0.45601875 0.5375328125000001 0.458109375 0.5408171875 0.48104531250000004 0.54419375 0.4831265625 0.5428 0.4998046875 0.544121875 0.5331453125000001 0.5389703124999999 0.553965625 0.52815 0.5664484375 0.51666875 0.5747546875 0.5017375000000001 0.5747375 0.49394218749999996 0.5768187499999999 0.4925484375 0.5768156249999999 0.4909890625 0.5767859375 0.47695781249999997 0.572590625 0.464153125 0.553775 0.43772031250000004 0.54541875 0.4292640625 0.507859375 0.41069843749999996 0.468246875 0.40599999999999997 0.46199531250000003 0.4070625 0.4474359375 0.421496875 0.4203765625 0.4396171875 0.42039687499999995 0.44897187499999996
1 0.345253125 0.39936875 0.3223203125 0.39754999999999996 0.318153125 0.3987796875 0.316065625 0.3970546875 0.301471875 0.3958984375 0.29522499999999996 0.3985203125 0.2868859375 0.397859375 0.2577125 0.40178281250000003 0.234803125 0.41087968750000003 0.2327578125 0.4294234375 0.22860156250000002 0.4353296875 0.226540625 0.446078125 0.20991093749999998 0.4681421875 0.191178125 0.4806875 0.18911093750000002 0.48831875 0.21836562499999998 0.5233734375 0.23715625 0.5373328125 0.2517625 0.5447265625 0.2809625 0.5532765625 0.3247453125 0.55830625 0.333078125 0.5558484375 0.3455859375 0.556840625 0.3580875 0.5547125 0.3914109375 0.541765625 0.4101375 0.526103125 0.42053124999999997 0.512896875 0.42052187500000004 0.5082187499999999 0.42467812499999996 0.5023125 0.42467499999999997 0.5007546875 0.42675 0.49624218750000004 0.4267 0.47285468750000004 0.4204125 0.45676875 0.4204 0.45053124999999994 0.41620625 0.4392875 0.3994953125 0.4223734375 0.378625 0.4098078125 0.364021875 0.40397343750000003 0.3556828125 0.4033125 0.345253125 0.39936875
1 0.31025468749999996 0.60548125 0.3040203125 0.614340625 0.27281093749999996 0.6414859374999999 0.2415703125 0.6530390625 0.2165625 0.6557328124999999 0.21031875000000003 0.659915625 0.20616875 0.6689390625 0.2082671875 0.675340625 0.2207984375 0.687246875 0.22498437500000001 0.695371875 0.2396078125 0.7105609375 0.2542171875 0.7195140624999999 0.2855046875 0.7297875 0.3021828125 0.7311093750000001 0.3230234375 0.7296437499999999 0.34802187500000004 0.722271875 0.3667609375 0.7128453125 0.3792421875 0.7013640624999999 0.3854734375 0.6909453125 0.38547031249999997 0.6893875 0.3916953125 0.67585 0.391653125 0.65558125 0.3832796875 0.6393296875 0.37492187499999996 0.6293140625 0.35404375 0.6136296875 0.33319375 0.6104171875 0.3269421875 0.61148125 0.320684375 0.6094265625 0.3144203125 0.604253125 0.31025468749999996 0.60548125
1 0.08311874999999999 0.635803125 0.08313437500000001 0.6435984375 0.104125 0.71229375 0.10624843749999999 0.7311687499999999 0.1125328125 0.7456968749999999 0.11879999999999999 0.752428125 0.135478125 0.7537499999999999 0.14797968749999998 0.7516234374999999 0.1729671875 0.739575 0.1875375 0.7298171875 0.187534375 0.7282578125 0.1958609375 0.7226828125 0.206240625 0.7032406250000001 0.204096875 0.6750109375 0.1915484375 0.6553093750000001 0.183203125 0.65153125 0.151928125 0.6474921874999999 0.11437968750000001 0.6336046875 0.0956171875 0.6321171875 0.0852 0.6344093749999999 0.08311874999999999 0.635803125
0 0.11202343749999999 0.505590625 0.10786718749999999 0.511496875 0.0995390625 0.5155140625 0.08914375 0.52871875 0.0829 0.5329015625 0.072515625 0.550784375 0.072571875 0.5772890625 0.08514374999999999 0.6079046875 0.09976718749999999 0.62309375 0.12272187500000001 0.635825 0.16860625 0.6488140625 0.2123890625 0.65384375 0.2457328125 0.6502515625 0.2748890625 0.6385328125 0.30193125 0.6126171874999999 0.308165625 0.6037578124999999 0.30815000000000003 0.5959625 0.3039734375 0.5925125 0.303946875 0.580040625 0.306028125 0.578646875 0.30394062499999996 0.576921875 0.306015625 0.572409375 0.29765 0.559275 0.24968125 0.5461203125 0.2288140625 0.5351125 0.214196875 0.5230421875 0.19120781250000002 0.4947203125 0.180775 0.48921562500000004 0.14327499999999999 0.498715625 0.12451874999999998 0.5003453125 0.11202343749999999 0.505590625
0 0.1887171875 0.3027828125 0.1512109375 0.3091625 0.140796875 0.3130140625 0.1950765625 0.35317031249999997 0.218059375 0.378375 0.22643125 0.3946265625 0.23269531250000003 0.39980000000000004 0.263959375 0.3991609375 0.2702078125 0.3965375 0.280628125 0.3958046875 0.305615625 0.38375625 0.3201859375 0.3739984375 0.3285046875 0.3653046875 0.3368171875 0.3534921875 0.338865625 0.3365078125 0.340946875 0.33511406250000003 0.34094375 0.3335546875 0.3388125 0.3115609375 0.3346171875 0.2987578125 0.3241640625 0.2839 0.31582499999999997 0.28323906249999997 0.28873906250000003 0.2888859375 0.255396875 0.29247812500000003 0.24914843750000001 0.2951015625 0.21580625000000003 0.29869375 0.2095578125 0.30131718749999997 0.1887171875 0.3027828125
5 0.0241046875 0.32870625000000003 0.0199375 0.329934375 0.020234375 0.47025625 0.026500000000000003 0.4754296875 0.03066875 0.475759375 0.0494484375 0.48504218750000005 0.057787500000000006 0.485703125 0.0640484375 0.48931718750000003 0.0828171875 0.4939234375 0.1182609375 0.498290625 0.1599375 0.492240625 0.18909375 0.480521875 0.2078234375 0.46641875 0.2244484375 0.44279375 0.23065625 0.42146249999999996 0.230653125 0.419903125 0.2306296875 0.4089890625 0.2138859375 0.376484375 0.1804671875 0.3442171875 0.1428921875 0.31785625 0.1282921875 0.31358125000000003 0.117871875 0.3143140625 0.0907859375 0.31996250000000004 0.061609375 0.32232656249999997 0.0511953125 0.3261765625 0.0241046875 0.32870625000000003
0 0.47449375 0.4033765625 0.49117187500000004 0.4046984375 0.514084375 0.3971625 0.5244921875 0.3901921875 0.5265593749999999 0.3825625 0.524475 0.382396875 0.520309375 0.383625 0.49737656250000006 0.3818078125 0.47860781250000006 0.3772015625 0.4556578125 0.3675890625 0.44732031250000004 0.366928125 0.4473296875 0.3716046875 0.45569531249999995 0.3847390625 0.4619859375 0.40238593749999996 0.4724125 0.4047703125 0.47449375 0.4033765625
