3 0.5960265625 0.30886718750000003 0.5989171875 0.3259640625 0.5667093750000001 0.35071093750000004 0.561125 0.3650140625 0.5213609375 0.6278765625 0.5271953125 0.7074374999999999 0.5452484375 0.7364484375 0.5619765625 0.7373484375 0.5858578125 0.7129328125 0.6325359374999999 0.5968656250000001 0.6801640625 0.3681109375 0.6772734375 0.351015625 0.6556437500000001 0.3346640625 0.65684375 0.315840625 0.674109375 0.2838640625 0.648390625 0.26923906249999996 0.631809375 0.2714625 0.6055531249999999 0.2897140625 0.5960265625 0.30886718750000003
2 0.46382812500000004 0.1592234375 0.46745468749999997 0.191934375 0.48313125 0.21478125 0.4915328125 0.2160125 0.5239609375 0.19595 0.579878125 0.187471875 0.6330312499999999 0.20883124999999997 0.6450078125 0.19740312499999998 0.6443453124999999 0.18334843750000002 0.6258515625000001 0.14496875 0.5813953125 0.1310875 0.5428890625 0.11071093750000001 0.4974546875 0.12033750000000001 0.4752890625 0.1368640625 0.46382812500000004 0.1592234375
2 0.3775984375 0.4098484375 0.3823 0.37680625 0.3939828125 0.3591328125 0.44291875 0.3352859375 0.420921875 0.311125 0.3752671875 0.31606718749999996 0.3465609375 0.32659375 0.33049375 0.3397484375 0.3197671875 0.3777234375 0.3416171875 0.39876093749999997 0.3671890625 0.4102625 0.3775984375 0.4098484375
4 0.44454374999999996 0.5026312500000001 0.48410000000000003 0.5010609374999999 0.5084953125 0.487575 0.517434375 0.45592812499999996 0.49558437499999997 0.4348921875 0.4659234375 0.4251171875 0.4367015625 0.42471249999999994 0.3914875 0.439025 0.3651578125 0.455715625 0.3651359375 0.49952500000000005 0.3993296875 0.5169421875 0.44454374999999996 0.5026312500000001
4 0.3629796875 0.49804531250000006 0.3630765625 0.45579843750000004 0.35675625 0.454484375 0.3260421875 0.46665625000000005 0.31651562499999997 0.485809375 0.3350109375 0.5241890625 0.3567859375 0.5436640625 0.3799078125 0.547440625 0.403640625 0.5199 0.3629796875 0.49804531250000006
4 0.53715 0.431678125 0.5500093749999999 0.438990625 0.5605375 0.3525203125 0.538225 0.365921875 0.5286234375000001 0.38351406250000003 0.5281609375 0.41795312500000004 0.53715 0.431678125
5 0.4829890625 0.7874218749999999 0.4624125 0.749125 0.4487953125 0.7700046875 0.450265625 0.8012375 0.456659375 0.8041124999999999 0.4829890625 0.7874218749999999
5 0.524165625 0.3774328125 0.5284765625000001 0.380390625 0.5381515625 0.3643609375 0.5684234375 0.3428203125 0.528571875 0.33814375 0.52090625 0.3525296875 0.524165625 0.3774328125
5 0.5468109375 0.0 0.5224828125000001 0.031728125 0.522534375 0.0770984375 0.5427421875 0.10758749999999999 0.6025078125000001 0.1365078125 0.6295734375 0.1354328125 0.65235 0.087590625 0.672728125 0.07739531250000001 0.67436875 0.0679421875 0.6351359375000001 0.0 0.5468109375 0.0
0 0.35662343750000003 0.7173390625 0.3950546875 0.736153125 0.4305203125 0.736309375 0.45937343750000004 0.7289046875 0.474778125 0.7016953125 0.504684375 0.672346875 0.49317031250000004 0.649334375 0.43049218749999996 0.6471296875 0.396225 0.62815 0.3850796875 0.612946875 0.3767515625 0.613278125 0.3407484375 0.6459984375000001 0.33440625 0.68849375 0.35662343750000003 0.7173390625
0 0.4699328125 0.288840625 0.5007718750000001 0.3236015625 0.5264171875 0.3366640625 0.572440625 0.33953125 0.58255625 0.33287187500000004 0.58064375 0.29226874999999997 0.5880140625 0.27163593750000004 0.609371875 0.23793281249999998 0.6377828125 0.2211578125 0.631021875 0.21047500000000002 0.588353125 0.1902640625 0.515853125 0.20096562499999998 0.487515625 0.21930156250000002 0.466159375 0.2530046875 0.4699328125 0.288840625
0 0.648628125 0.0971265625 0.6305296874999999 0.155734375 0.6532609375 0.19551093749999998 0.68135625 0.2163 0.6982328125 0.2203234375 0.7588296875 0.2226109375 0.7286015625 0.156534375 0.67681875 0.0756671875 0.648628125 0.0971265625
0 0.7577328125 0.332175 0.7496031249999999 0.381 0.785415625 0.4327734375 0.8112078125 0.4489609375 0.8470421874999999 0.456925 0.8947796875 0.45190156249999996 0.814996875 0.3079984375 0.7974593750000001 0.28991875 0.7577328125 0.332175
0 0.6341546874999999 0.631221875 0.6047640624999999 0.671503125 0.604446875 0.709065625 0.6210296875 0.7068421875 0.73259375 0.6398296875 0.7243609375 0.5979140625 0.6789265624999999 0.6075406250000001 0.6341546874999999 0.631221875
1 0.35452812499999997 0.45144375 0.3691015625 0.45086562499999994 0.38911093750000003 0.4328609375 0.3777453125 0.41297187500000004 0.34592812500000003 0.40171875 0.341153125 0.4332 0.35452812499999997 0.45144375
1 0.391340625 0.43590156249999995 0.442875 0.42290312500000005 0.49759374999999995 0.43324843749999997 0.522209375 0.4244484375 0.524459375 0.38367968750000003 0.5167421875 0.35269375 0.49317968749999996 0.3395484375 0.45332812499999997 0.33487187500000004 0.40008125000000005 0.35576093750000004 0.38244687499999996 0.3799296875 0.3790921875 0.3972734375 0.3800484375 0.417575 0.391340625 0.43590156249999995
1 0.455234375 0.2424859375 0.43098749999999997 0.2590953125 0.41959843750000003 0.283015625 0.42293125 0.30948125000000004 0.451246875 0.3349546875 0.513925 0.3371609375 0.46331875 0.2812796875 0.469734375 0.24034687500000002 0.455234375 0.2424859375
1 0.787196875 0.29345625000000003 0.785871875 0.265346875 0.7699015625000001 0.236253125 0.7378625000000001 0.22031406250000002 0.710871875 0.22295156249999998 0.6751109375000001 0.216546875 0.64811875 0.219184375 0.6214953125 0.229628125 0.5881624999999999 0.27475937500000003 0.582871875 0.295309375 0.5907359375000001 0.3294171875 0.5900015625 0.3138015625 0.6033234375000001 0.2866734375 0.6255640625 0.27170937500000003 0.658875 0.2703875 0.6760453125 0.2806578125 0.6766328125000001 0.29315156249999996 0.6575796875 0.3314578125 0.6792078125 0.34780937500000003 0.6843281250000001 0.3679453125 0.7384578125 0.365796875 0.76138125 0.321078125 0.787196875 0.29345625000000003
1 0.6665015624999999 0.47660937499999995 0.7017249999999999 0.5158890625 0.7550250000000001 0.5403718750000001 0.7675156249999999 0.539875 0.8246328125 0.512575 0.8827812500000001 0.5071375 0.8847375 0.460121875 0.8345499999999999 0.457421875 0.8070437500000001 0.449125 0.7811781250000001 0.431378125 0.7519796875 0.3871640625 0.743578125 0.3859328125 0.708846875 0.40139218750000005 0.672990625 0.4372375 0.6665015624999999 0.47660937499999995
1 0.8951765625 0.5488890625 0.91124375 0.535734375 0.904115625 0.5172421875000001 0.866271875 0.510921875 0.830953125 0.5138890625 0.789903125 0.5280343750000001 0.7635734375000001 0.5447265625 0.730534375 0.5961046875 0.7364625 0.6334187499999999 0.7468734375 0.6330046874999999 0.8951765625 0.5488890625
1 0.8910343749999999 0.5052453125 0.9152609375 0.5324453124999999 0.9519265625 0.5137796875 0.9262812500000001 0.5007171875 0.9014671875 0.4610234375 0.8854734375 0.47573906250000003 0.8910343749999999 0.5052453125
