2 0.5976734375 0.43170156249999997 0.6140625 0.4184609375 0.62211875 0.405590625 0.6219796875 0.399340625 0.56444375 0.344028125 0.525971875 0.30194375 0.5004859374999999 0.28118125 0.488090625 0.2864234375 0.4717359375 0.3012265625 0.46166718749999996 0.3173140625 0.45388906249999994 0.3426859375 0.4539234375 0.3442484375 0.458784375 0.3753125 0.46968750000000004 0.396725 0.484653125 0.4132640625 0.503715625 0.42649375 0.5205203125 0.4320015625 0.5602437499999999 0.43649375 0.5622921875 0.4348375 0.564409375 0.43630781250000006 0.5810765625000001 0.43556718749999995 0.5976734375 0.43170156249999997
2 0.8039937500000001 0.8948734375 0.8224656250000001 0.8815390624999999 0.8366671875 0.863703125 0.8465624999999999 0.8398031250000001 0.8462500000000001 0.8257406250000001 0.8306250000000001 0.7795140625 0.805 0.7525000000000001 0.7944093750000001 0.74515 0.77125 0.73523125 0.7252078125 0.72789375 0.723159375 0.7295484375 0.7210421874999999 0.728078125 0.704375 0.7288187500000001 0.6732296875 0.7348953125000001 0.6381249999999999 0.7505328125 0.6217359375 0.7637734375 0.6075 0.780046875 0.593403125 0.80256875 0.587465625 0.816909375 0.5875 0.818471875 0.5879515625 0.838784375 0.594653125 0.85881875 0.611909375 0.884640625 0.6288890625 0.8979625 0.6668406250000001 0.916609375 0.68774375 0.9188078125000001 0.7003468749999999 0.9229390625 0.756528125 0.9173140625 0.78538125 0.9019562499999999 0.8039937500000001 0.8948734375
0 0.332221875 0.5920828124999999 0.3405203125 0.5901500000000001 0.35895781250000003 0.5752546875 0.3691671875 0.5654171875 0.37506875 0.5495140625 0.38524375 0.5381140624999999 0.38687499999999997 0.5177078125000001 0.3782640625 0.505578125 0.36350625000000003 0.49841406250000003 0.3551390625 0.497221875 0.33180624999999997 0.47949062500000006 0.3192015625 0.47535937500000003 0.28586875 0.476840625 0.2610421875 0.48576406250000004 0.23836875000000002 0.4977203125 0.22000000000000003 0.5157406250000001 0.21399374999999998 0.52695625 0.214028125 0.52851875 0.21204843750000002 0.5332984374999999 0.2125 0.5536109375 0.2254859375 0.57493125 0.24881875 0.5926625 0.2635765625 0.5998265625 0.282465625 0.60524375 0.2845140625 0.6035874999999999 0.305346875 0.6026625 0.32399374999999997 0.597140625 0.332221875 0.5920828124999999
0 0.7210062500000001 0.726515625 0.723125 0.7279859375 0.7397921875 0.7272453125 0.771215625 0.73366875 0.79225625 0.74211875 0.81555625 0.7582875 0.81774375 0.7628812500000001 0.8304515625000001 0.7717015625 0.8345484375 0.768390625 0.8444437499999999 0.744490625 0.8627437499999999 0.7233453125 0.8666671875 0.712221875 0.8601734375 0.7015625 0.8490968750000001 0.6723375 0.8277078124999999 0.6482640625 0.81506875 0.64256875 0.798125 0.6308109375 0.7855203125 0.626678125 0.737534375 0.6256828125 0.7270484374999999 0.6230203125 0.71875 0.624953125 0.71663125 0.623484375 0.6959375 0.630659375 0.6816671875 0.6453703125 0.6754515624999999 0.6472109374999999 0.66725625 0.65383125 0.6591671875 0.6651390625 0.655034375 0.6668859375 0.6551046875 0.6700109375000001 0.6470140625 0.68131875 0.6370828125 0.7036578125 0.63524375 0.7146874999999999 0.63118125 0.7195609375 0.6312156250000001 0.7211234375 0.635625 0.7318749999999999 0.6357984375 0.7396874999999999 0.6421875 0.745659375 0.6567015625 0.7418859375 0.662846875 0.736921875 0.679409375 0.73149375 0.704375 0.7288187500000001 0.7064234375 0.7271640625 0.7127078124999999 0.7284484375 0.7210062500000001 0.726515625
0 1.0 0.9235015625 0.9692015625 0.9156828125 0.967153125 0.9173375 0.9587843749999999 0.9161453125 0.9251734375 0.9051265624999999 0.9104171875 0.8979625 0.88288125 0.8788546875 0.8508687500000001 0.84586875 0.8388187500000001 0.8667359375 0.82461875 0.884571875 0.80819375 0.89625 0.7854859375000001 0.90664375 0.7855203125 0.9082062499999999 0.7772921875 0.9132640625 0.7776734375000001 0.9304515625 0.7842359375 0.9442359375 0.7992359375 0.9623375 0.79930625 0.9654624999999999 1.0 0.95654375 1.0 0.9235015625
0 0.5320140624999999 0.6676624999999999 0.5176390625 0.6776859375 0.49069375 0.6851390625 0.48236093750000003 0.685509375 0.47618124999999994 0.6889125 0.45534687500000004 0.6898375 0.4532984375 0.69149375 0.45333281249999996 0.6930562499999999 0.4747921875 0.7202546875 0.49381875 0.731921875 0.514409375 0.7200578125 0.5369796874999999 0.7034140625 0.561840625 0.6960531249999999 0.5617015624999999 0.689803125 0.55524375 0.68070625 0.54850625 0.659109375 0.5442015625 0.6530437499999999 0.5320140624999999 0.6676624999999999
0 0.571215625 0.93024375 0.554653125 0.935671875 0.540278125 0.94569375 0.52211875 0.973090625 0.522221875 0.977778125 0.52430625 0.9776859375000001 0.703471875 0.969721875 0.684340625 0.9533687499999999 0.6422921875000001 0.9380328125 0.6004171875 0.930509375 0.571215625 0.93024375
0 0.4454515625 0.8075812499999999 0.445278125 0.7997687499999999 0.41427031249999996 0.8120953125 0.41225625 0.8153124999999999 0.414375 0.8167828125 0.4313546875 0.8301046875000001 0.4355203125 0.82991875 0.4454515625 0.8075812499999999
5 0.43284687499999996 0.8034484375 0.44524375000000005 0.79820625 0.47975625 0.75600625 0.4815625 0.7434140625000001 0.47277812499999994 0.723471875 0.4513890625 0.6993984375 0.421909375 0.68663125 0.409340625 0.6840625 0.3864234375 0.68508125 0.33680625000000003 0.704490625 0.3101734375 0.72600625 0.30006875 0.7405328124999999 0.2961453125 0.7516546875000001 0.29618125 0.7532171875 0.29874999999999996 0.775 0.30746562499999996 0.7918171875 0.3160421875 0.8023843749999999 0.343471875 0.81680625 0.389409375 0.81945625 0.4101734375 0.8154046875000001 0.41631875 0.8104390625000001 0.4245828125 0.80694375 0.4308328125 0.8066671875000001 0.43284687499999996 0.8034484375
5 0.3228125 0.637859375 0.3476734375 0.6304984375 0.36430625 0.62819375 0.3642703125 0.62663125 0.37006875 0.6060421875 0.3698953125 0.5982296875 0.35531250000000003 0.5988765625 0.3426390625 0.5916203125 0.30538125 0.604225 0.282465625 0.60524375 0.28256875 0.60993125 0.291215625 0.6236234375 0.3144796875 0.6382296875 0.3228125 0.637859375
5 0.48524375 0.43982656249999996 0.47694375000000006 0.441759375 0.439409375 0.4418640625 0.41836874999999996 0.4334140625 0.407778125 0.42606406249999995 0.403471875 0.42000000000000004 0.397153125 0.417153125 0.3829859375 0.43655156249999993 0.379028125 0.4461109375 0.37906249999999997 0.44767343750000005 0.3817015625 0.47258125 0.39249999999999996 0.48930625 0.42437500000000006 0.5160421875 0.4347921875 0.515578125 0.4430203125 0.5105203125 0.4654859375 0.48918906250000005 0.497846875 0.4439578125 0.499721875 0.434490625 0.4976046875 0.43302031249999995 0.48524375 0.43982656249999996
5 0.6651046875 0.6507984375 0.675346875 0.6425234375 0.6795140625 0.6423375 0.67944375 0.6392125 0.69586875 0.627534375 0.6957984374999999 0.624409375 0.670346875 0.6052078125 0.6553125 0.58554375 0.65524375 0.58241875 0.6489234374999999 0.579571875 0.63850625 0.580034375 0.61381875 0.5952078125 0.5972921875 0.6021984375 0.55993125 0.6101156249999999 0.5558328125 0.6134265625 0.5498953125 0.627765625 0.5501046875 0.637140625 0.5480562499999999 0.6387968749999999 0.5502078125 0.641828125 0.548159375 0.643484375 0.54819375 0.645046875 0.5529171875000001 0.6698609375 0.565903125 0.69118125 0.5871187499999999 0.7074421875 0.610278125 0.7173609375 0.6270140625 0.7197453125 0.635034375 0.7053125 0.64086875 0.686284375 0.6529515625 0.6669796875 0.6651734375 0.6539234375 0.6651046875 0.6507984375
4 0.5751734374999999 0.826840625 0.58336875 0.8202203125 0.5932296874999999 0.79475625 0.6114578125000001 0.7704859374999999 0.6339234375 0.7491546875 0.63381875 0.7444671875 0.629340625 0.7305906249999999 0.6207984375 0.7215859375 0.5998265625 0.7162609375 0.5661109375 0.70055625 0.5432296875 0.7031359375 0.5308328125 0.7083796875 0.5144437500000001 0.7216203125 0.5082296875 0.7234609375 0.5082640625 0.7250234375 0.50211875 0.7299890625 0.5001390625 0.73476875 0.500590625 0.75508125 0.5027078125 0.7565515625 0.5029171875 0.7659265625 0.5160421875 0.7934953124999999 0.5246875 0.8071875000000001 0.54163125 0.818946875 0.566840625 0.8272109375 0.5751734374999999 0.826840625
4 0.7848609375 0.596990625 0.7890625 0.59836875 0.7907984375 0.58265 0.784409375 0.576678125 0.7756937500000001 0.5598609375 0.7671187500000001 0.54929375 0.7457640624999999 0.5267828125 0.7414234375000001 0.5191546875 0.737221875 0.517778125 0.6851390625 0.5200921875 0.6789234375000001 0.5219328125 0.6667015625 0.5349890625 0.66475625 0.54133125 0.65663125 0.5510765625 0.6566671875 0.5526390625000001 0.6571875 0.5760765625000001 0.663784375 0.5914234375 0.678784375 0.609525 0.69993125 0.6226625 0.7269796875 0.6198953125 0.74163125 0.6223734375000001 0.7520484374999999 0.621909375 0.7623953125 0.618321875 0.7829171875000001 0.6033328124999999 0.7848609375 0.596990625
4 0.5417015625 0.6343859375 0.5395828125000001 0.6329171875 0.5392703125 0.6188546875000001 0.532778125 0.6081937500000001 0.4948953125 0.5926734375 0.46947968749999996 0.575034375 0.45881875 0.5645609375 0.44638906250000004 0.5682406249999999 0.438159375 0.5732984375 0.4116671875 0.6010640625 0.41170156249999995 0.6026265625 0.40788125 0.6184375 0.410971875 0.6636578125 0.4217015625 0.67725625 0.44277812499999997 0.68726875 0.4490625 0.688553125 0.4782296875 0.68725625 0.5176046875 0.6761234375 0.52788125 0.6694093750000001 0.54006875 0.6547921875 0.5417015625 0.6343859375
4 0.4676046875 0.3968171875 0.45885468749999997 0.3784375 0.45434062500000005 0.3629984375 0.45406250000000004 0.3504984375 0.449721875 0.3428703125 0.439409375 0.3480203125 0.41868125 0.353634375 0.4064234375 0.36512656250000003 0.40645781249999996 0.3666890625 0.39656250000000004 0.390590625 0.3970140625 0.41090312500000004 0.403471875 0.42000000000000004 0.4204515625 0.433321875 0.43937499999999996 0.4403015625 0.47690937499999997 0.440196875 0.493471875 0.43476875000000004 0.49743125 0.42520781249999995 0.48256875 0.41335625 0.4676046875 0.3968171875
3 0.55100625 0.8654515625 0.560659375 0.8306140624999999 0.55006875 0.8232640625000001 0.5332296875 0.8161921875000001 0.5204859374999999 0.8058109375000001 0.50305625 0.7721765625 0.498471875 0.7536109375 0.49631875000000003 0.750578125 0.492153125 0.7507640624999999 0.4839234375 0.755821875 0.4555203125 0.79149375 0.45562500000000006 0.79618125 0.44350625 0.8139234375 0.43187499999999995 0.8535421875000001 0.42861093749999996 0.8943515625 0.4265625 0.8960062499999999 0.427846875 0.9538187499999999 0.43680624999999995 0.9815734375 0.43888906250000004 0.9814812500000001 0.515971875 0.9780562500000001 0.525971875 0.9588421874999999 0.54625 0.9329171875 0.548159375 0.9250109375 0.55100625 0.8654515625
3 0.4522921875 0.5523374999999999 0.44784687500000003 0.5400234375 0.44756875 0.5275234375 0.46152812499999996 0.49874999999999997 0.484096875 0.48210625 0.50038125 0.464178125 0.5148609375000001 0.4588421875 0.5211109375 0.4585640625 0.5376390625 0.4515734375 0.5542703125 0.44927031250000005 0.5604171874999999 0.44430625 0.560346875 0.44118124999999997 0.5435421875 0.435671875 0.526840625 0.43484999999999996 0.5100687500000001 0.43090312500000005 0.501875 0.4375234375 0.49993125000000005 0.44386562500000004 0.48774375000000003 0.458484375 0.4777078125 0.476134375 0.4715625 0.48109999999999997 0.46559062500000004 0.4938765625 0.45944375 0.49884218750000003 0.45322968750000003 0.5006828125 0.4347921875 0.515578125 0.42649375 0.5175109375 0.4182984375 0.52413125 0.40586874999999994 0.5278125 0.40177031249999995 0.5311234375 0.3976046875 0.5313078124999999 0.3792015625 0.547765625 0.371284375 0.5668859375 0.34875 0.5850921875 0.34878437500000004 0.5866546875 0.346840625 0.5929984375 0.35319375000000003 0.5974078125 0.37194375 0.5965734375 0.38430624999999996 0.58976875 0.40534687500000005 0.5982171875 0.41156249999999994 0.5963765624999999 0.438125 0.5717359375 0.4566671875 0.5615281249999999 0.4565625 0.556840625 0.4522921875 0.5523374999999999
1 0.3863890625 0.68351875 0.39680624999999997 0.68305625 0.40506875000000003 0.6795609375 0.4029515625 0.6780906250000001 0.40274374999999996 0.668715625 0.3751734375 0.64804375 0.3707984375 0.6388546875000001 0.36024375000000003 0.6330671875 0.345659375 0.633715625 0.3373953125 0.6372109375 0.3145484375 0.6413546875 0.295971875 0.65 0.27336875 0.66508125 0.26125 0.6828234375 0.261284375 0.6843859375 0.25732656249999997 0.693946875 0.2597921875 0.7110421875 0.2854171875 0.73805625 0.295971875 0.7438421875000001 0.29805625 0.74375 0.30201406249999996 0.7341890624999999 0.312153125 0.7212265625 0.330590625 0.7063312500000001 0.3739578125 0.6871984375 0.3863890625 0.68351875
1 0.40677031250000006 0.6622796875 0.40746562500000005 0.5996875 0.390625 0.592615625 0.3822921875 0.5929859375000001 0.3740625 0.59804375 0.36819375 0.615509375 0.36850625 0.629571875 0.3814578125 0.649328125 0.39631875 0.66118125 0.404721875 0.6639359375 0.40677031250000006 0.6622796875
1 0.597221875 0.5990734375 0.6095828125 0.59226875 0.61788125 0.5903359375 0.628159375 0.5836234375 0.63631875 0.5754390625 0.6381593750000001 0.564409375 0.6563546875 0.5385765625000001 0.6621875 0.5195484375 0.657778125 0.508796875 0.638715625 0.4955671875 0.62805625 0.4850921875 0.6279859375 0.4819671875 0.621596875 0.4759953125 0.6129171875 0.460740625 0.5898265625 0.453946875 0.579409375 0.454409375 0.56055625 0.45055625 0.53975625 0.45304374999999997 0.5335765625 0.456446875 0.5273265625 0.45672499999999994 0.5211453125000001 0.4601265625 0.5045484375 0.46399375000000004 0.46979218749999996 0.4952546875 0.45562500000000006 0.5146531249999999 0.45565937500000003 0.516215625 0.44965312500000004 0.52743125 0.44996562500000004 0.54149375 0.45871562499999996 0.5598734375000001 0.4715625 0.5749421875 0.49274375 0.589640625 0.51381875 0.599653125 0.53899375 0.6063546875 0.549409375 0.605890625 0.551528125 0.6073609375 0.597221875 0.5990734375
1 0.724653125 0.5152078125 0.7329171875 0.5117125 0.73274375 0.5039 0.71774375 0.4857984375 0.6772921875 0.44849531249999997 0.6645828125000001 0.4396765625 0.63899375 0.41422499999999995 0.628403125 0.406875 0.6182296875 0.41827500000000006 0.6182640625 0.41983750000000003 0.6142359374999999 0.4262734375 0.61711875 0.46211874999999997 0.636528125 0.49097187499999995 0.6577078125 0.505671875 0.6870828125 0.51375 0.68913125 0.5120953125 0.69961875 0.51475625 0.718403125 0.5154859375 0.7225343750000001 0.5137390625 0.724653125 0.5152078125
1 0.7134031249999999 0.9473843750000001 0.717465625 0.9425109375 0.727846875 0.9404859374999999 0.7339578125 0.9339578124999999 0.7338546874999999 0.9292703124999999 0.74618125 0.920903125 0.7398953125000001 0.91961875 0.7357640625 0.921365625 0.7336453125 0.9198953124999999 0.7232984375 0.9234843749999999 0.7045828125 0.9258796874999999 0.68569375 0.9204625 0.675278125 0.9209265625 0.6542015625000001 0.9109140625000001 0.643715625 0.9082515624999999 0.6183328125 0.8921765625000001 0.60555625 0.8802312499999999 0.59038125 0.8543171875000001 0.5836109375 0.8311578125000001 0.575278125 0.831528125 0.569096875 0.83493125 0.5610765625 0.8493640625 0.55524375 0.868390625 0.555278125 0.869953125 0.5580203125 0.8995484375 0.56875 0.9131484375 0.5835765625 0.9234375 0.5919796875000001 0.9261921875000001 0.615034375 0.9314234375 0.635903125 0.9320609375 0.6695484375 0.9446406250000001 0.6966671875 0.945 0.700903125 0.9479390625 0.7134031249999999 0.9473843750000001
1 0.76899375 0.915196875 0.7607640625000001 0.9202546875 0.7441671875 0.9241203125 0.7359375 0.929178125 0.7359718749999999 0.930740625 0.7339234375 0.9323953125 0.7341671875 0.9433328124999999 0.7472218749999999 0.967778125 0.797221875 0.96555625 0.797153125 0.9624312500000001 0.779965625 0.9397343749999999 0.773159375 0.9150109375 0.76899375 0.915196875
2 0.87805625 0.6616671875 0.8567359375000001 0.6407171875000001 0.8505203124999999 0.6425578125 0.8464937499999999 0.64899375 0.8465281250000001 0.65055625 0.844653125 0.6600234375 0.8511109375 0.6691203125 0.862221875 0.6999078125 0.8729859375 0.71506875 0.8834375 0.71616875 0.889653125 0.714328125 0.9082296875000001 0.7056828125 0.9102078125 0.700903125 0.8845484375 0.6723265625 0.87805625 0.6616671875
