2 0.5392328125 0.41176562499999997 0.545571875 0.4328578125 0.5526390625000001 0.4435328125 0.56296875 0.45222656250000004 0.5735890625 0.456753125 0.6014999999999999 0.45975937499999997 0.6142609375 0.4560015625 0.6226359375 0.44792343749999997 0.6337312500000001 0.4232265625 0.6341671875 0.41697656250000004 0.646821875 0.39233125 0.6657515625 0.3449203125 0.66676875 0.33033437499999996 0.6626734375 0.321846875 0.65278125 0.3069015625 0.634803125 0.29586875 0.63324375 0.2958171875 0.6115671875 0.293015625 0.6098640625 0.2950484375 0.6020703125 0.2947921875 0.59413125 0.2966203125 0.5745546874999999 0.30850625 0.5509890625 0.3327921875 0.5438828124999999 0.3450890625 0.5376078125 0.3678546875 0.5364453124999999 0.384525 0.5392328125 0.41176562499999997
2 0.2397609375 0.7632125000000001 0.24483281250000002 0.7800874999999999 0.257553125 0.7993015625 0.287128125 0.823246875 0.30525156249999996 0.832196875 0.32551406250000003 0.8328625000000001 0.33871093750000003 0.8228546874999999 0.348934375 0.8106609375 0.361840625 0.8048187499999999 0.3703609375 0.7946578125 0.37435 0.7822578124999999 0.378815625 0.7406375 0.3774015625 0.7385015625 0.3782734375 0.726 0.3734921875 0.7049578125 0.3566765625 0.67725625 0.3464921875 0.6664796875000001 0.343375 0.6663765625 0.3330453125 0.6576828124999999 0.3193078125 0.6530546875 0.31775000000000003 0.653003125 0.3116609375 0.6507140625 0.30995625000000004 0.652746875 0.2879890625 0.6541125 0.276496875 0.6620890625 0.27337968749999997 0.6619859375 0.258334375 0.676109375 0.24752812500000002 0.6966390625 0.241690625 0.7131546875 0.23780625 0.746440625 0.2397609375 0.7632125000000001
2 0.43256249999999996 0.7987921874999999 0.45093750000000005 0.8265453125000001 0.454740625 0.8392015625000001 0.4563 0.8392531249999999 0.46496562499999994 0.8270062499999999 0.5023875 0.7384359375 0.502678125 0.73426875 0.482746875 0.7064640625 0.4811875 0.7064125 0.4675953125 0.6997 0.45668437500000003 0.6993406249999999 0.44222031250000005 0.70513125 0.426303125 0.73175625 0.41096562499999995 0.7500484375 0.40512812499999995 0.7665625 0.40411093749999993 0.7811484375 0.40552343750000003 0.7832828125 0.420675 0.790046875 0.43256249999999996 0.7987921874999999
0 0.337753125 0.2318 0.343696875 0.236171875 0.35899375 0.2408515625 0.3649375 0.24522499999999997 0.402346875 0.2464546875 0.41695625 0.23858125000000002 0.4239171875 0.22836875 0.428778125 0.20346718749999998 0.43632187499999997 0.18492031250000002 0.43766875 0.1431953125 0.428065625 0.124084375 0.40472656249999994 0.10034375 0.3837765625 0.087125 0.37456875 0.0847328125 0.37130625 0.0867140625 0.36989375 0.0845796875 0.368334375 0.084528125 0.3508984375 0.08813125000000001 0.3355625 0.10642343750000001 0.3332765625 0.11678906250000001 0.3278734375 0.12705468749999999 0.31916875 0.16227031249999999 0.31615625 0.18305625 0.317134375 0.1914421875 0.3248875 0.21466875000000002 0.3364859375 0.22758124999999998 0.337753125 0.2318
0 0.314425 0.3646921875 0.30093749999999997 0.3788671875 0.295534375 0.38913125000000004 0.29081875 0.4119484375 0.28157187499999997 0.43252968750000004 0.2821140625 0.44716562499999996 0.2871859375 0.464040625 0.291425 0.4704453125 0.3084265625 0.4730921875 0.31748750000000003 0.47756718749999993 0.3215828125 0.48605468749999997 0.3417 0.48880625 0.34710312499999996 0.47854062500000005 0.34739375 0.4743734375 0.32532031250000004 0.45485156250000003 0.3237625 0.4548015625 0.3126 0.4356375 0.3106453125 0.418865625 0.3118078125 0.402196875 0.31920625 0.3857328125 0.329575 0.3714546875 0.352559375 0.355503125 0.3556765625 0.35560625 0.3559671875 0.3514390625 0.3419390625 0.35097812500000003 0.314425 0.3646921875
0 0.0987515625 0.7690171875 0.1143390625 0.7695296875000001 0.11604218749999999 0.767496875 0.1348921875 0.766028125 0.1575859375 0.7542453124999999 0.16425625 0.7481984374999999 0.17959375 0.7299078125 0.191415625 0.69479375 0.18989687500000002 0.6717703125 0.17424375 0.6273984375 0.1612328125 0.6123515625 0.1460828125 0.6055890625 0.14452343750000002 0.6055375 0.12099843749999999 0.6068515624999999 0.089784375 0.6287984375 0.0639328125 0.6634515624999999 0.0583859375 0.6757984375 0.054104687500000005 0.692365625 0.056059375 0.7091375 0.0697578125 0.7367375 0.0799421875 0.7475140625 0.0912484375 0.76459375 0.0987515625 0.7690171875
0 0.3125953125 0.9285046875 0.316003125 0.9244406250000001 0.317640625 0.8785484374999999 0.3279046875 0.8433828125 0.3284859375 0.8350484375 0.30510625 0.8342796874999999 0.2915140625 0.8275671875 0.2721234375 0.8144 0.25599531249999996 0.79925 0.2544359375 0.7991984375000001 0.24961406249999998 0.801128125 0.2409484375 0.8133734374999999 0.23126562499999997 0.8402046875 0.22865000000000002 0.8777109375000001 0.23216406250000002 0.8945328124999999 0.24502968749999998 0.9116640625000001 0.2569171875 0.9204078125 0.27957187499999997 0.9315953125 0.2950125 0.9341921875000001 0.3125953125 0.9285046875
0 0.34069375 0.6600234375 0.356821875 0.675171875 0.37095625 0.696521875 0.3775875 0.713446875 0.380809375 0.7344375000000001 0.3795015625 0.753190625 0.380915625 0.755325 0.3902671875 0.7556328125 0.4096984375 0.7458296875 0.42659375 0.7275890625 0.43910312500000004 0.705028125 0.44780781249999996 0.6698109375 0.44853437500000004 0.65939375 0.4462890625 0.6467890625 0.441071875 0.6319984375 0.43770312499999997 0.6130921875 0.43205 0.6045515625 0.4217203125 0.5958578125 0.403596875 0.5869093750000001 0.4020390625 0.5868578125 0.364484375 0.5877109375 0.3483171875 0.5955328125 0.3383828125 0.603559375 0.3264546875 0.6177859375 0.321196875 0.6259671875 0.31506875 0.64665 0.3178953125 0.65091875 0.32866093749999997 0.6533625 0.3330453125 0.6576828124999999 0.34069375 0.6600234375
1 0.22555312500000002 0.2949390625 0.2349046875 0.295246875 0.2592625 0.3044015625 0.2786546875 0.3175703125 0.2848890625 0.31777500000000003 0.291559375 0.3117296875 0.29467656249999996 0.31183125 0.2971078125 0.29938125000000004 0.30265624999999996 0.2870328125 0.3012421875 0.2848984375 0.30352812500000004 0.27453125 0.310925 0.2580671875 0.31179687500000003 0.245565625 0.30657968750000003 0.230775 0.2966859375 0.2158296875 0.2730546875 0.19625781250000002 0.27149531250000003 0.19620625 0.262434375 0.19173125 0.2359375 0.190859375 0.22303125000000001 0.1967 0.20954375 0.21087656250000003 0.203996875 0.2232234375 0.20181718750000002 0.254478125 0.197390625 0.273128125 0.1963734375 0.2877140625 0.2017359375 0.300421875 0.22555312500000002 0.2949390625
1 0.332878125 0.346503125 0.360934375 0.347425 0.37057656250000004 0.343565625 0.3708671875 0.3393984375 0.3642375 0.3224734375 0.35974531249999997 0.2972640625 0.3594953125 0.2784609375 0.3612 0.27642812499999997 0.3622171875 0.2618421875 0.35246875 0.2448140625 0.35090937499999997 0.2447625 0.3418484375 0.24028906249999998 0.33546875 0.2421671875 0.32241718750000004 0.250090625 0.31219375 0.2622859375 0.30450468750000004 0.2829171875 0.3027609375 0.30792031249999996 0.3067109375 0.3184921875 0.31660468750000004 0.3334375 0.328346875 0.344265625 0.332878125 0.346503125
1 0.2053390625 0.6743671875 0.21132187500000002 0.6557671875 0.22042343749999999 0.6372718749999999 0.232496875 0.6209609375 0.2556265625 0.6029265625 0.2547953125 0.59245625 0.24192968750000002 0.5753265625 0.2401203125 0.5564703125 0.2358796875 0.550065625 0.2326171875 0.552046875 0.231203125 0.5499125 0.22964531250000003 0.5498609375 0.2073875 0.55539375 0.1991578125 0.5613890625 0.1836765625 0.5817640625 0.177546875 0.6024468749999999 0.1759484375 0.6253671875 0.1906234375 0.661353125 0.19555 0.6803109375 0.201203125 0.68885 0.20475781249999997 0.6827015624999999 0.2053390625 0.6743671875
1 0.1889875 0.46081093749999996 0.1813390625 0.4584703125 0.17978125 0.45841875 0.17198750000000002 0.4581625 0.1607859375 0.461971875 0.141209375 0.47385781250000003 0.1258734375 0.49214843750000004 0.12032499999999999 0.504496875 0.1217390625 0.5066328125 0.1560703125 0.4847890625 0.1644453125 0.47671093750000004 0.18869687500000001 0.464978125 0.1889875 0.46081093749999996
1 0.21754375 0.745775 0.2260234375 0.7585843750000001 0.2349390625 0.7651421875 0.238346875 0.7610781249999999 0.23610156249999997 0.7484734375000001 0.23799062499999998 0.7213859375 0.242271875 0.70481875 0.25151875 0.6842390625 0.2635921875 0.6679296875 0.273525 0.6599015625 0.29295625 0.6500984375 0.3085421875 0.6506125 0.31365468750000003 0.6445140625 0.318225 0.6237812500000001 0.311159375 0.61310625 0.2914765625 0.6041046875 0.28991875 0.6040546875 0.257040625 0.6050609375 0.24243125000000001 0.612934375 0.22553593749999998 0.631175 0.22169218750000003 0.641490625 0.2111765625 0.6578515625 0.20475781249999997 0.6827015624999999 0.203740625 0.6972875000000001 0.206671875 0.7224437499999999 0.216565625 0.7373890624999999 0.21754375 0.745775
1 0.23939062500000002 0.813321875 0.24805625 0.8010765624999999 0.25005 0.794878125 0.24312968750000002 0.78211875 0.239325 0.7694640625 0.22758124999999998 0.7586359375 0.2260234375 0.7585843750000001 0.2161296875 0.7436390625 0.21500625 0.7373375 0.2089171875 0.7350484374999999 0.1999609375 0.7514609375 0.196078125 0.7847484375 0.198178125 0.7994359375 0.2033953125 0.8142265625 0.220646875 0.8356781249999999 0.229853125 0.8380703125 0.23939062500000002 0.813321875
1 0.4019875 0.453196875 0.40394218750000005 0.46996874999999994 0.40915937500000005 0.484759375 0.40886875 0.4889265625 0.4156453125 0.50376875 0.43728125 0.529540625 0.44634375000000004 0.534015625 0.46192968749999996 0.534528125 0.4841875 0.5289953125 0.49879687500000003 0.521121875 0.5142796875 0.500746875 0.5290734375 0.46781875 0.5309625 0.44073124999999996 0.5257859375 0.40297031250000004 0.519009375 0.388128125 0.510384375 0.3774015625 0.48334374999999996 0.36189375 0.48178593750000004 0.3618421875 0.480371875 0.3597078125 0.447640625 0.35863125 0.4361484375 0.36660624999999997 0.43302968750000004 0.3665046875 0.42465624999999996 0.37458281250000003 0.4226609375 0.3807828125 0.4175484375 0.3868796875 0.4101515625 0.40334375 0.40402187500000003 0.42402656250000004 0.4019875 0.453196875
1 0.5448578125 0.5999078124999999 0.56044375 0.6004203125 0.56555625 0.5943234375 0.5749484375 0.5716609375 0.575384375 0.565409375 0.5789375 0.5592609375 0.5852125 0.5364953125 0.6001531250000001 0.5014828125 0.6047234375 0.48074843749999996 0.588740625 0.463515625 0.5565890625 0.4541046875 0.549521875 0.4434296875 0.5479640625 0.44337968749999995 0.5447 0.44535937499999995 0.5390078125 0.4597921875 0.5213859375000001 0.48845 0.51199375 0.5111140625 0.5085453125 0.53815 0.509378125 0.5486187499999999 0.5143046874999999 0.5675765625 0.5198125 0.5782 0.5328234375 0.593246875 0.5448578125 0.5999078124999999
5 0.353428125 0.5894359375 0.3581046875 0.5895890625 0.3694515625 0.583696875 0.39283125 0.584465625 0.397653125 0.5825359375 0.41295000000000004 0.587215625 0.419475 0.5832546875 0.4256046875 0.5625718749999999 0.43100781250000003 0.5523078124999999 0.43401875 0.5315218749999999 0.408578125 0.49309375 0.3985796875 0.45726093749999996 0.396875 0.45929374999999995 0.384115625 0.4630515625 0.36765625 0.475040625 0.3566 0.47676562499999997 0.34637656250000004 0.48895937500000003 0.338978125 0.5054234375 0.3376703125 0.5241765625 0.3359671875 0.5262078125 0.3366140625 0.5617328125000001 0.346071875 0.582928125 0.353428125 0.5894359375
5 0.43996562499999997 0.2894609375 0.4577984375 0.30257812500000003 0.4640328125 0.3027828125 0.479184375 0.309546875 0.5055359375 0.3125015625 0.509090625 0.306353125 0.5044531250000001 0.283228125 0.5079015625000001 0.2561921875 0.5187078125 0.23566250000000002 0.537015625 0.2195578125 0.539009375 0.21335781250000002 0.5364734375 0.204921875 0.5320890625 0.20059999999999997 0.5125515625 0.18951562500000002 0.51099375 0.1894640625 0.4827921875 0.190625 0.463215625 0.2025109375 0.44787968749999996 0.220803125 0.44418125 0.22903437499999998 0.4359109375 0.2580015625 0.43732499999999996 0.26013593749999997 0.43562031250000005 0.26216875 0.43489374999999997 0.27258593750000004 0.435871875 0.280971875 0.43996562499999997 0.2894609375
5 0.33166406249999997 0.2295109375 0.3205015625 0.21034843749999999 0.314453125 0.18508906249999998 0.3157609375 0.1663359375 0.319459375 0.158103125 0.3201859375 0.1476859375 0.330159375 0.11668750000000001 0.33059531249999996 0.1104359375 0.3341484375 0.1042875 0.33259062500000003 0.1042359375 0.33103125 0.1041859375 0.31642187499999996 0.11205781249999999 0.297678125 0.13441406250000001 0.2877046875 0.16541250000000002 0.28610625 0.1883328125 0.28961875 0.20515625 0.31520468749999997 0.2415 0.3275296875 0.24399375 0.33561406250000003 0.2400828125 0.3376078125 0.233884375 0.33166406249999997 0.2295109375
5 0.1884859375 0.42320156249999996 0.201496875 0.4382484375 0.2133859375 0.44699375 0.2397375 0.44994843749999996 0.26525781249999997 0.44243437500000005 0.2768953125 0.43237500000000006 0.28755625 0.41392968750000003 0.29397656250000004 0.3890796875 0.29499375 0.3744953125 0.290503125 0.34928593750000003 0.2736875 0.3215828125 0.25897187499999996 0.30856875 0.2424078125 0.2996703125 0.24085 0.29961875 0.228525 0.297125 0.22682031249999998 0.2991578125 0.21591093749999998 0.2987984375 0.1949203125 0.30855 0.18284687500000002 0.3248609375 0.1755953125 0.339240625 0.17160625000000002 0.35164062500000004 0.17000781250000002 0.37456093749999997 0.1787375 0.4061734375 0.1884859375 0.42320156249999996
5 0.3227796875 0.9392828124999999 0.3281421875 0.9519890625 0.3452484375 0.975525 0.3998015625 0.97731875 0.40150625 0.9752859375 0.446471875 0.8681671874999999 0.45260156250000005 0.847484375 0.4531828125 0.8391500000000001 0.4465515625 0.8222250000000001 0.43383125 0.8030109375000001 0.4205296875 0.79213125 0.400703125 0.7852140624999999 0.3989984375 0.7872453125 0.38808750000000003 0.7868875 0.3768859375 0.7906953125 0.36495781250000003 0.804921875 0.3536109375 0.8108140625000001 0.33671562499999996 0.8290546875 0.3214859375 0.8682328125 0.3187234375 0.907821875 0.3201375 0.9099578125000001 0.319265625 0.9224593750000001 0.3227796875 0.9392828124999999
0 0.18264687500000001 0.4397171875 0.1939546875 0.45679687500000005 0.20983281250000002 0.4531421875 0.213240625 0.44907812500000005 0.1941390625 0.4317421875 0.18141875000000002 0.41252812499999997 0.1812734375 0.4146109375 0.18025625 0.429196875 0.18264687500000001 0.4397171875
4 0.319521875 0.448396875 0.3400359375 0.4678671875 0.3505109375 0.47447656250000003 0.3583046875 0.4747328125 0.36950625000000004 0.470925 0.38114375 0.460865625 0.392490625 0.45497343749999997 0.39930625000000003 0.44684375000000004 0.40046875000000004 0.43017500000000003 0.40489375 0.4115234375 0.4139953125 0.393028125 0.4142859375 0.3888609375 0.421246875 0.378646875 0.4216828125 0.372396875 0.40301875000000004 0.348809375 0.3923984375 0.34428281250000003 0.3906953125 0.346315625 0.37510781249999997 0.345803125 0.3685828125 0.34976562499999997 0.36390625 0.3496125 0.34574375 0.3636328125 0.331134375 0.37150625000000004 0.31906093750000003 0.3878171875 0.31351249999999997 0.40016406250000003 0.31176875000000004 0.42516875 0.31528125 0.4419921875 0.319521875 0.448396875
4 0.428390625 0.5898125000000001 0.4354578125 0.6004875000000001 0.44857500000000006 0.636421875 0.45169218750000006 0.6365234375 0.45354062500000003 0.6324078125 0.480184375 0.6311953124999999 0.4838828125 0.6229640625 0.48884999999999995 0.61895 0.49269375000000004 0.6086343750000001 0.49921875 0.604671875 0.5049125 0.5902406250000001 0.50850625 0.561121875 0.5070921875 0.5589859374999999 0.5069874999999999 0.5380984375 0.5017703124999999 0.5233078124999999 0.500065625 0.525340625 0.49354062499999996 0.529303125 0.48092499999999994 0.5309765625 0.46646093750000006 0.5367656249999999 0.4461984375 0.5361 0.44434843749999997 0.540215625 0.44123124999999996 0.5401125 0.43879999999999997 0.5525640625 0.43183906250000004 0.5627765625000001 0.42785 0.5751765625 0.428390625 0.5898125000000001
4 0.5046734374999999 0.72806875 0.52273125 0.693159375 0.5366531250000001 0.6727328124999999 0.548040625 0.6438703125 0.5487671875 0.6334515625 0.5431140625 0.6249125 0.523721875 0.61174375 0.5221640625 0.6116921875 0.5207499999999999 0.6095578125000001 0.51295625 0.6093015625 0.4952296875 0.6170718749999999 0.4833015625 0.6312984375 0.47760781249999995 0.6457296875 0.47640625 0.6853703125 0.47894218750000006 0.6938078125 0.49151718750000006 0.71510625 0.5001421875000001 0.7258312499999999 0.5046734374999999 0.72806875
4 0.28270625 0.5954625 0.285678125 0.59765 0.2936171875 0.5958218750000001 0.298584375 0.5918078125 0.30924375 0.5733640624999999 0.3142109375 0.56935 0.32160781250000003 0.5528859374999999 0.32389375 0.5425187499999999 0.3216484375 0.5299140625 0.3231015625 0.509078125 0.3062859375 0.481375 0.289721875 0.4724765625 0.2880171875 0.47450937499999996 0.278375 0.47836875 0.268440625 0.4863953125 0.25651250000000003 0.5006234375 0.242009375 0.5293828125 0.23943281249999998 0.5439171875000001 0.24294687499999998 0.560740625 0.2434875 0.5753781250000001 0.2591796875 0.5967781249999999 0.27944375 0.5974437499999999 0.28270625 0.5954625
4 0.5942765624999999 0.29453593749999996 0.5984109375 0.280053125 0.5933390625 0.263178125 0.574965625 0.235425 0.5705796875 0.23110468750000002 0.552165625 0.226321875 0.546221875 0.22194843749999998 0.5446640625 0.2218984375 0.528640625 0.22763593750000002 0.5185625 0.23774687499999997 0.507465625 0.2624421875 0.505721875 0.287446875 0.511771875 0.31270625 0.5160109375 0.31911093749999997 0.532140625 0.33426093749999997 0.5460234374999999 0.33680625000000003 0.5664703125 0.3124171875 0.5942765624999999 0.29453593749999996
3 0.5120875 0.37537031249999997 0.5221265625 0.38822968750000003 0.530315625 0.40520625 0.5349921875 0.40536093749999996 0.53605 0.3678046875 0.5420328125 0.3492046875 0.54105625 0.34081875 0.5274640625 0.33410625 0.508509375 0.3146875 0.47903906249999995 0.31162968750000003 0.4515640625 0.3023734375 0.439675 0.293628125 0.42807812500000003 0.28071562499999997 0.41394374999999994 0.2593671875 0.40658593749999994 0.252859375 0.388028125 0.2501609375 0.38320625 0.252090625 0.3817921875 0.24995625000000002 0.36620625 0.24944375000000002 0.35273125 0.2453203125 0.36348437499999997 0.2660609375 0.36178125 0.26809375 0.3603265625 0.2889296875 0.3622828125 0.3057015625 0.37228125 0.3415328125 0.375253125 0.3437203125 0.39566093750000003 0.34230312500000004 0.40019218749999996 0.344540625 0.4219734375 0.3682296875 0.42820937499999995 0.368434375 0.4462265625 0.3564953125 0.4805171875 0.3576234375 0.49537812499999995 0.3685546875 0.5120875 0.37537031249999997
3 0.2129359375 0.543046875 0.2388921875 0.52928125 0.24400312500000002 0.523184375 0.2549546875 0.500571875 0.26858593750000004 0.4843125 0.28675 0.47029062499999996 0.2789953125 0.44706250000000003 0.27149375 0.44263906249999996 0.2489453125 0.452340625 0.2208890625 0.4514171875 0.18869687500000001 0.464978125 0.1643 0.47879375 0.126415625 0.5067859375 0.120034375 0.5086640625000001 0.0832734375 0.5429578125 0.0679375 0.56125 0.057276562499999996 0.5796953125 0.054556249999999994 0.5963125 0.058901562500000004 0.6236046875000001 0.048240624999999995 0.64205 0.0455203125 0.65866875 0.0466421875 0.6649703125 0.0508828125 0.671375 0.052440625 0.6714265625 0.0571171875 0.6715796875 0.062375 0.6634 0.062665625 0.6592328125 0.073034375 0.6449546875000001 0.0883703125 0.6266625 0.104975 0.6125906249999999 0.1212890625 0.602684375 0.1259640625 0.6028390625 0.1373109375 0.596946875 0.2129359375 0.543046875
