3 0.572040625 0.5384453125 0.5974921875 0.56923125 0.5966843749999999 0.591215625 0.569234375 0.639084375 0.5692609375 0.6706734375 0.5341578124999999 0.7126187500000001 0.5550640625 0.745859375 0.5654 0.747459375 0.604009375 0.6950015625 0.6428640624999999 0.6883812500000001 0.6657953125 0.6745578125 0.6965453125 0.617725 0.683059375 0.5603640624999999 0.652009375 0.50818125 0.619534375 0.48262499999999997 0.5461359375 0.46337031250000005 0.48660781249999996 0.4667921875 0.48248749999999996 0.48194687500000005 0.572040625 0.5384453125
3 0.9550578125 0.29134375 0.904853125 0.3198984375 0.8641359375000001 0.3246515625 0.7806484375 0.3496328125 0.6969421875 0.36036875 0.6806234375 0.37205625000000003 0.681046875 0.38475468749999997 0.6891109375 0.3875828125 0.7213390625 0.3673015625 0.76391875 0.364415625 0.7903828125000001 0.3716703125 0.8127265625 0.3940796875 0.83936875 0.368196875 0.8854531250000001 0.3547984375 0.9292781250000001 0.358421875 0.9617390625000001 0.3681828125 0.9546749999999999 0.326028125 0.9699406249999999 0.2904890625 0.9550578125 0.29134375
1 0.5449328125 0.7427125 0.53126875 0.7184875 0.5376624999999999 0.70210625 0.5141 0.7047765625 0.49241406249999997 0.725109375 0.49409843750000004 0.7601140625 0.5216171875 0.79121875 0.5544890625 0.7978859375 0.54246875 0.76128125 0.5449328125 0.7427125
1 0.5620328125 0.67745 0.573559375 0.62238125 0.58759375 0.5961265625000001 0.5206171875 0.592078125 0.49334531249999997 0.606809375 0.48013281250000006 0.6268734375 0.4801609375 0.6584640625 0.494234375 0.6795921875000001 0.5140859375 0.68898125 0.5430296875 0.6934609375 0.5620328125 0.67745
1 0.48515781249999995 0.46182968750000003 0.556884375 0.46187500000000004 0.5978203125 0.47136875 0.6031875 0.46272343749999995 0.6017359375 0.45776093749999996 0.576928125 0.453921875 0.5473546875 0.43829062499999993 0.530803125 0.4199359375 0.5223 0.388615625 0.498121875 0.395928125 0.4880046875 0.408575 0.4803921875 0.4500375 0.48515781249999995 0.46182968750000003
1 0.640590625 0.451140625 0.6058703125 0.4584015625 0.6079515625 0.474515625 0.6604828125 0.5079140625 0.691890625 0.4938234375 0.6984890625 0.47589375 0.6744749999999999 0.43427499999999997 0.640590625 0.451140625
1 0.7907953125 0.8455109375 0.817040625 0.8385171874999999 0.8211609375 0.8233625 0.808921875 0.7725109375 0.7892750000000001 0.761575 0.770053125 0.7633375 0.7136046875 0.743546875 0.7005984375 0.762065625 0.7018718749999999 0.8001640625 0.7196703125 0.825028125 0.74551875 0.8369249999999999 0.7907953125 0.8455109375
1 0.6914671875 0.719590625 0.71980625 0.7445078125 0.74565625 0.7564031250000001 0.8074703124999999 0.7675500000000001 0.858071875 0.72010625 0.8630140624999999 0.6987609375 0.8003500000000001 0.6622171875 0.7761453125 0.6379406249999999 0.7699296875 0.6211859375000001 0.7494609375 0.6164390625 0.7242421875 0.6156953125 0.7017203125 0.626421875 0.6814859375 0.6517171875 0.6736546875 0.6789328125 0.6914671875 0.719590625
1 0.8571406250000001 0.3614703125 0.8273890625 0.3789765625 0.8119046875 0.40026875000000006 0.8094546875 0.4346328125 0.8284984375000001 0.4660078125 0.8518687500000001 0.480678125 0.8804015625 0.48825312500000007 0.9308390624999999 0.48974062500000004 0.9773328125 0.4732484375 0.9822843750000001 0.46527343749999994 0.985553125 0.391721875 0.9652578125 0.373465625 0.9332078125000001 0.360609375 0.893721875 0.35607812499999997 0.8571406250000001 0.3614703125
1 0.9908125 0.27338125 0.992615625 0.2327984375 0.9856015625 0.23605937500000002 0.975690625 0.247159375 0.971378125 0.27965625 0.9908125 0.27338125
2 0.9857781250000001 0.3866546875 0.99058125 0.27859531249999997 0.9748953124999999 0.2849390625 0.9612734375 0.3080984375 0.9625609374999999 0.3619921875 0.9857781250000001 0.3866546875
5 0.59780625 0.4555734375 0.6257078125 0.45199531249999997 0.658771875 0.4413203125 0.673025 0.4293125 0.6785687499999999 0.38753125 0.645053125 0.3539171875 0.5764203125 0.34645468749999997 0.531171875 0.3694578125 0.52955625 0.41342656250000004 0.541975 0.431140625 0.5711359375 0.44986718750000004 0.59780625 0.4555734375
5 0.5699859375 0.315453125 0.5548984375 0.3178546875 0.5358953125 0.333865625 0.5288999999999999 0.370684375 0.5784875 0.3467734375 0.5699859375 0.315453125
5 0.8043484375000001 0.2664421875 0.7721046874999999 0.270928125 0.7341 0.3029484375 0.7281296875 0.3320296875 0.734140625 0.3503328125 0.7614265625 0.351396875 0.8556609375 0.32491875000000003 0.8244328124999999 0.30587343749999996 0.8043484375000001 0.2664421875
5 0.8370421875 0.5447124999999999 0.8779640625 0.5384125 0.9135203125 0.54075625 0.931715625 0.5467296875 0.9521968749999999 0.567271875 0.9759781249999999 0.5788484375 0.9778703125 0.56459375 0.9807734375000001 0.49927968749999996 0.9541953124999999 0.48861875 0.8737890625 0.49038750000000003 0.8366046875 0.51621875 0.8370421875 0.5447124999999999
0 0.5501343750000001 0.7829984375000001 0.5741359375 0.8088234375000001 0.658896875 0.8219406250000001 0.67935 0.8108921875 0.6950406250000001 0.7880515625 0.702021875 0.7354375 0.6817453125 0.7133484375 0.645765625 0.6983046875000001 0.60814375 0.6956421875000001 0.5672625 0.7493265625000001 0.5585828125 0.7511421875 0.5490671875 0.7433515625 0.5445359375 0.7616015625 0.5501343750000001 0.7829984375000001
0 0.5904546875000001 0.5586671875 0.573696875 0.5418609375 0.50483125 0.5043562500000001 0.49553437499999997 0.5108125 0.4854453125 0.55505 0.490003125 0.5683890625 0.510896875 0.5858359375 0.588003125 0.59303125 0.596259375 0.5785171874999999 0.5904546875000001 0.5586671875
0 0.633265625 0.3473546875 0.6764875 0.37141562499999997 0.72628125 0.3459578125 0.7233390625 0.2886484375 0.69438125 0.268375 0.6530359375 0.2619765625 0.60384375 0.26699687499999997 0.5850453124999999 0.2814609375 0.5755578125 0.305259375 0.5743390625 0.3303390625 0.582828125 0.3458671875 0.633265625 0.3473546875
0 0.7049375 0.5226890625 0.71879375 0.529571875 0.749584375 0.5201234375 0.774803125 0.5208671875 0.8256656250000001 0.53505625 0.837425 0.510028125 0.8653140625000001 0.49065624999999996 0.8053343749999999 0.44978749999999995 0.7972828125 0.46275625 0.7683546875 0.47407187500000003 0.7003515625000001 0.4777609375 0.697065625 0.5025203125 0.7049375 0.5226890625
0 0.847503125 0.6884640625 0.874171875 0.694171875 0.9144781249999999 0.6925125000000001 0.962615625 0.6636390624999999 0.9749515625 0.5865859375 0.9294421875 0.5479578125 0.8967765625 0.53974375 0.8304296875 0.5468484375 0.8029515625 0.5631265625 0.778171875 0.5908765625 0.77655625 0.6348453125 0.8044859375 0.66285625 0.847503125 0.6884640625
0 0.9560578124999999 0.728953125 0.9341390625000001 0.71924375 0.9116031250000001 0.714178125 0.873159375 0.717703125 0.8458875000000001 0.732434375 0.8138781249999999 0.7669609375 0.821778125 0.8187203125 0.8532249999999999 0.8520140625 0.8712156249999999 0.8595359374999999 0.9377812499999999 0.866678125 0.9560578124999999 0.728953125
4 0.7329234375 0.6138796875 0.7688890625 0.613128125 0.7814703125 0.5819109375 0.8262953124999999 0.5462078125 0.8211203125000001 0.5375109375 0.79940625 0.5262546875 0.7557859375 0.5210828125 0.7006125 0.5393921875000001 0.68904375 0.5470765625 0.6851281250000001 0.560684375 0.7105921875 0.6072656249999999 0.7329234375 0.6138796875
4 0.7011734374999999 0.47157031250000003 0.7299109374999999 0.477596875 0.7576078125000001 0.4755671875 0.786125 0.4673453125 0.8003781249999999 0.4553375 0.8096328125 0.40149687500000003 0.79969375 0.3810078125 0.7783890625 0.36665625 0.721134375 0.36885 0.70356875 0.374028125 0.6866328125 0.3903578125 0.676953125 0.43150000000000005 0.7011734374999999 0.47157031250000003
4 0.8192578125000001 0.297175 0.8440796875000001 0.316809375 0.8645468749999999 0.32155625 0.909603125 0.3158953125 0.9463781250000001 0.293159375 0.956084375 0.2836078125 0.9554406249999999 0.256659375 0.9337140625 0.22960937499999998 0.8929828125 0.2185671875 0.8497875 0.226096875 0.8291281250000001 0.2386921875 0.8093031249999999 0.2608921875 0.809728125 0.2735921875 0.8192578125000001 0.297175
