4 0.4811109375 0.456790625 0.462534375 0.44967187500000005 0.44618125 0.4362265625 0.43784687499999997 0.43653593749999997 0.42736093750000004 0.440046875 0.393715625 0.45534375000000005 0.380971875 0.46674375 0.37225625 0.484240625 0.37222187500000004 0.485803125 0.3757296875 0.5153359375 0.39618125000000004 0.5317515625 0.42722187500000003 0.53996875 0.45430624999999997 0.538965625 0.47322968750000005 0.5304593750000001 0.4859375 0.520621875 0.49243125 0.5094515625 0.49711875 0.48586093750000003 0.4808328125 0.469290625 0.4811109375 0.456790625
4 0.6329859375 0.4605328125 0.63743125 0.447878125 0.6377078125 0.435378125 0.6276046875 0.4217015625 0.6132640625 0.41130468750000004 0.600903125 0.4055171875 0.59055625 0.40277812500000004 0.557221875 0.4040125 0.5195140625 0.4147765625 0.498403125 0.42804843750000005 0.48982656249999995 0.43929375000000004 0.48312499999999997 0.4598375 0.483090625 0.4614 0.48902812500000004 0.47523125000000005 0.501284375 0.48570624999999995 0.5198265625 0.4943859375 0.550971875 0.49791718749999997 0.559375 0.4944828125 0.5760765625000001 0.492303125 0.5929171875 0.48387343749999995 0.5970828125 0.48371875 0.6223953125 0.46873125 0.6329859375 0.4605328125
4 0.7593062500000001 0.677546875 0.7572921874999999 0.6744984374999999 0.7594093749999999 0.672859375 0.7598609374999999 0.652546875 0.7454171875 0.6468359375 0.7208328125000001 0.6290125 0.70875 0.610725 0.70256875 0.60783125 0.673403125 0.6089125 0.66711875 0.61070625 0.662846875 0.6155484375 0.6565624999999999 0.6173421875 0.648090625 0.6239 0.645903125 0.628665625 0.64586875 0.630228125 0.6433687499999999 0.6490546875 0.64930625 0.6628859375 0.6614234375 0.6796109375 0.6757640625 0.6900078125 0.69225625 0.6972031249999999 0.7088890625000001 0.6981484375 0.71100625 0.6965078124999999 0.7318749999999999 0.694175 0.7571875 0.6791859375 0.7593062500000001 0.677546875
4 0.68625 0.5928234375 0.6905203125 0.5879828125000001 0.6864234375 0.5850109375 0.6676734375 0.58570625 0.6386109375 0.5820984375 0.6180203125 0.5719328124999999 0.6058328125 0.5583328125 0.601528125 0.5647375 0.60149375 0.5663 0.60118125 0.5803625 0.61118125 0.5987265625 0.615034375 0.6126343750000001 0.61913125 0.61560625 0.63993125 0.6163968750000001 0.6482984375 0.614525 0.6588546875 0.6078890625 0.6713890625000001 0.6058640625 0.6861453125 0.5975109375 0.68625 0.5928234375
4 0.93368125 0.41817187499999997 0.911215625 0.3987078125 0.8497562500000001 0.35414687499999997 0.8435062500000001 0.354378125 0.8351046875 0.3578125 0.8182296875 0.3678046875 0.7970140625 0.3857640625 0.7820484375000001 0.40349218750000004 0.7820140624999999 0.4050546875 0.7814234375 0.4316171875 0.7954859375 0.45451406250000004 0.811840625 0.46795937500000007 0.8387156250000001 0.47633125 0.8720484374999999 0.47509687500000003 0.8929859375 0.4696375 0.9205203125000001 0.448321875 0.9311812500000001 0.43699843749999995 0.9377078125 0.42426718750000003 0.93368125 0.41817187499999997
0 0.29125 0.569984375 0.29767343749999997 0.561940625 0.298159375 0.540065625 0.2920828125 0.532484375 0.2921875 0.527796875 0.28413125 0.51560625 0.2842359375 0.51091875 0.27809062500000004 0.5064625 0.278159375 0.5033375 0.2617359375 0.4930171875 0.2429859375 0.49371093750000006 0.219965625 0.49924843750000003 0.1761453125 0.50399375 0.157153125 0.515625 0.140034375 0.5365546875 0.13999999999999999 0.5381171874999999 0.1376390625 0.55069375 0.1476046875 0.570621875 0.16194375 0.5810187499999999 0.17409687499999998 0.59618125 0.1927078125 0.6017359375 0.215625 0.6008875 0.23444375 0.5970671875 0.2575 0.5899687499999999 0.2785421875 0.579821875 0.29125 0.569984375
0 0.3753125 0.72143125 0.3671875 0.712365625 0.3573265625 0.6877500000000001 0.3620828125 0.6610343750000001 0.353715625 0.6629046875 0.33430624999999997 0.6932875000000001 0.3342703125 0.69485 0.3339578125 0.7089125000000001 0.3398265625 0.72586875 0.3685421875 0.7451 0.3829859375 0.7508109375 0.40590312500000003 0.7499609375 0.418471875 0.7463734375 0.42062499999999997 0.743171875 0.39993124999999996 0.7376921875 0.3917015625 0.7333140625000001 0.3753125 0.72143125
0 0.59975625 0.644425 0.61256875 0.6299 0.6129515624999999 0.6127125 0.6089234375 0.6066171875 0.6070828125000001 0.59575625 0.6010421874999999 0.5866125 0.5867359375000001 0.574653125 0.55375 0.5602625 0.53086875 0.5595484374999999 0.52881875 0.5580625 0.5037843750000001 0.5605515624999999 0.4870140625 0.5658562500000001 0.46375 0.5823296874999999 0.45517343749999994 0.5935765625 0.4486109375 0.6078703125 0.4485765625 0.6094328124999999 0.44621562499999995 0.622009375 0.44822968750000003 0.6250578124999999 0.475 0.6381171875 0.5098265625 0.66336875 0.519965625 0.6754828125000001 0.5323953125 0.67814375 0.5700000000000001 0.6720671874999999 0.5804859375 0.6685578125 0.593159375 0.6602812499999999 0.59975625 0.644425
0 0.596909375 0.397859375 0.5867703125 0.3857453125 0.576875 0.3626921875 0.5688187499999999 0.3505015625 0.5398609375000001 0.34220625 0.5044796875 0.34195625 0.5023609375 0.3435953125 0.49194375 0.34398125 0.47093749999999995 0.352565625 0.46663125 0.3589703125 0.4638890625 0.38873437499999997 0.45961875 0.3935765625 0.4573609375 0.401465625 0.4466671875 0.4143515625 0.442465625 0.41606875 0.44243125 0.41763125 0.446284375 0.4315390625 0.45236093750000006 0.43912031249999994 0.47291718749999995 0.45084843750000003 0.48329843749999996 0.452025 0.48559062500000005 0.4425734375 0.49631875000000003 0.428125 0.5195484375 0.4132140625 0.5551734374999999 0.4025265625 0.596840625 0.400984375 0.596909375 0.397859375
0 0.6967359375 0.3082953125 0.71375 0.29205312499999997 0.7204515625 0.2715078125 0.7290281249999999 0.2602625 0.7291671875 0.25401250000000003 0.6535765625 0.1896796875 0.6290281249999999 0.17029375 0.61461875 0.1630203125 0.59350625 0.1762921875 0.569965625 0.205265625 0.5636109375 0.2101859375 0.5635421875 0.21331093750000002 0.5444796875 0.2280671875 0.535903125 0.23931249999999998 0.53586875 0.240875 0.53149375 0.2504046875 0.533090625 0.272203125 0.5492359375 0.2950234375 0.580034375 0.31417812500000003 0.59243125 0.318403125 0.619409375 0.32208749999999997 0.65274375 0.320853125 0.6695140625 0.3155484375 0.6820140625 0.31508437499999997 0.6967359375 0.3082953125
5 0.4998609375 0.8307874999999999 0.5248953125 0.8282984375 0.5416671875 0.82299375 0.5480203125 0.818075 0.55430625 0.81628125 0.57555625 0.7967593749999999 0.5842015625 0.7823875 0.5886453125 0.769734375 0.58913125 0.747859375 0.5851734375000001 0.7386375000000001 0.570971875 0.721990625 0.5504515624999999 0.7087 0.5297562499999999 0.703221875 0.52350625 0.703453125 0.5171875 0.706809375 0.50836875 0.72899375 0.5083328125000001 0.73055625 0.49565937499999996 0.7388312499999999 0.48524375 0.7392171875 0.4684375 0.746084375 0.4392359375 0.7487265625 0.4328125 0.7567703125 0.43215312499999997 0.7864578125 0.4401046875 0.8033374999999999 0.4626046875 0.8212390624999999 0.48118125 0.82835625 0.4998609375 0.8307874999999999
5 0.4467359375 0.4112265625 0.46184062499999995 0.38725 0.46444375000000004 0.363734375 0.460625 0.3482640625 0.44444375 0.32700625 0.41979218749999997 0.3123078125 0.3970140625 0.30690625 0.37413124999999997 0.3061921875 0.3720140625 0.30783125 0.361596875 0.3082171875 0.33850625 0.316878125 0.310971875 0.33819374999999996 0.306596875 0.3477234375 0.3023609375 0.35100312499999997 0.3023265625 0.352565625 0.29975625 0.3745171875 0.309653125 0.39756874999999997 0.31774375 0.4081984375 0.344409375 0.4259453125 0.35680625 0.43017031250000004 0.37548593750000003 0.4326 0.3795828125 0.4355703125 0.41513906250000004 0.42800937499999997 0.43826406249999994 0.4177859375 0.4467359375 0.4112265625
5 0.495 0.4875 0.49336874999999997 0.5609375 0.6017015625 0.556925 0.6033328124999999 0.4834875 0.495 0.4875
5 0.7992015625 0.381 0.8288546875 0.35804375 0.8436109374999999 0.349690625 0.84368125 0.346565625 0.7885421874999999 0.29864999999999997 0.75163125 0.2734765625 0.7307640625 0.2758109375 0.7093406250000001 0.30314375 0.6861109375 0.31805625000000004 0.6839234375000001 0.3228203125 0.6838890625 0.3243828125 0.6817703125000001 0.326021875 0.6813890625 0.343209375 0.68538125 0.35086875 0.6852437499999999 0.35711875000000004 0.69131875 0.36469843750000003 0.72211875 0.3838546875 0.76350625 0.3948109375 0.7822218750000001 0.39567968750000004 0.7864234375 0.3939625 0.7992015625 0.381
5 0.610625 0.15536250000000001 0.575903125 0.125425 0.547221875 0.10462968749999998 0.5367703125000001 0.106578125 0.509375 0.12164375000000001 0.49444375 0.13780937499999998 0.49440937500000004 0.13937187499999998 0.48347187500000005 0.16319375 0.48489531250000006 0.1928046875 0.4948953125 0.21116875 0.50100625 0.2171875 0.531875 0.23321718749999998 0.538159375 0.2314234375 0.55725625 0.2151046875 0.58930625 0.178009375 0.6104515625 0.16317500000000001 0.610625 0.15536250000000001
3 0.44006875 0.43020781250000006 0.4402078125 0.42395781250000003 0.43819375000000005 0.42091093749999997 0.43194375 0.4211421875 0.40881875 0.43136562500000003 0.3795828125 0.4355703125 0.3526390625 0.43032343749999996 0.334096875 0.42164375 0.32180624999999996 0.41273125000000005 0.31350625 0.41147812500000003 0.231875 0.431675 0.21937500000000001 0.43213749999999995 0.2088890625 0.4356484375 0.1713546875 0.4386 0.158784375 0.4421875 0.15038125 0.44562187499999995 0.13135468749999998 0.458815625 0.12072968749999999 0.4685765625 0.12069375 0.47013906250000004 0.1267015625 0.48084531249999996 0.13711875 0.480459375 0.13923593750000002 0.47881875 0.153403125 0.4970296875 0.1657984375 0.5012531250000001 0.2220828125 0.49760781249999997 0.328784375 0.4733609375 0.3832640625 0.45729218749999995 0.4357984375 0.43505000000000005 0.44006875 0.43020781250000006
3 0.7473609375 0.4656640625 0.8013546874999999 0.4714703125 0.8076390625000001 0.4696765625 0.8077078125 0.4665515625 0.793403125 0.45459062499999997 0.781284375 0.43786718750000003 0.7795828124999999 0.42075625 0.777534375 0.4192703125 0.779965625 0.40356875 0.7779515625 0.40052031250000003 0.726215625 0.38682500000000003 0.69944375 0.373765625 0.67493125 0.35281562499999997 0.6628812500000001 0.3329671875 0.658784375 0.329996875 0.6588546875 0.32687187500000003 0.6547562499999999 0.32389999999999997 0.6485421875 0.32256874999999996 0.6318406249999999 0.32475 0.6297921875 0.3232640625 0.6152078125 0.3238046875 0.58618125 0.31863437499999997 0.58 0.315740625 0.5735421875 0.32534687500000004 0.57350625 0.326909375 0.575 0.3533953125 0.5829171875 0.3718359375 0.595 0.3901234375 0.6051046875 0.40380000000000005 0.65225625 0.4364 0.66055625 0.4376546875 0.6832296875 0.44774375 0.7164234375 0.45275781249999997 0.7370828125 0.4598 0.7473609375 0.4656640625
2 0.659340625 0.6796875 0.6432296875 0.6553046874999999 0.6414234375000001 0.6428812500000001 0.622846875 0.6357640625000001 0.6103468750000001 0.6362265625 0.60399375 0.6411453125000001 0.5952437500000001 0.6602046875 0.5867703125 0.6667625 0.57625 0.6718359375 0.5448609375 0.67924375 0.5448265625000001 0.6808062500000001 0.5445828125000001 0.69174375 0.55256875 0.7070609375 0.56694375 0.7158953125 0.5913890625 0.73996875 0.60586875 0.7441171875 0.6580203124999999 0.7390625 0.6686109375 0.7308640625 0.6795828125 0.705478125 0.6798265625 0.6945406249999999 0.659340625 0.6796875
2 0.50625 0.7306328125 0.5129859375 0.7085265625 0.51944375 0.6989203125000001 0.5198609375000001 0.6801703125 0.5036453125 0.660475 0.474965625 0.6396796874999999 0.44819375 0.6266203124999999 0.431596875 0.6241125000000001 0.406528125 0.6281640625 0.38125 0.6415890625 0.36638906250000003 0.6546296875000001 0.36204843750000004 0.662596875 0.36177031249999997 0.675096875 0.359653125 0.6767359374999999 0.35961875 0.6782984375 0.36131875 0.695409375 0.36725625 0.709240625 0.37739531249999997 0.7213546875 0.399965625 0.7361296875 0.41447968749999997 0.738715625 0.4351046875 0.74731875 0.46638906249999995 0.7445984375 0.48527812499999995 0.7376546875 0.49569375000000004 0.7372687499999999 0.50625 0.7306328125
2 0.894096875 0.6069828125 0.93163125 0.60403125 0.9442359375 0.59888125 0.95694375 0.58904375 0.980034375 0.5803812500000001 0.9842703125 0.577103125 0.9854859375 0.522415625 0.9692703125 0.5027203124999999 0.9507984374999999 0.4909140625 0.91774375 0.4796484375 0.892846875 0.47588749999999996 0.8490624999999999 0.47907031250000004 0.8239234375000001 0.48624687499999997 0.8048609375 0.501003125 0.8005203125 0.5089703125 0.7920140625000001 0.517090625 0.7919796875 0.5186531249999999 0.78774375 0.5219328125 0.787221875 0.5453703125 0.7910765625 0.559278125 0.8032296875 0.574440625 0.8196187500000001 0.5863234375 0.8361109375 0.59351875 0.8588546875 0.6004828125 0.8651046875 0.6002500000000001 0.8775000000000001 0.604475 0.894096875 0.6069828125
1 0.31756875 0.60335625 0.318159375 0.57679375 0.320346875 0.5720296874999999 0.3140625 0.5738234375 0.3160765625 0.5768718749999999 0.3076046875 0.5834296875 0.30756875 0.5849921874999999 0.3011453125 0.5930359375 0.30069375 0.6133484375 0.308715625 0.627103125 0.3230203125 0.6390625 0.3333328125 0.6433640625 0.35204843750000003 0.6442328125000001 0.3520828125 0.6426703125000001 0.33770781250000004 0.633834375 0.32347187499999996 0.61875 0.31756875 0.60335625
1 0.3855203125 0.6367484375 0.4107640625 0.6248843749999999 0.43170156249999997 0.619425 0.44444375 0.608025 0.4595828125 0.582484375 0.4640625 0.5682671874999999 0.462221875 0.5574078124999999 0.45413125 0.546778125 0.44381875 0.5424765625 0.4251046875 0.541609375 0.39614531249999996 0.5333140625 0.3753125 0.5340859375 0.3521875 0.544309375 0.3394796875 0.554146875 0.328784375 0.5670328125 0.32854218749999997 0.5779703125 0.3242703125 0.5828125 0.3260765625 0.5952359375 0.3239234375 0.5984375 0.32600625 0.5983609375000001 0.3301046875 0.60133125 0.3320484375 0.607503125 0.3298609375 0.6122687499999999 0.3401046875 0.6196953125 0.3398953125 0.6290703125 0.3459375 0.6382140625 0.3458328125 0.6429015625 0.3644796875 0.64689375 0.37493125 0.6449453125 0.3855203125 0.6367484375
1 0.38381875 0.5259640625 0.37163124999999997 0.5123656249999999 0.3702078125 0.48275468750000006 0.376840625 0.4653359375 0.3748265625 0.46228749999999996 0.36857656250000004 0.46251875 0.34968750000000004 0.4694640625 0.3434375 0.4696953125 0.29736093750000003 0.48232968749999994 0.2889234375 0.4873265625 0.2867359375 0.492090625 0.2867015625 0.49365312499999997 0.28631875 0.5108406249999999 0.2902078125 0.5231874999999999 0.30430625 0.544521875 0.3145828125 0.5503859375 0.3270140625 0.5530484375 0.33743124999999996 0.5526625000000001 0.35857656250000003 0.537828125 0.3775 0.5293203125 0.38375 0.5290890625 0.38381875 0.5259640625
1 0.3015625 0.386940625 0.2976046875 0.37772031250000004 0.295903125 0.360609375 0.291909375 0.35295156250000004 0.275278125 0.35200624999999997 0.273159375 0.3536453125 0.260659375 0.354109375 0.25642343749999996 0.3573875 0.25225624999999996 0.3575421875 0.23961875 0.3642546875 0.2247921875 0.3757328125 0.214096875 0.38861875 0.2140625 0.39018125000000003 0.20975625 0.3965859375 0.209375 0.4137734375 0.22149375 0.4304984375 0.24236093749999998 0.42816406249999994 0.28006875 0.41740000000000005 0.30305624999999997 0.41342656250000004 0.3135421875 0.409915625 0.31569375 0.4067125 0.311596875 0.40374218749999996 0.3015625 0.386940625
0 0.3201046875 0.3019484375 0.311596875 0.31006875 0.3092359375 0.322646875 0.30055624999999997 0.3385796875 0.3005203125 0.3401421875 0.30239531249999996 0.349440625 0.3088890625 0.338271875 0.3301046875 0.3203125 0.355346875 0.3084484375 0.3741671875 0.30462968749999997 0.3494796875 0.29149375 0.34131875 0.2839890625 0.337153125 0.28414375000000003 0.32444375000000003 0.29398124999999997 0.3201046875 0.3019484375
1 0.4636453125 0.306 0.47625 0.3008484375 0.48902812500000004 0.2878859375 0.49124999999999996 0.281559375 0.50836875 0.260628125 0.5105906250000001 0.25430156249999997 0.506596875 0.24664375 0.5048953125 0.22953281250000002 0.4988890625 0.21882656250000002 0.4866671875 0.206790625 0.45788124999999996 0.19068281250000002 0.44131875000000004 0.18661250000000001 0.4080203125 0.186284375 0.40590312500000003 0.187925 0.387153125 0.18861875 0.378715625 0.193615625 0.3745484375 0.19376875 0.359721875 0.205246875 0.34663125 0.232271875 0.346596875 0.23383437499999998 0.3398953125 0.254378125 0.33944375 0.27469062499999997 0.34750000000000003 0.2868828125 0.35979218749999997 0.2957953125 0.3742359375 0.3015046875 0.388784375 0.3025265625 0.39704843749999996 0.30534374999999997 0.40746562500000005 0.3049578125 0.4157296875 0.30777343749999997 0.4636453125 0.306
1 0.5329859375 0.276890625 0.5272218750000001 0.255246875 0.5295828124999999 0.24267031249999998 0.5190625 0.24774375 0.5146875 0.257271875 0.4954515625 0.2798421875 0.48250000000000004 0.3006171875 0.4845484375 0.30210312500000003 0.4944796875 0.32359218749999996 0.5088546875 0.33242656249999997 0.5398953125 0.34064375 0.5523609375 0.34174375 0.5564578124999999 0.3447140625 0.5689234375 0.3458140625 0.571528125 0.3223 0.5758687499999999 0.3143328125 0.547153125 0.29510000000000003 0.5329859375 0.276890625
1 0.732534375 0.5708140625 0.7558328125 0.552778125 0.7602078125 0.5432484375 0.7665968750000001 0.5367671875 0.77100625 0.525675 0.77163125 0.49755000000000005 0.76569375 0.48371875 0.7555203125000001 0.4731671875 0.739096875 0.462846875 0.71225625 0.45291249999999994 0.6664578125 0.4530484375 0.635 0.46357968749999995 0.618090625 0.475134375 0.6032296875000001 0.488175 0.5944796875 0.507234375 0.59444375 0.508796875 0.59413125 0.522859375 0.5998609375 0.5460640625 0.61399375 0.5658375 0.6283328125 0.5762343750000001 0.6386453125 0.5805359375 0.6573609375 0.5814046875 0.6677078125 0.58414375 0.690625 0.5832953125 0.7157296875 0.57768125 0.732534375 0.5708140625
1 0.8308328125 0.6436734375000001 0.8498265625 0.6320406249999999 0.8562156249999999 0.625559375 0.858471875 0.6176703125 0.8627437499999999 0.612828125 0.8629171875000001 0.605015625 0.82163125 0.589371875 0.799096875 0.5730328124999999 0.78899375 0.55935625 0.78506875 0.548571875 0.7836109375 0.520525 0.7752078124999999 0.5239578125000001 0.76649375 0.5414546875 0.7536453125 0.5575421875 0.7345828125 0.5723 0.7219796875 0.57745 0.715625 0.58236875 0.7134375000000001 0.5871328124999999 0.7134031249999999 0.5886953125 0.711284375 0.5903359375 0.7108328125 0.6106484375 0.72086875 0.62745 0.7290281249999999 0.634953125 0.7454859375 0.6437109375000001 0.759965625 0.647859375 0.77663125 0.6472421875000001 0.7890625 0.649903125 0.8119796875 0.6490546875 0.8308328125 0.6436734375000001
1 0.9498953125 0.43786718750000003 0.9415281249999999 0.4397375 0.9309375 0.44793593749999994 0.9288890625 0.44645 0.90975625 0.4643328125 0.909721875 0.4658953125 0.90756875 0.46909687499999997 0.9095484375 0.4737078125 0.91569375 0.4781640625 0.948784375 0.4878671875 0.9754515625 0.5056140625000001 0.981528125 0.51319375 0.98569375 0.513040625 0.9868750000000001 0.459915625 0.9643750000000001 0.4420140625 0.9498953125 0.43786718750000003
