3 0.2763328125 0.56676875 0.2932859375 0.56350625 0.3195328125 0.5469359375 0.3498203125 0.5025125 0.3579 0.44680937500000006 0.34564218750000003 0.41287812500000004 0.324415625 0.387584375 0.2973984375 0.3852953125 0.2970796875 0.41972812499999995 0.2753234375 0.461740625 0.2683328125 0.501871875 0.24405468749999998 0.5201765625 0.1992125 0.53360625 0.1634453125 0.536840625 0.1524 0.545303125 0.1582 0.552059375 0.1785453125 0.5600484375 0.2038125 0.557490625 0.2763328125 0.56676875
3 0.463790625 0.487109375 0.44935937499999995 0.5140796875 0.47583125 0.5241546875 0.49125781249999995 0.5426921874999999 0.4903859375 0.5551484375 0.4768265625 0.5696625 0.4950953125 0.5774765625 0.51818125 0.606059375 0.52868125 0.6053828125 0.5415875 0.6002109375 0.544428125 0.5894874999999999 0.5205796874999999 0.5718046875 0.463790625 0.487109375
2 0.512840625 0.68235625 0.5375625 0.6875843749999999 0.558671875 0.6846734375 0.586996875 0.668278125 0.59224375 0.653059375 0.5851296875 0.635228125 0.5550453125 0.617015625 0.521684375 0.6157546875000001 0.486034375 0.6471921875 0.512840625 0.68235625
2 0.3446328125 0.755815625 0.3819328125 0.76054375 0.41430468749999994 0.74605625 0.42250156250000004 0.7185578125000001 0.3971203125 0.6929125 0.3197875 0.6926249999999999 0.30546562499999996 0.7180375 0.32942343749999997 0.7341656249999999 0.3446328125 0.755815625
2 0.30360468749999997 0.7147484375000001 0.31727343750000003 0.6986765625 0.3138796875 0.687425 0.2763546875 0.6560515625 0.2614796875 0.6594890625 0.2746109375 0.6809640625 0.274509375 0.7122828125 0.30360468749999997 0.7147484375000001
5 0.405359375 0.3960109375 0.403396875 0.4240375 0.41772656250000006 0.428384375 0.4344625 0.4282375 0.469784375 0.4014703125 0.4611375 0.3756765625 0.43313125 0.357640625 0.41661562500000004 0.3546734375 0.38238125 0.3658703125 0.405359375 0.3960109375
5 0.35943437500000003 0.45477187499999994 0.3566 0.49525625 0.3967484375 0.5190203125 0.4431234375 0.5135515625 0.45493281249999995 0.494190625 0.452846875 0.46425312500000004 0.42319843749999997 0.43981250000000005 0.39421249999999997 0.435790625 0.36872812499999996 0.4414625 0.35943437500000003 0.45477187499999994
5 0.54069375 0.5233859375 0.5397046875 0.5076390625 0.5223078125 0.48736875 0.46980781250000003 0.4907515625 0.48808281249999996 0.5283265625 0.505696875 0.54548125 0.516196875 0.5448046875 0.54069375 0.5233859375
5 0.4202921875 0.6306578125 0.40584687500000005 0.5981062500000001 0.387796875 0.5871796875 0.3733578125 0.5843890625 0.3510484375 0.6044265625 0.37730312499999996 0.617615625 0.4081578125 0.6546890624999999 0.4202921875 0.6306578125
5 0.2180765625 0.741959375 0.22650625 0.7708671875 0.2533125 0.80603125 0.28033125000000003 0.8083203125 0.3080015625 0.8012671875 0.341246875 0.7743249999999999 0.338725 0.7506171875 0.3253765625 0.73225625 0.303278125 0.71941875 0.2721046875 0.7167765625 0.2180765625 0.741959375
0 0.2102 0.7350265625 0.248371875 0.7272968750000001 0.27265 0.7089921875 0.2649828125 0.669184375 0.23074218750000003 0.6506203125 0.2059125 0.6469484375000001 0.16916562500000001 0.664196875 0.1889734375 0.7097328125 0.2102 0.7350265625
0 0.2880625 0.6680078125 0.3098328125 0.6855156250000001 0.3302890625 0.6919484375 0.37010156250000004 0.6906234375 0.403346875 0.6636796875 0.389009375 0.629571875 0.357065625 0.6080703125 0.3133125 0.6059281249999999 0.281165625 0.6470609375 0.2880625 0.6680078125
0 0.47013437500000005 0.48608124999999996 0.5164 0.4821703125 0.534553125 0.4617796875 0.5262328125 0.4313140625 0.4984453125 0.4101640625 0.4715359375 0.4063171875 0.434134375 0.4329078125 0.43545 0.443984375 0.47013437500000005 0.48608124999999996
0 0.22478281249999998 0.4370953125 0.2336484375 0.45977499999999993 0.2689796875 0.46276875000000006 0.2851609375 0.44064531249999994 0.2942296875 0.400690625 0.2866796875 0.3890859375 0.272459375 0.38318281249999997 0.23286406249999997 0.38139375000000003 0.1917421875 0.401403125 0.22478281249999998 0.4370953125
0 0.35081562499999996 0.5480203125 0.3718234375 0.576428125 0.381996875 0.5804218750000001 0.4035421875 0.5712843750000001 0.3926 0.548428125 0.398390625 0.525425 0.366228125 0.5070359375 0.34938437499999997 0.508740625 0.33265625 0.53865 0.35081562499999996 0.5480203125
0 0.06948125000000001 0.5053828125 0.11445468750000001 0.579678125 0.1522984375 0.5766203125 0.171984375 0.5641921875 0.1502140625 0.546684375 0.172303125 0.529759375 0.1728484375 0.5219750000000001 0.15731250000000002 0.5049953125 0.13904375 0.49718125 0.0995578125 0.4938359375 0.06948125000000001 0.5053828125
4 0.548584375 0.589840625 0.5735234375 0.5919531250000001 0.593428125 0.5764109375 0.5890453124999999 0.5494125000000001 0.565196875 0.531728125 0.54244375 0.528234375 0.5118234375 0.5475671875 0.526378125 0.5785609375 0.548584375 0.589840625
4 0.3947859375 0.547046875 0.40824375 0.5638515625 0.4367953125 0.5741015625 0.4662171875 0.571896875 0.4792328125 0.5651671875 0.48907187499999993 0.5440734375 0.46565781250000005 0.5201609375 0.43875000000000003 0.5163140625 0.4024375 0.5273328125 0.3947859375 0.547046875
4 0.36865625 0.591821875 0.368321875 0.5667328125 0.3507078125 0.5495765625 0.3303609375 0.5415875 0.28891093749999996 0.56626875 0.31177968749999996 0.5979671875 0.3491890625 0.6011375 0.36865625 0.591821875
1 0.6095234375 0.6451265625 0.612690625 0.6297312500000001 0.5877453125 0.5978578125 0.560728125 0.59556875 0.5303234375 0.6117874999999999 0.5793296875 0.6284703125 0.5964 0.6534125000000001 0.6095234375 0.6451265625
1 0.4225890625 0.62771875 0.44851562500000003 0.6455796874999999 0.481878125 0.6468406250000001 0.501453125 0.63596875 0.51304375 0.619721875 0.5086625 0.592721875 0.48284374999999996 0.5733046875000001 0.43668593749999995 0.5756593750000001 0.4126265625 0.59085 0.4225890625 0.62771875
1 0.42315625 0.709215625 0.46220625000000004 0.718790625 0.4944703125 0.7058609375 0.5025578125 0.67991875 0.47739374999999995 0.651159375 0.431671875 0.647284375 0.41220468749999994 0.6565984375 0.40444375 0.6778703125 0.42315625 0.709215625
1 0.286396875 0.572321875 0.2097203125 0.562690625 0.1967046875 0.56941875 0.18336406249999998 0.5808187499999999 0.1824921875 0.5932765625 0.18884375 0.6220078124999999 0.200440625 0.635521875 0.24113437499999998 0.6515 0.2598375 0.6530843749999999 0.2793046875 0.6437703124999999 0.3044546875 0.6130093750000001 0.3019328125 0.5893015625 0.286396875 0.572321875
1 0.1882984375 0.6297937499999999 0.18085 0.586871875 0.1728640625 0.5814953125 0.152190625 0.578178125 0.118175 0.586259375 0.15165937499999999 0.645484375 0.166425 0.643603125 0.1882984375 0.6297937499999999
1 0.0698078125 0.5007125 0.1017453125 0.4924546875 0.14123125 0.4958 0.11256406249999999 0.45734531250000005 0.0784328125 0.4372234375 0.041025 0.43405468750000004 0.0321671875 0.441134375 0.0617125 0.49689375 0.0698078125 0.5007125
1 0.124365625 0.40822343749999995 0.0984453125 0.42012499999999997 0.0913390625 0.43205312500000004 0.12033281250000001 0.46583593749999996 0.146259375 0.48369687499999997 0.17535625 0.4861625 0.21604218749999998 0.4723796875 0.22292968750000003 0.46356562500000004 0.2187671875 0.43345312500000005 0.1972140625 0.41283125 0.1789453125 0.40501718750000004 0.124365625 0.40822343749999995
1 0.25094375 0.5113624999999999 0.253675 0.502196875 0.2237 0.4824265625 0.19449531250000002 0.48151875000000005 0.1558890625 0.49547656250000005 0.178646875 0.52873125 0.2015078125 0.53066875 0.25094375 0.5113624999999999
1 0.3606328125 0.43764375 0.3861171875 0.431971875 0.4015375 0.4207484375 0.40152968749999995 0.3909875 0.3680515625 0.3615234375 0.33458125 0.36181874999999997 0.3042875 0.37648125 0.3326203125 0.38984687500000004 0.3606328125 0.43764375
