3 0.46052499999999996 0.3019546875 0.44383437499999995 0.299446875 0.42108437500000007 0.307534375 0.40458437500000005 0.3159765625 0.39844375 0.32187968749999996 0.39858125 0.3297015625 0.40502031250000003 0.3410046875 0.41559843750000003 0.35098124999999997 0.495790625 0.4149046875 0.53813125 0.4563703125 0.6077984375 0.5134484375 0.64773125 0.536025 0.6602281249999999 0.5367328125 0.6684515625 0.5309468749999999 0.6684249999999999 0.5293828125 0.665959375 0.507365625 0.659546875 0.49762500000000004 0.6572734375 0.48655781249999996 0.653025 0.4816296875 0.650778125 0.472125 0.6443390625000001 0.460821875 0.6082734375000001 0.4212734375 0.5722890625 0.38641875 0.5025953125 0.3277765625 0.46052499999999996 0.3019546875
3 0.556721875 0.6871453125 0.55409375 0.6557421875 0.5601515625 0.645146875 0.5640453125 0.6297390625 0.5701578125 0.622271875 0.5741328125 0.6115578125 0.5719953125 0.6083109375 0.5740515625 0.6068640624999999 0.5737515625 0.5896578124999999 0.5694484375 0.5816 0.5693125 0.5737796875 0.5893515625 0.52959375 0.5851031250000001 0.524665625 0.5828578125 0.5151625 0.57230625 0.50675 0.5660296875 0.5048328125 0.557834375 0.5121828125000001 0.5559140625000001 0.52145 0.5457453125 0.5349390625 0.5336828125 0.559259375 0.525459375 0.5650453125 0.50265625 0.5700046875 0.4882109375 0.577 0.473903125 0.5918187500000001 0.47395624999999997 0.594946875 0.465815625 0.605425 0.457865625 0.626853125 0.45430000000000004 0.66103125 0.458575 0.667525 0.45871093749999997 0.6753453125 0.47583906249999997 0.70288125 0.4802765625 0.7187609375 0.5080109375 0.7578359375 0.510203125 0.7642125 0.5271671875 0.7823625 0.55665625 0.8027843750000001 0.604865625 0.8227046874999999 0.6466359374999999 0.8313203124999999 0.667465625 0.8324999999999999 0.6986015625 0.8280125 0.70476875 0.8236734374999999 0.7067703125 0.8190984374999999 0.7045515625000001 0.8111578125 0.7024671875 0.8110406250000001 0.677171875 0.7924187500000001 0.6288265625 0.7646765624999999 0.624659375 0.764440625 0.6056671875 0.7493015625 0.5993906250000001 0.7473828124999999 0.5930609375 0.7423359375 0.580371875 0.7306781250000001 0.5739046875 0.7178109375 0.5696828125 0.7144468749999999 0.556721875 0.6871453125
3 0.40534375 0.7176437499999999 0.4242265625 0.7265265624999999 0.4473859375 0.7419015625000001 0.45585312499999997 0.7501953125 0.4559078125 0.7533234375 0.47084374999999995 0.7744859374999999 0.47928437500000004 0.7812140624999999 0.4896453125 0.778675 0.5000875 0.7808296875 0.5104484375 0.778290625 0.5125046875 0.77684375 0.5123671875 0.769021875 0.5039 0.7607296875 0.5038171874999999 0.7560359375 0.497378125 0.7447328125 0.47602968749999997 0.7138312499999999 0.4737828125 0.704328125 0.45451718750000003 0.6735453125 0.45440781250000006 0.6672890625 0.4501328125 0.6607953125 0.4353890625 0.650584375 0.41025625000000004 0.641346875 0.3893984375 0.638603125 0.3872890625 0.636921875 0.34979375 0.6347984375 0.3477390625 0.6362453125 0.32276875 0.63639375 0.2937703125 0.644128125 0.267046875 0.66293125 0.260796875 0.6625765625 0.254603125 0.6653515624999999 0.2421046875 0.66464375 0.2296609375 0.667065625 0.1963875 0.66830625 0.1860546875 0.672409375 0.18608125 0.673975 0.17994062500000002 0.679878125 0.1800234375 0.6845703125 0.1927125 0.696228125 0.2010984375 0.699828125 0.26972968750000004 0.6974625 0.2885859375 0.70478125 0.3406328125 0.706165625 0.34274375 0.7078484375 0.3948734375 0.7139249999999999 0.40534375 0.7176437499999999
2 0.2870640625 0.85628125 0.2808421875 0.8574921874999999 0.26442343749999997 0.8706265625 0.2583109375 0.87809375 0.25030625 0.89639375 0.2527984375 0.9199765624999999 0.25085156249999996 0.9276796875000001 0.25518125 0.9373015625000001 0.26573281249999997 0.9457125 0.28036875 0.9496671875 0.29930625 0.961678125 0.3055828125 0.9635953125000001 0.33266249999999997 0.9651296874999999 0.351328125 0.9614984375000001 0.3823 0.9476234375000001 0.400775 0.9330421875000001 0.41291874999999995 0.9134140625 0.412890625 0.9118499999999999 0.4169484375 0.9058296875 0.41881250000000003 0.8934328125000001 0.414428125 0.8806828124999999 0.401603125 0.861203125 0.38683125 0.849428125 0.3742234375 0.8424640625 0.361671875 0.8386265625 0.3345921875 0.83709375 0.2993984375 0.847603125 0.2870640625 0.85628125
5 0.7164046875000001 0.65555625 0.7249 0.6654140625 0.7333140625000001 0.670578125 0.7376171874999999 0.6786359375 0.7376984375 0.683328125 0.7419734375 0.6898203125 0.7400265625 0.697525 0.7421375 0.69920625 0.7424921875 0.7195421875 0.74051875 0.7256812499999999 0.748959375 0.7324109375 0.769871875 0.7382828124999999 0.7823687500000001 0.738990625 0.8031171875 0.7354765624999999 0.8175890625 0.7300453124999999 0.8340359375 0.718475 0.8400671875000001 0.7063140625 0.8400390625 0.70475 0.8420406249999999 0.700175 0.84163125 0.6767109375 0.8373015625000001 0.6670890625 0.8266406249999999 0.6524203125 0.8182 0.6456921875 0.7950953125 0.6334453124999999 0.774184375 0.627571875 0.7492156249999999 0.627721875 0.7183515625 0.6478531249999999 0.7164046875000001 0.65555625
5 0.601975 0.6568906250000001 0.595890625 0.665921875 0.589940625 0.6827765625 0.5902406250000001 0.6999828124999999 0.5945984375 0.71116875 0.613671875 0.7310015625 0.649328125 0.747084375 0.6701859375 0.749828125 0.672296875 0.7515109375 0.6931 0.7511265625 0.70968125 0.7473765625000001 0.7241265625 0.74038125 0.7363796875 0.727009375 0.7381624999999999 0.7099203125 0.74021875 0.708475 0.7381078125 0.7067921875 0.737753125 0.68645625 0.7333968750000001 0.6752703125 0.710128125 0.6536375 0.6891625 0.6446375 0.6766640625 0.6439296875 0.674553125 0.642246875 0.6433078125 0.640478125 0.6266984375 0.6426624999999999 0.616365625 0.646765625 0.601975 0.6568906250000001
0 0.6418359375 0.55600625 0.6211156250000001 0.561084375 0.60466875 0.5726546875 0.596690625 0.59251875 0.5970187499999999 0.611290625 0.60565 0.6289687500000001 0.620421875 0.6407453125 0.6287546875000001 0.6412171875 0.639115625 0.638678125 0.680775 0.6410359375 0.70588125 0.6487093749999999 0.7203796875 0.6448421875 0.7388265625 0.6286968749999999 0.7388 0.6271312499999999 0.7408015625 0.6225562499999999 0.7403921875 0.5990921874999999 0.7381734375 0.5911531250000001 0.7296218750000001 0.5781671875 0.710684375 0.5661562499999999 0.6981046875 0.5607546875 0.679303125 0.556565625 0.6626390625 0.555621875 0.660528125 0.5539390625 0.6418359375 0.55600625
0 0.5270515625 0.53700625 0.535465625 0.5421703124999999 0.53963125 0.54240625 0.551775 0.522778125 0.5577515625 0.5074890625 0.5638921875 0.5015859375 0.5722234375 0.5020578125 0.582775 0.51046875 0.5935171875 0.5298296875 0.5895703125 0.5421078125000001 0.5794265625 0.5571609375000001 0.5815921875 0.561971875 0.612809375 0.5621765625 0.6210609375 0.5579562499999999 0.6335046875 0.5555343749999999 0.643809375 0.5498671875000001 0.649921875 0.5424 0.6498953125 0.5408359375 0.645646875 0.53590625 0.635178125 0.5321890625 0.6099359375 0.5166953125 0.578309375 0.4930265625 0.5571515625 0.47307499999999997 0.542434375 0.46442812499999997 0.536240625 0.467203125 0.5158453125 0.49105156250000004 0.5142265625 0.5175265625 0.5270515625 0.53700625
0 0.5824265625 0.7292328125 0.6098609374999999 0.7511015624999999 0.6266890625 0.76143125 0.6308546875000001 0.7616671875 0.64140625 0.7700781250000001 0.6834484375 0.7943359375 0.687640625 0.7961359375 0.689696875 0.794690625 0.6896703125 0.7931265625 0.6916703125 0.7885515625 0.6913171874999999 0.7682156250000001 0.68485 0.7553468750000001 0.657715625 0.7506859375 0.6388859375 0.7449312499999999 0.6136999999999999 0.732565625 0.6010375 0.722471875 0.590621875 0.7218828125 0.582371875 0.7261046875 0.5824265625 0.7292328125
4 0.5818546875 0.6963828125 0.5879671875 0.688915625 0.58783125 0.6810937499999999 0.5937796875 0.6642406249999999 0.610171875 0.649540625 0.61014375 0.6479765625 0.6058953125000001 0.6430484375 0.5933437500000001 0.6392125 0.576434375 0.6241890625 0.5722671874999999 0.623953125 0.5661546875 0.631421875 0.5561765624999999 0.6558609375 0.5565578125 0.6777609375 0.5609703125000001 0.692075 0.5673546875000001 0.70025 0.5818546875 0.6963828125
0 0.4405796875 0.8290296875 0.440934375 0.8493656250000001 0.45178593749999996 0.874984375 0.466640625 0.891453125 0.48549687500000005 0.8987703125 0.49799375 0.8994781250000001 0.510546875 0.903315625 0.52104375 0.908596875 0.5481499999999999 0.9116953125 0.5667609375 0.9049343750000001 0.5810703125 0.8901171874999999 0.5891828125 0.8780749999999999 0.5971609375 0.8582109375 0.597134375 0.856646875 0.5967796875 0.8363109375000001 0.5923953125 0.8235609374999999 0.5797609375 0.8150328124999999 0.5672078125 0.8111953125 0.5546015625 0.80423125 0.5293046875 0.785609375 0.508446875 0.782865625 0.47314531249999997 0.7871171875 0.45875468750000004 0.7972421875 0.4405796875 0.8290296875
1 0.45719374999999995 0.468978125 0.48018906250000004 0.47496875000000005 0.49474375000000004 0.4742296875 0.5009375 0.47145468749999997 0.5175468750000001 0.46927031250000006 0.5339937499999999 0.4577 0.533965625 0.456134375 0.5296640625 0.448078125 0.5063953125 0.4264453125 0.462025 0.3879890625 0.4451703125 0.376096875 0.428725 0.3876671875 0.41669062500000004 0.4135515625 0.41688125 0.4245015625 0.4234578125 0.4436265625 0.438284375 0.45853124999999995 0.45719374999999995 0.468978125
1 0.33395312499999996 0.3229171875 0.3112296875 0.3325703125 0.30706406249999996 0.33233437499999996 0.2989234375 0.3428125 0.29264687500000003 0.34089375 0.2906734375 0.3470328125 0.2845328125 0.35293593749999996 0.28667031249999997 0.3561828125 0.282559375 0.359075 0.2786375 0.37291875 0.284996875 0.3795296875 0.3018234375 0.38985781249999996 0.31245781250000004 0.4029625 0.31665 0.4047625 0.34161874999999997 0.4046140625 0.3854984375 0.4149109375 0.40833125 0.411515625 0.422584375 0.39357031249999996 0.4225578125 0.39200625 0.4286703125 0.3845390625 0.42837031249999996 0.36733125 0.422065625 0.3638484375 0.41776406250000003 0.35579218749999997 0.40723906249999997 0.3489453125 0.3987171875 0.33752343749999997 0.3860546875 0.3274296875 0.37980625 0.3270765625 0.36514375 0.3215578125 0.33395312499999996 0.3229171875
0 0.3213625 0.43628437499999995 0.31741406250000004 0.4485625 0.309328125 0.46216875 0.29501875 0.4769859375 0.2951546875 0.4848078125 0.2993765625 0.48817187500000003 0.29943125 0.4913 0.3205609375 0.5096875 0.337334375 0.5168874999999999 0.345665625 0.5173593750000001 0.38494375000000003 0.50239375 0.4141328125 0.5056093749999999 0.42641249999999997 0.4938015625 0.4263859375 0.4922375 0.4323890625 0.4785125 0.43214375 0.464434375 0.429925 0.4564953125 0.41926406250000003 0.4418265625 0.40238125 0.42836875 0.3813875 0.4178046875 0.358365625 0.41025 0.3229546875 0.40824531249999996 0.3188421875 0.4111375 0.3213625 0.43628437499999995
1 0.339471875 0.520134375 0.32099687499999996 0.534715625 0.31493906250000003 0.5453125 0.31518437499999996 0.559390625 0.32384375 0.5786328125 0.34086249999999996 0.5999125000000001 0.359828125 0.6134890625 0.389153125 0.624525 0.41206718750000004 0.625821875 0.426565625 0.6219546874999999 0.469709375 0.5900171875 0.46968125 0.588453125 0.4737390625 0.5824328125 0.4733296875 0.55896875 0.46472499999999994 0.5428531249999999 0.4330984375 0.519184375 0.40791093749999996 0.50681875 0.39746875 0.504665625 0.3954125 0.5061109375 0.38083125 0.5052859375 0.3581375 0.5165031250000001 0.339471875 0.520134375
1 0.4774953125 0.5592046875000001 0.47987812500000004 0.5765296875 0.4819890625 0.5782109375 0.4984890625 0.5697687499999999 0.52335 0.5633625 0.5336015625 0.5545671875 0.5335734375000001 0.553003125 0.535546875 0.5468640625 0.533409375 0.5436171875 0.5165828125 0.5332874999999999 0.5145265625000001 0.534734375 0.5103328125 0.532934375 0.489503125 0.5317546875 0.48328125 0.532965625 0.46880937500000003 0.538396875 0.46891875 0.544653125 0.4774953125 0.5592046875000001
4 0.1879015625 0.53968125 0.19217656249999998 0.5461750000000001 0.1963703125 0.547975 0.1986171875 0.557478125 0.21338906249999998 0.5692546875 0.2405234375 0.5739156249999999 0.2633546875 0.5705203125 0.296409375 0.5567640625 0.3107734375 0.5450765625 0.31277343750000003 0.5405015625 0.3106640625 0.53881875 0.310528125 0.530996875 0.297675 0.5099546875 0.280846875 0.499625 0.2640734375 0.492425 0.24735468749999998 0.4883515625 0.23069062499999998 0.48740937500000003 0.205803125 0.49225 0.185246875 0.5067140625000001 0.1813265625 0.52055625 0.1879015625 0.53968125
1 0.1705671875 0.3808640625 0.15623125 0.3941171875 0.15225625 0.40483125 0.1523921875 0.412653125 0.1566953125 0.42070937500000005 0.161215625 0.44128125 0.17606875 0.45775 0.1761515625 0.46244218750000005 0.18034375 0.4642421875 0.178315625 0.46725312499999994 0.18248124999999998 0.4674890625 0.1867015625 0.470853125 0.1929515625 0.4712078125 0.20350312499999998 0.47961875000000004 0.2076421875 0.47829062499999997 0.213971875 0.48333750000000003 0.2577421875 0.48737812500000005 0.27018593750000003 0.48495625000000003 0.288796875 0.47819687499999997 0.2970203125 0.4724109375 0.3112734375 0.454465625 0.31124687500000003 0.4529015625 0.31725 0.4391765625 0.3167875 0.41258437499999995 0.31465 0.4093375 0.28927187499999996 0.386021875 0.2745546875 0.377375 0.2515046875 0.36825625 0.216065625 0.3646875 0.205678125 0.3656625 0.1891234375 0.370975 0.1705671875 0.3808640625
1 0.3492375 0.72228125 0.3265703125 0.7350625 0.31840156249999996 0.743975 0.3145359375 0.7609468749999999 0.3104796875 0.76696875 0.3107796875 0.7841750000000001 0.3174375 0.80799375 0.3259875 0.8209796875 0.3386484375 0.8310734375 0.34911875000000003 0.8347906249999999 0.3637 0.8356171874999999 0.3804453125 0.841253125 0.3950265625 0.8420781249999999 0.411609375 0.8383296874999999 0.4280828125 0.828321875 0.4403625 0.8165156250000001 0.4565625 0.7908671875 0.4565359375 0.789303125 0.46059218749999997 0.78328125 0.4602921875 0.7660734375 0.45166093749999997 0.7483953125 0.4368890625 0.7366203125 0.4158953125 0.7260546875 0.411646875 0.7211265625000001 0.380375 0.7177921875 0.37831875 0.7192390625 0.3637375 0.7184140625000001 0.3492375 0.72228125
1 0.197303125 0.8402593749999999 0.2079921875 0.8564921875 0.22909375 0.8733140625000001 0.241675 0.8787156250000001 0.25208906249999996 0.8793046875 0.26436875 0.8674984374999999 0.2869828125 0.8515890625000001 0.317928125 0.83615 0.3199296875 0.831575 0.3199015625 0.8300109375 0.31751874999999996 0.8126859375000001 0.3026375 0.794653125 0.2712015625 0.781934375 0.2670625 0.7832625 0.25034375 0.779190625 0.227540625 0.78415 0.21929062500000002 0.7883718749999999 0.207009375 0.8001781250000001 0.19895000000000002 0.8153499999999999 0.197303125 0.8402593749999999
0 0.14642187499999998 0.667040625 0.127675 0.6659796874999999 0.12561875 0.6674249999999999 0.10687187499999999 0.6663640625 0.10273281249999999 0.6676921874999999 0.0905890625 0.6873203125 0.07628125 0.7021375 0.07658125 0.7193453125 0.087378125 0.741834375 0.1063984375 0.7585390624999999 0.1273640625 0.7675390625 0.1669421875 0.7697796875 0.2145515625 0.7552859375 0.2289421875 0.7451609375 0.24519687499999998 0.722640625 0.24516875 0.7210765625 0.24486875000000002 0.70386875 0.24275937500000003 0.7021875 0.23856562499999998 0.7003874999999999 0.20531875 0.7031921875 0.19485 0.699475 0.182215625 0.6909453125 0.1758296875 0.6827703125 0.188028125 0.6662703125 0.1671703125 0.6635265625 0.14642187499999998 0.667040625
0 0.0 0.5043640625 0.0009484375 0.5587890625 0.175921875 0.5686953124999999 0.17415 0.46701718750000004 0.0 0.45715781250000004 0.0 0.5043640625
0 0.035285937499999996 0.6185546875 0.0330671875 0.610615625 0.035121875000000004 0.60916875 0.034659375 0.5825765625 0.040662500000000004 0.5688515625 0.040634375 0.5672875000000001 0.0384703125 0.5624765625 0.0236984375 0.5507 0.0090078125 0.5436171875 0.002759375 0.5432640625 0.0046953125 0.6543281249999999 0.015056249999999998 0.6517890625 0.027417187500000002 0.644675 0.039696875 0.63286875 0.039534375 0.6234828125 0.035285937499999996 0.6185546875
1 0.08602499999999999 0.544853125 0.061246875 0.5559515625 0.044801562499999996 0.5675234375 0.0387703125 0.5796828125 0.0373421875 0.6171078125 0.0649390625 0.6483625 0.0712421875 0.6518453125 0.0984859375 0.6627640625 0.1380625 0.6650046875 0.1712546875 0.6590703125 0.1939765625 0.6494171875 0.20425624999999997 0.6421859375000001 0.21634531250000003 0.6194296875 0.2163171875 0.6178656250000001 0.21590781250000002 0.5944 0.2094953125 0.5846609375 0.20508437499999999 0.570346875 0.1902578125 0.5554421875 0.17551250000000002 0.54523125 0.1629328125 0.53983125 0.13166093750000002 0.536496875 0.1296046875 0.5379437499999999 0.11710625 0.5372359375 0.08602499999999999 0.544853125
4 0.24355000000000002 0.7475515625 0.245659375 0.7492328125000001 0.2520734375 0.7589734375 0.2667625 0.76605625 0.2772046875 0.768209375 0.27926093750000003 0.7667640625 0.2917859375 0.7690359375 0.3021734375 0.7680609375 0.31234375000000003 0.754571875 0.31220781249999996 0.74675 0.316209375 0.7376 0.3223765625 0.7332609375 0.3243515625 0.727121875 0.32849062500000004 0.72579375 0.3283265625 0.7164078125 0.33038124999999996 0.7149625000000001 0.328271875 0.7132796875 0.32610625 0.70846875 0.28652968749999996 0.706228125 0.2718390625 0.6991453125 0.25311875 0.6996484374999999 0.24914375 0.7103625 0.2493359375 0.7213125 0.23930156249999998 0.742621875 0.24143906249999997 0.74586875 0.23941093750000003 0.7488796875 0.24355000000000002 0.7475515625
5 0.402415625 0.6690328125 0.40102343749999997 0.5892546875 0.251046875 0.5807625 0.2524375 0.660540625 0.402415625 0.6690328125
