2 0.3890625 0.5416671875 0.3765625 0.55 0.3703125 0.55 0.36875 0.55625 0.3640625 0.5604171874999999 0.3546875 0.5791671875 0.3484375 0.6 0.3484375 0.63125 0.3578125 0.6770828125 0.371875 0.6958328125000001 0.40625 0.69375 0.4125 0.6958328125000001 0.41875 0.6916671875 0.4234375 0.6916671875 0.44375 0.6770828125 0.4625 0.66875 0.4703125 0.6604171875 0.4765625 0.61875 0.4703125 0.5854171874999999 0.4625 0.5708328125000001 0.44375 0.5479171875 0.43125 0.5395828125000001 0.4234375 0.5395828125000001 0.4140625 0.5354171875 0.4125 0.5375 0.4015625 0.5375 0.3890625 0.5416671875
0 0.309375 0.5458328125 0.3015625 0.5541671874999999 0.2984375 0.5604171874999999 0.296875 0.575 0.2921875 0.5854171874999999 0.2890625 0.6145828125 0.2859375 0.6229171874999999 0.2875 0.65 0.29375 0.6625 0.3109375 0.6833328125 0.3171875 0.6875 0.334375 0.6791671874999999 0.3546875 0.6791671874999999 0.35625 0.6770828125 0.353125 0.6604171875 0.3484375 0.6479171874999999 0.346875 0.5979171875 0.3546875 0.575 0.3671875 0.55625 0.3671875 0.5520828125 0.3578125 0.54375 0.3421875 0.5416671875 0.340625 0.5395828125000001 0.3390625 0.5395828125000001 0.31875 0.5416671875 0.309375 0.5458328125
0 0.709375 0.3333328125 0.7015625 0.3395828125 0.6890625 0.35625 0.6828125 0.36875 0.675 0.3958328125 0.6765625 0.42291718749999996 0.6796875 0.43333281250000005 0.6859375 0.44375 0.696875 0.4583328125 0.7125 0.46458281250000005 0.725 0.47291718749999995 0.73125 0.48125 0.740625 0.4875 0.74375 0.48333281250000004 0.7484375 0.48541718749999996 0.7515625 0.48333281250000004 0.76875 0.46458281250000005 0.7890625 0.45208281250000004 0.7953125 0.44166718749999995 0.7953125 0.43333281250000005 0.8 0.42083281250000004 0.7984375 0.41875 0.796875 0.3895828125 0.7875 0.36875 0.76875 0.3416671875 0.7546875 0.33125 0.74375 0.3270828125 0.7421875 0.3270828125 0.7203125 0.3291671875 0.709375 0.3333328125
0 0.3703125 0.68125 0.28125 0.68125 0.28125 0.76875 0.3703125 0.76875 0.3703125 0.68125
5 0.2859375 0.7604171875 0.2828125 0.7645828125 0.2859375 0.76875 0.2875 0.7666671875 0.2953125 0.7666671875 0.365625 0.7270828125000001 0.3796875 0.7166671874999999 0.390625 0.7125 0.4046875 0.7020828125 0.4046875 0.7 0.3703125 0.6979171875 0.36875 0.7 0.3515625 0.7020828125 0.3140625 0.7229171875 0.303125 0.7354171875 0.2984375 0.7375 0.2984375 0.7395828125 0.2859375 0.7541671875 0.2859375 0.7604171875
0 0.4796875 0.6145828125 0.4765625 0.63125 0.4765625 0.64375 0.4734375 0.6520828125 0.4734375 0.6604171875 0.4765625 0.6604171875 0.540625 0.6229171874999999 0.5421875 0.61875 0.540625 0.6145828125 0.525 0.6083328125 0.5234375 0.6083328125 0.496875 0.6083328125 0.4796875 0.6145828125
0 0.5734375 0.5395828125000001 0.571875 0.5395828125000001 0.55625 0.5583328125 0.55625 0.5666671875 0.5640625 0.5833328125 0.578125 0.58125 0.5859375 0.5770828125 0.596875 0.5770828125 0.5921875 0.5729171875 0.590625 0.5729171875 0.5796875 0.5583328125 0.5734375 0.5395828125000001
5 0.5265625 0.4166671875 0.5171875 0.42291718749999996 0.50625 0.4375 0.5 0.4583328125 0.5 0.4875 0.50625 0.5166671875 0.515625 0.5333328125000001 0.521875 0.5395828125000001 0.5359375 0.5416671875 0.55 0.5541671874999999 0.55625 0.5541671874999999 0.56875 0.5395828125000001 0.5703125 0.53125 0.56875 0.5291671874999999 0.56875 0.5 0.575 0.48125 0.59375 0.4583328125 0.5859375 0.4375 0.575 0.42083281250000004 0.5578125 0.41041718749999995 0.55625 0.41041718749999995 0.5421875 0.41041718749999995 0.5265625 0.4166671875
5 0.5625 0.5895828125 0.5484375 0.6020828125000001 0.5421875 0.6125 0.5453125 0.61875 0.5515625 0.61875 0.6109375 0.5875 0.6109375 0.5833328125 0.6015625 0.5791671875 0.6 0.5791671875 0.578125 0.58125 0.5625 0.5895828125
5 0.66875 0.46666718749999997 0.678125 0.46666718749999997 0.6890625 0.4625 0.696875 0.4625 0.68125 0.4375 0.6703125 0.45 0.6671875 0.46041718749999994 0.66875 0.4625 0.6671875 0.46458281250000005 0.66875 0.46666718749999997
5 0.7609375 0.475 0.7453125 0.49791718749999997 0.746875 0.5041671875 0.75 0.5041671875 0.7671875 0.49375 0.7703125 0.48333281250000004 0.7796875 0.47083281250000003 0.790625 0.4625 0.790625 0.4583328125 0.7890625 0.4583328125 0.78125 0.4583328125 0.7609375 0.475
3 0.709375 0.47291718749999995 0.721875 0.4875 0.73125 0.49166718749999994 0.728125 0.48125 0.7234375 0.475 0.715625 0.46875 0.703125 0.46458281250000005 0.7015625 0.46458281250000005 0.6984375 0.46666718749999997 0.709375 0.47291718749999995
3 0.4453125 0.5104171875 0.44375 0.5083328125000001 0.4046875 0.5083328125000001 0.384375 0.5145828125 0.3703125 0.525 0.359375 0.5375 0.359375 0.5416671875 0.3625 0.5458328125 0.3734375 0.55 0.3828125 0.5458328125 0.3890625 0.5395828125000001 0.4 0.5354171875 0.43125 0.5375 0.4484375 0.55 0.465625 0.575 0.4703125 0.5770828125 0.4921875 0.5520828125 0.51875 0.5416671875 0.509375 0.53125 0.484375 0.51875 0.4828125 0.51875 0.46875 0.5125 0.4453125 0.5104171875
2 0.7703125 0.49375 0.7765625 0.4875 0.7875 0.48333281250000004 0.790625 0.4791671875 0.7984375 0.47708281250000006 0.8421875 0.45208281250000004 0.8515625 0.44583281250000006 0.8515625 0.44166718749999995 0.815625 0.4479171875 0.8046875 0.45625 0.7921875 0.46041718749999994 0.7734375 0.4791671875 0.7734375 0.48125 0.76875 0.49166718749999994 0.7703125 0.49375
1 0.6640625 0.47291718749999995 0.64375 0.4895828125 0.6265625 0.5125 0.6171875 0.5354171875 0.6125 0.5604171874999999 0.6140625 0.58125 0.6203125 0.58125 0.6421875 0.5708328125000001 0.6515625 0.5625 0.6546875 0.5625 0.678125 0.5458328125 0.7015625 0.5333328125000001 0.71875 0.5208328125 0.7265625 0.51875 0.740625 0.5083328125000001 0.740625 0.5041671875 0.7375 0.5 0.7203125 0.4875 0.70625 0.47083281250000003 0.6984375 0.46666718749999997 0.696875 0.46666718749999997 0.6859375 0.46666718749999997 0.6640625 0.47291718749999995
1 0.6 0.4 0.578125 0.4166671875 0.5765625 0.42083281250000004 0.578125 0.425 0.590625 0.44375 0.59375 0.45416718749999996 0.6015625 0.4583328125 0.615625 0.45416718749999996 0.628125 0.45416718749999996 0.65 0.4625 0.6609375 0.47083281250000003 0.6640625 0.46875 0.6640625 0.46041718749999994 0.6546875 0.43125 0.64375 0.41458281250000006 0.6234375 0.4 0.621875 0.4 0.60625 0.3979171875 0.6 0.4
4 0.5125 0.5479171875 0.50625 0.5479171875 0.4890625 0.55625 0.471875 0.5770828125 0.471875 0.5875 0.4796875 0.6104171875 0.496875 0.6083328125 0.4984375 0.60625 0.5203125 0.60625 0.521875 0.6083328125 0.540625 0.6104171875 0.5515625 0.5958328125000001 0.55625 0.59375 0.5609375 0.5875 0.5625 0.58125 0.5546875 0.5645828125000001 0.5421875 0.5479171875 0.5328125 0.54375 0.53125 0.54375 0.5203125 0.54375 0.5125 0.5479171875
4 0.5890625 0.46666718749999997 0.578125 0.48125 0.5703125 0.5020828125000001 0.571875 0.53125 0.5828125 0.5625 0.590625 0.5708328125000001 0.6078125 0.5770828125 0.6109375 0.56875 0.6109375 0.5541671874999999 0.6171875 0.53125 0.6265625 0.5104171875 0.65 0.48125 0.6578125 0.47708281250000006 0.6578125 0.47291718749999995 0.653125 0.46666718749999997 0.628125 0.45625 0.6265625 0.45625 0.596875 0.46041718749999994 0.5890625 0.46666718749999997
4 0.8046875 0.43541718749999997 0.79375 0.45416718749999996 0.79375 0.4583328125 0.796875 0.4583328125 0.8171875 0.44583281250000006 0.825 0.44583281250000006 0.834375 0.44166718749999995 0.8515625 0.44166718749999995 0.8546875 0.43541718749999997 0.840625 0.42916718749999994 0.8390625 0.42916718749999994 0.815625 0.42916718749999994 0.8046875 0.43541718749999997
