3 0.23695781249999998 0.26899843749999997 0.207559375 0.29846249999999996 0.204625 0.31291718749999997 0.21273593750000003 0.359478125 0.21407500000000002 0.3783953125 0.2167921875 0.3827578125 0.2432359375 0.384484375 0.25180156249999996 0.376675 0.2648375 0.37124999999999997 0.2683421875 0.36729375000000003 0.273009375 0.3675984375 0.281575 0.3597890625 0.2963625 0.35238593749999997 0.3043359375 0.35081406249999997 0.309396875 0.346959375 0.33156875 0.3442234375 0.339740625 0.340571875 0.3912703125 0.3418453125 0.3926296875 0.34402656249999997 0.40196249999999994 0.3446359375 0.42470468749999996 0.3523984375 0.43208906249999995 0.357065625 0.4661140625 0.3613796875 0.46747187500000004 0.3635609375 0.473890625 0.36188750000000003 0.47914843749999997 0.355953125 0.48013281250000006 0.34555625 0.476078125 0.32227656250000003 0.47064374999999997 0.313553125 0.4646375 0.2943296875 0.44250625 0.2635921875 0.4236625 0.24771562500000002 0.4086984375 0.24046093750000003 0.40714375 0.24035937500000001 0.39022968750000003 0.2371625 0.38887031250000004 0.23498125 0.3468703125 0.2322390625 0.34511875000000003 0.23421562499999998 0.33422968750000004 0.23350468750000003 0.3324765625 0.2354828125 0.3040828125 0.23781249999999998 0.2799625 0.24460781250000002 0.2536953125 0.25753750000000003 0.23695781249999998 0.26899843749999997
3 0.5086640625000001 0.3913578125 0.510003125 0.4102765625 0.5160078125 0.4295 0.52764375 0.4553671875 0.5482203125 0.486003125 0.584921875 0.528153125 0.624559375 0.5558500000000001 0.6471046874999999 0.5656921875 0.6624625 0.5687875 0.6704375 0.567215625 0.687175 0.5557546875 0.6969015625 0.5522046875 0.7144265625 0.5324265625 0.722225 0.5161984375 0.7232093749999999 0.5058 0.7201171875 0.4888609375 0.6981640625 0.4727796875 0.6734718749999999 0.469075 0.6600625 0.4619234375 0.6515171875 0.45299531249999997 0.6396640625 0.44594374999999997 0.59985 0.403590625 0.5645265625 0.346884375 0.549365625 0.341709375 0.5429453125 0.34338125 0.5369203125 0.340896875 0.5000421875 0.2840875 0.49848593750000003 0.2839859375 0.4842890625 0.2851515625 0.4759203125 0.29088125 0.47221875 0.29691718749999996 0.4710375 0.30939375 0.4778296875 0.32029843750000003 0.48793125000000004 0.329328125 0.502875 0.35331875 0.5106328125 0.3705640625 0.5110078125 0.3831421875 0.5086640625000001 0.3913578125
3 0.5134640625 0.6050875 0.51423125 0.61350625 0.529353125 0.6521546875 0.5299234375 0.6626546875 0.5390609375000001 0.6653421875000001 0.5433328125 0.6698062499999999 0.5460296875 0.69090625 0.543884375 0.6970421875 0.5528234375000001 0.7018109375 0.555540625 0.7061734375000001 0.5617625 0.7065796875 0.5672171875 0.698565625 0.5736359375 0.69689375 0.579090625 0.6888796875 0.5802921875 0.6596671875 0.6028781249999999 0.636034375 0.6275890625 0.6230015625 0.6279828125 0.6188421875000001 0.612665625 0.5822734374999999 0.5922859375 0.5495578125 0.578109375 0.5339859375 0.576553125 0.533884375 0.5751953125 0.531703125 0.5674171875 0.5311953125 0.5608015625 0.5349484375 0.523625 0.5639046875 0.5146859375 0.5591359375 0.5020249999999999 0.5771390625 0.5010390625000001 0.5875375 0.504721875 0.5982390625 0.5107468749999999 0.600725 0.5134640625 0.6050875
2 0.7186921875000001 0.8674734374999999 0.727040625 0.8784812499999999 0.7400562500000001 0.8897921875 0.753859375 0.8927859375 0.7799296874999999 0.8819343749999999 0.7877078125 0.8824421875 0.8073578124999999 0.8732640625 0.8178734375 0.861396875 0.8235250000000001 0.8513046875000001 0.8313421875 0.8183390625 0.8299843750000001 0.8161578125 0.83096875 0.8057609375 0.827484375 0.7929796875 0.8183671875 0.7735531250000001 0.78944375 0.7319109375 0.7663265625 0.7115703124999999 0.764771875 0.71146875 0.7463015625 0.7081703125 0.7383265625 0.709740625 0.713615625 0.7227734375 0.7031 0.734640625 0.6970546875 0.7488921875 0.69236875 0.765325 0.6902015625 0.7881984375 0.6917375 0.8050375000000001 0.6975453125 0.8263390625 0.7186921875000001 0.8674734374999999
0 0.65830625 0.6291921874999999 0.671715625 0.6363453125 0.689771875 0.6605390625 0.701978125 0.69690625 0.7046765625 0.7180046875 0.7091453125 0.7203890625 0.7272406250000001 0.711109375 0.7464984375 0.7060906250000001 0.750003125 0.702134375 0.773003125 0.65760625 0.7813921875000001 0.6351390625 0.781609375 0.616321875 0.769971875 0.5904546875000001 0.7573515625 0.574984375 0.739865625 0.5612890625 0.7383109375 0.5611859375 0.7262593749999999 0.556215625 0.699815625 0.5544875 0.6801640625 0.563665625 0.6696500000000001 0.5755328125 0.665553125 0.5857265625 0.6669125 0.5879078125 0.6636046875 0.589784375 0.6563765625 0.6165125 0.6555890625 0.6248296875 0.65830625 0.6291921874999999
5 0.65624375 0.4030890625 0.639546875 0.381075 0.6084562499999999 0.36230625 0.6069 0.3622046875 0.5897890625 0.3610875 0.5816171875 0.3647390625 0.5810265625000001 0.3709765625 0.5986890625 0.3993296875 0.61266875 0.41698124999999997 0.6385015625 0.441684375 0.6575421875 0.45548124999999995 0.6592953125000001 0.453503125 0.6618546875 0.42647031249999995 0.65624375 0.4030890625
0 0.5341640625 0.37000781250000003 0.47971874999999997 0.366453125 0.470265625 0.466265625 0.524709375 0.46982187499999994 0.5341640625 0.37000781250000003
0 0.3780953125 0.46443124999999996 0.380615625 0.470871875 0.3798265625 0.47919062500000004 0.3829390625 0.47939375 0.38565625 0.4837546875 0.4006609375 0.4575359375 0.41954375 0.4399375 0.4427 0.42680468749999995 0.47089687500000005 0.42655312500000003 0.47264999999999996 0.42457500000000004 0.47520937500000004 0.3975421875 0.468634375 0.3678203125 0.43636093750000005 0.361528125 0.42586562499999997 0.356659375 0.42431093750000004 0.3565578125 0.4122609375 0.3515859375 0.401175 0.352953125 0.382684375 0.3663921875 0.38053906249999997 0.37252968750000004 0.37528125 0.37846250000000003 0.3733109375 0.39925781250000003 0.37465000000000004 0.418175 0.37073125 0.44302656249999994 0.3775234375 0.4539328125 0.3780953125 0.46443124999999996
1 0.31770624999999997 0.391440625 0.32256874999999996 0.389665625 0.33131093749999996 0.3965140625 0.33383124999999997 0.40295625 0.3305234375 0.40483125 0.351690625 0.4292296875 0.35653437499999996 0.4441921875 0.3571046875 0.454690625 0.3586609375 0.4547921875 0.3656703125 0.44688125 0.36996406249999997 0.4346078125 0.3731140625 0.4013359375 0.37079062500000004 0.392815625 0.3706140625 0.37815781249999997 0.36712968749999997 0.3653765625 0.357815625 0.3480296875 0.3562609375 0.34792812500000003 0.3549015625 0.345746875 0.3346796875 0.3444265625 0.30589218749999997 0.350915625 0.277871875 0.3658234375 0.2743671875 0.3697796875 0.27125625000000003 0.3695765625 0.264246875 0.37748750000000003 0.2621 0.383625 0.3089625 0.38459374999999996 0.31770624999999997 0.391440625
1 0.228525 0.49023125 0.23393906250000002 0.51569375 0.23334843749999998 0.52193125 0.238171875 0.55363125 0.24069218750000002 0.560071875 0.241834375 0.5810703125 0.246678125 0.5960328125000001 0.2635921875 0.5992296875 0.2976375 0.58680625 0.32644531250000003 0.56358125 0.336959375 0.5517140625 0.33755 0.5454749999999999 0.34495468749999997 0.5334046875 0.353934375 0.5046984375 0.3573015625 0.4526109375 0.350134375 0.42912812499999997 0.34042812499999997 0.415940625 0.3357609375 0.4156359375 0.327215625 0.4067078125 0.321978125 0.39590468749999996 0.3188671875 0.3957015625 0.30876562500000004 0.386671875 0.29768125 0.38804062500000003 0.29632187499999996 0.385859375 0.2947671875 0.38575781249999996 0.2790140625 0.386821875 0.2772609375 0.3888 0.2634578125 0.38580625 0.2552875 0.38945625 0.2315390625 0.408828125 0.22939375 0.41496562499999995 0.22257968749999998 0.420796875 0.22216718750000003 0.44169375000000005 0.2283484375 0.47557343750000003 0.228525 0.49023125
1 0.2919859375 0.5968984374999999 0.2861578125 0.592334375 0.28440468750000003 0.5943125 0.26495 0.6014109375000001 0.24628437500000003 0.600190625 0.24780000000000002 0.6337671874999999 0.254375 0.6634890625 0.27071875 0.6561874999999999 0.29153125 0.6512687500000001 0.2909609375 0.6407703125 0.2927140625 0.6387921875 0.2938953125 0.6263156249999999 0.2919859375 0.5968984374999999
4 0.298759375 0.6245421875 0.293678125 0.6451328125 0.299309375 0.651778125 0.319334375 0.6551781250000001 0.337015625 0.66679375 0.35119375 0.682365625 0.36050625 0.6997125 0.3636171875 0.699915625 0.3685015625 0.681403125 0.3671421875 0.6792234374999999 0.36891562499999997 0.6605078125 0.3706671875 0.6585296875 0.37185 0.646053125 0.380434375 0.62150625 0.3878390625 0.6094359375 0.4104234375 0.585803125 0.405384375 0.5729203125 0.3902421875 0.551009375 0.37858593749999997 0.541878125 0.3770296875 0.5417765625000001 0.3628328125 0.5429421875 0.3398734375 0.5539953125 0.32585312499999997 0.56981875 0.3159296875 0.575446875 0.30210625 0.589190625 0.29840468750000004 0.5952265625 0.300925 0.6016671875 0.29838437500000003 0.6119625 0.29974375000000003 0.61414375 0.298759375 0.6245421875
1 0.42170625 0.58235625 0.4427171875 0.575359375 0.4707171875 0.5771875 0.478296875 0.5797749999999999 0.48257031250000004 0.5842390625 0.49034843749999996 0.584746875 0.5065140625 0.5627875 0.510609375 0.5525921874999999 0.51391875 0.5507171875 0.5176406250000001 0.52794375 0.51628125 0.5257625 0.51785625 0.5091281249999999 0.5132296875 0.4753484375 0.50275625 0.45374218749999995 0.4914921875 0.4404515625 0.47672499999999995 0.43111875 0.468946875 0.4306109375 0.4675890625 0.4284296875 0.46603281250000006 0.428328125 0.4520328125 0.4274140625 0.4391953125 0.43075937499999994 0.412534375 0.44785 0.40396875000000004 0.45565937500000003 0.3848671875 0.49207343750000004 0.3795703125 0.53148125 0.380534375 0.5378203125 0.3947125 0.5533921875 0.4123734375 0.581746875 0.42170625 0.58235625
1 0.3710609375 0.654371875 0.36889531249999996 0.6772453125 0.37005625000000003 0.6815046875 0.3683046875 0.6834828125 0.366925 0.6980390625 0.3694453125 0.70448125 0.3686578125 0.7127984374999999 0.3721234375 0.7423171875000001 0.38084531250000003 0.7659015625000001 0.399315625 0.7692 0.40514374999999997 0.773765625 0.41583437500000003 0.77655625 0.43759218750000006 0.794715625 0.4498203125 0.8143453125000001 0.4574015625 0.8169328124999999 0.492825 0.789953125 0.5070421875 0.7720515625 0.5146421875 0.7579015625000001 0.523621875 0.7291953125 0.5293125 0.6856296875 0.526990625 0.6771078125 0.528171875 0.66463125 0.5262421875000001 0.6519515625000001 0.5138375 0.617665625 0.49850000000000005 0.5978328125 0.48548437499999997 0.5865203125 0.4808171875 0.586215625 0.4749890625 0.5816515625 0.47343437499999996 0.58155 0.4689640625 0.579165625 0.44563125000000003 0.577640625 0.42948437500000003 0.5828640625 0.4232625 0.5824578125000001 0.41197968749999997 0.5859046875 0.3948484375 0.601525 0.381990625 0.6216078125 0.37594531249999996 0.635859375 0.3751578125 0.6441765625 0.3710609375 0.654371875
1 0.57615625 0.7033343750000001 0.5848984374999999 0.7101828125 0.6115 0.7433046875 0.6225453125 0.7754109375 0.6248484375000001 0.80066875 0.628925 0.8072109375000001 0.6378640625 0.8119796875 0.6442828125 0.81030625 0.656353125 0.798540625 0.664525 0.7948906250000001 0.6799046875 0.7812484375000001 0.6890609375000001 0.7672 0.6997921875 0.7365171875 0.7013671875 0.71988125 0.7002265624999999 0.698884375 0.69325625 0.6733203125 0.6841406250000001 0.6538953125 0.6728765625 0.64060625 0.6625796875 0.63365625 0.6610234375 0.6335546875 0.6476140625 0.6264015625 0.6273921875 0.62508125 0.61105 0.6323828125000001 0.600928125 0.640090625 0.5849593750000001 0.659971875 0.581434375 0.6806640625 0.5823984375 0.6870046875 0.5802515625 0.6931406250000001 0.5749953125 0.699075 0.57615625 0.7033343750000001
1 0.6029109375 0.9331437499999999 0.6106890625 0.9336515625 0.679546875 0.917225 0.6984109375 0.9163640624999999 0.7130015625 0.911040625 0.7198140625 0.9052093749999999 0.7213890625 0.8885734375000001 0.719459375 0.87589375 0.7078234375 0.8500249999999999 0.6983140624999999 0.8347578125 0.6967578125 0.8346562499999999 0.6913234375 0.8259328125 0.6720859375 0.8142156249999999 0.6438890625 0.8144656250000001 0.624040625 0.8257234375 0.6201421875 0.8338374999999999 0.6156328125 0.8649281249999999 0.6011984375 0.901646875 0.5994265624999999 0.9203609374999999 0.601553125 0.9309625 0.6029109375 0.9331437499999999
0 0.47344687499999993 0.8953953125 0.479275 0.8999609375000001 0.4831546875 0.9085828125000001 0.49616875 0.9198953124999999 0.5002453124999999 0.9264374999999999 0.5179265625 0.9380546875 0.5443718750000001 0.93978125 0.5751078125 0.9292343750000001 0.5904859375 0.91559375 0.6035421875 0.8934312500000001 0.6172078125 0.8482921875 0.6229 0.804725 0.619828125 0.7710484375 0.6085859375 0.741021875 0.583146875 0.7121609375 0.5744046875000001 0.7053125 0.5666265625 0.7048046875 0.563121875 0.7087609375 0.5506765625 0.707946875 0.5493187500000001 0.7057671875 0.5475656250000001 0.70774375 0.5430953125 0.7053609375 0.5298640625 0.712865625 0.5160015625 0.7600828125 0.5046984375 0.7802671875 0.49243125 0.7941125 0.46382031250000005 0.8152593749999999 0.45816875 0.8253515625000001 0.4670671875 0.8635953125 0.46840624999999997 0.8825125 0.47344687499999993 0.8953953125
0 0.272290625 0.8048437500000001 0.2780796875 0.8428828125000001 0.2817609375 0.853584375 0.322659375 0.8018562499999999 0.348159375 0.78050625 0.3645015625 0.7732046875 0.369759375 0.7672703125 0.369603125 0.735875 0.36708281249999997 0.7294343750000001 0.3665109375 0.7189359375000001 0.354875 0.6930671875 0.345365625 0.6778 0.33681875 0.6688734375000001 0.3251625 0.6597421875 0.30824843749999997 0.6565453125 0.306890625 0.6543640625 0.305334375 0.6542625 0.28335937499999997 0.6549203125 0.27052187499999997 0.6582671875 0.25553750000000003 0.6677500000000001 0.25475 0.6760671874999999 0.2599671875 0.7036078125 0.2630375 0.7372859375 0.2655578125 0.7437265625 0.2686296875 0.7774046875 0.27115 0.7838453125 0.272290625 0.8048437500000001
5 0.2956203125 0.971659375 0.2967828125 0.97591875 0.43678125 0.9850625000000001 0.44203906249999997 0.9791296875000001 0.4424328125 0.9749703125 0.4519828125 0.9567625 0.45277031250000005 0.9484453125 0.45647343749999997 0.9424093750000001 0.46135624999999997 0.9238984374999999 0.46625937500000003 0.8886499999999999 0.460865625 0.8464515625000001 0.4496234375 0.816425 0.435840625 0.79669375 0.41252656249999997 0.7784328125 0.391340625 0.770771875 0.38978437499999996 0.7706703125 0.37889531249999997 0.769959375 0.34620937500000004 0.7845625 0.313503125 0.8159046875 0.286625 0.851809375 0.282134375 0.8661625000000001 0.28270625 0.8766624999999999 0.2879234375 0.9042031250000001 0.2898328125 0.9336187499999999 0.2935140625 0.944321875 0.2956203125 0.971659375
0 0.37705 0.5250390625 0.378625 0.508403125 0.37145937500000004 0.4849203125 0.364665625 0.474015625 0.357084375 0.471428125 0.35688749999999997 0.4735078125 0.35805 0.4777671875 0.3558828125 0.5006421875 0.351 0.519153125 0.34105625 0.54151875 0.34026718749999996 0.5498375 0.344934375 0.5501421875 0.3581671875 0.5426375 0.37586875000000003 0.5375156249999999 0.378409375 0.5272203125 0.37705 0.5250390625
