3 0.5286234375000001 0.7227203125 0.545203125 0.7247859375 0.56851875 0.716103125 0.585590625 0.7072328125 0.592115625 0.701171875 0.592465625 0.6933609374999999 0.5867140625 0.6822375 0.576728125 0.67255 0.5003078125 0.6108015625000001 0.4604375 0.5704906249999999 0.3941421875 0.5153046875 0.35551093749999996 0.493803125 0.3430234375 0.4934265625 0.3344171875 0.49942343749999996 0.334346875 0.5009859375 0.3354453125 0.52291875 0.34126875 0.53248125 0.3428578125 0.543478125 0.346809375 0.548290625 0.3484703125 0.5577265625 0.354221875 0.5688500000000001 0.38791875 0.6074109375 0.4218265625 0.6412828125 0.48805156250000004 0.6980328124999999 0.5286234375000001 0.7227203125
3 0.45619062499999996 0.3404109375 0.4568671875 0.3717171875 0.4501328125 0.3824640625 0.4452671875 0.3979609375 0.438671875 0.40558281249999995 0.43401875 0.41639218749999996 0.43595937500000004 0.4195796875 0.4338078125 0.42107968749999997 0.43303593749999997 0.43826406249999994 0.43684687499999997 0.4462 0.43649531250000007 0.4540109375 0.41364687499999997 0.4986859375 0.4175984375 0.5034984375 0.4192578125 0.512934375 0.42931406250000004 0.521059375 0.43548749999999997 0.522809375 0.44416406249999996 0.51525 0.44666562499999996 0.5059390625 0.4577046875 0.49219375000000004 0.471315625 0.4675765625 0.47992187499999994 0.46157812500000006 0.503096875 0.4560203125 0.5180171875 0.4486484375 0.5332874999999999 0.43346718749999996 0.533428125 0.4303421875 0.5422453125 0.4196578125 0.5515531250000001 0.3980390625 0.5572609374999999 0.363796875 0.5533796875 0.3574234375 0.5537296875 0.3496125 0.5382734375 0.322553125 0.5348124999999999 0.3068046875 0.5094421875 0.26849687499999997 0.507640625 0.262184375 0.4917640625 0.24449843750000003 0.46346718750000004 0.22487343750000002 0.41637031249999995 0.20624531250000003 0.3750265625 0.198740625 0.3542125 0.1981125 0.3227125 0.20341874999999998 0.3162578125 0.20791718750000002 0.31396718749999997 0.212540625 0.315696875 0.2204140625 0.31777812499999997 0.22047656249999997 0.34198125 0.23841406250000002 0.3887265625 0.2648546875 0.3928890625 0.2649796875 0.4109890625 0.2796046875 0.4171625 0.28135468750000003 0.42319687500000003 0.2862296875 0.43519218750000005 0.2975421875 0.440875 0.31022812499999997 0.44489687499999997 0.313478125 0.45619062499999996 0.3404109375
3 0.6098796875 0.3059421875 0.5915 0.297565625 0.5692375000000001 0.282815625 0.5612625 0.27475312500000004 0.561403125 0.271628125 0.547746875 0.25088125 0.5397031250000001 0.24438125 0.52915625 0.247190625 0.5188203125 0.245315625 0.5082734375 0.248125 0.506121875 0.24962499999999999 0.5057703124999999 0.2574359375 0.5137453125 0.2654984375 0.513534375 0.27018437500000003 0.5192859375000001 0.28130781250000003 0.538765625 0.3116171875 0.540425 0.321053125 0.5578218749999999 0.3513 0.5575421875 0.3575484375 0.5614234375 0.363921875 0.575571875 0.3737359375 0.6001953125 0.3823 0.6209374999999999 0.38449062500000003 0.6229484375000001 0.386115625 0.6604125 0.3872453125 0.6625640625 0.3857453125 0.687609375 0.38493750000000004 0.71716875 0.37644375 0.7451390625000001 0.35695156250000004 0.7513828124999999 0.357140625 0.7577671875 0.3542046875 0.7702546875 0.35458124999999996 0.7828828125 0.3518328125 0.8163234375 0.34971406250000003 0.826940625 0.345340625 0.8270109375000001 0.3437796875 0.8335359375 0.33771874999999996 0.8337453125 0.3330328125 0.82175 0.3217203125 0.8135656250000001 0.31834531250000003 0.7446015625 0.3225203125 0.7261515625 0.3157078125 0.6740484375 0.3157 0.6720375 0.314075 0.6201453124999999 0.3093796875 0.6098796875 0.3059421875
2 0.737125 0.1643015625 0.7434390625 0.162928125 0.7607203124999999 0.1493703125 0.767315625 0.1417484375 0.776484375 0.123253125 0.77545625 0.0997578125 0.7778875000000001 0.092009375 0.774146875 0.0825109375 0.7640906249999999 0.0743859375 0.7496625 0.070821875 0.7314234374999999 0.059321875 0.7252484375 0.057571874999999995 0.6981921875 0.0567546875 0.67925 0.060876562499999995 0.647328125 0.07555625 0.6278953125 0.0906125 0.6144937500000001 0.11054375000000001 0.614425 0.11210625 0.6099812499999999 0.1182296875 0.6073375000000001 0.1306640625 0.6109390625 0.14328749999999998 0.622584375 0.162409375 0.6366609375000001 0.173784375 0.64886875 0.180409375 0.661215625 0.1839109375 0.6882718750000001 0.184728125 0.724215625 0.1732984375 0.737125 0.1643015625
5 0.29410625 0.3761921875 0.2862015625 0.36656875 0.2780875 0.36163124999999996 0.2742765625 0.35369375000000003 0.2744875 0.3490078125 0.2706046875 0.3426328125 0.2730375 0.334884375 0.2710265625 0.333259375 0.2719390625 0.3129515625 0.2743015625 0.30676562500000004 0.2662578125 0.300265625 0.2456546875 0.2949515625 0.2331671875 0.294575 0.21214375 0.2986328125 0.19729375 0.30444218749999996 0.18008125 0.31643750000000004 0.1732765625 0.328746875 0.17320625 0.33030781249999996 0.17091406250000002 0.3349328125 0.1698609375 0.358365625 0.1736015625 0.3678640625 0.1833765625 0.3822375 0.1914203125 0.3887375 0.21382343750000002 0.40036250000000007 0.23442500000000002 0.405678125 0.259471875 0.40486875 0.29167343749999997 0.38394062500000004 0.29410625 0.3761921875
5 0.408928125 0.3718359375 0.4155921875 0.3626515625 0.42260937500000006 0.3456546875 0.42338125 0.328471875 0.4197109375 0.3174109375 0.401821875 0.2981 0.367071875 0.282971875 0.34632968750000004 0.28078125 0.3443171875 0.27915625 0.323434375 0.28009062500000004 0.3065734375 0.284275 0.29165312499999996 0.29164687499999997 0.278534375 0.3053296875 0.27568125 0.32245 0.2735296875 0.32395 0.275540625 0.325575 0.2746265625 0.3458828125 0.2782984375 0.35694375 0.3002796875 0.37794374999999997 0.3207421875 0.38638125 0.3332296875 0.386759375 0.335240625 0.388384375 0.366459375 0.38932500000000003 0.38325 0.38670312500000004 0.3938671875 0.38233125 0.408928125 0.3718359375
0 0.3626671875 0.4736828125 0.3837609375 0.4680625 0.4009734375 0.45606718749999997 0.41021093750000004 0.43601093750000003 0.41105468749999996 0.4172640625 0.40350156249999997 0.3998296875 0.38942343749999997 0.3884546875 0.3810984375 0.388203125 0.3705515625 0.3910140625 0.3289265625 0.38975781249999997 0.30423125 0.38275468749999997 0.2894515625 0.3870015625 0.26994843749999997 0.4036203125 0.269878125 0.4051828125 0.2675859375 0.40980625000000004 0.2665328125 0.43323906250000005 0.26826249999999996 0.4411125 0.2760265625 0.4538609375 0.29426562500000003 0.4653625 0.30654375 0.470425 0.32513437500000003 0.47411562500000004 0.341784375 0.4746171875 0.3437953125 0.4762421875 0.3626671875 0.4736828125
0 0.4765765625 0.48963437499999996 0.46846249999999995 0.484696875 0.4643 0.484571875 0.45089843749999997 0.504503125 0.443953125 0.5199359375 0.437428125 0.5259968749999999 0.429103125 0.5257453125 0.4190484375 0.5176203125 0.409484375 0.4985609375 0.41420781250000005 0.4861890625 0.42531718749999997 0.47088125 0.42344687499999994 0.46613125 0.39215625 0.4667515625 0.3836203125 0.4711875 0.3709921875 0.47393437499999996 0.36030625 0.47986874999999996 0.3537109375 0.4874921875 0.35364062500000004 0.48905312500000003 0.3575921875 0.49386562500000003 0.3678578125 0.49730468749999995 0.3922015625 0.5121171875 0.4224375 0.5349296875 0.44240781250000005 0.5543046875 0.4566265625 0.5625546875 0.4630109375 0.55961875 0.484946875 0.5352515624999999 0.48822187499999997 0.5087578125000001 0.4765765625 0.48963437499999996
0 0.433040625 0.299040625 0.406896875 0.2779171875 0.39066718749999996 0.268040625 0.3865046875 0.267915625 0.37645 0.259790625 0.3358078125 0.2366640625 0.331715625 0.23497656249999999 0.3295640625 0.2364765625 0.32949375000000003 0.23803749999999999 0.3272015625 0.2426625 0.3262890625 0.26297031249999997 0.33197031250000003 0.27565625 0.35888749999999997 0.279596875 0.3774078125 0.2848484375 0.4018921875 0.2965375 0.41395781249999997 0.3062875 0.4243640625 0.3066015625 0.43289999999999995 0.302165625 0.433040625 0.299040625
4 0.431565625 0.331846875 0.42497187500000005 0.3394703125 0.4246203125 0.3472796875 0.4176046875 0.3642765625 0.4002515625 0.37939531249999997 0.40018125 0.3809578125 0.4041328125 0.3857703125 0.41648125 0.3892703125 0.43249843749999994 0.40383281249999997 0.4366609375 0.4039578125 0.44325625 0.3963359375 0.45478593749999996 0.3716546875 0.45576875 0.349784375 0.4522390625 0.3356 0.4463453125 0.3276 0.431565625 0.331846875
0 0.58149375 0.195584375 0.5824078125 0.1752765625 0.573125 0.1499671875 0.5592578125000001 0.13390625 0.5408062499999999 0.1270921875 0.5283187500000001 0.126715625 0.515971875 0.1232140625 0.5057765625 0.1182140625 0.47878906250000003 0.115834375 0.45970625 0.12308125 0.44443593750000004 0.1382625 0.43554843749999994 0.150509375 0.4263109375 0.170565625 0.426240625 0.17212812500000002 0.42532812499999995 0.19243593750000001 0.428928125 0.205059375 0.44106562499999996 0.213246875 0.45341250000000005 0.2167484375 0.46561874999999997 0.2233734375 0.48982187499999996 0.2413109375 0.510565625 0.24350156250000002 0.5462281250000001 0.23832031250000002 0.5612890625 0.227825 0.58149375 0.195584375
1 0.5423796875 0.5557562500000001 0.519696875 0.5503796875 0.5050578125 0.5515015625 0.49867343750000004 0.5544374999999999 0.4818828125 0.5570593749999999 0.4646703125 0.5690546875 0.4646 0.5706171875 0.4684125 0.578553125 0.49039374999999996 0.5995515625000001 0.5324859375 0.6368015625 0.54864375 0.6482390625 0.5658562500000001 0.63624375 0.5795375 0.6100640625 0.580028125 0.599128125 0.574628125 0.5801937500000001 0.560690625 0.5656953125 0.5423796875 0.5557562500000001
1 0.6568453125 0.6984328125 0.6802312500000001 0.6881875 0.68439375 0.6883140625 0.6932109375 0.6776296875 0.699384375 0.6793796875 0.701746875 0.67319375 0.7082703125 0.6671343750000001 0.7063296875 0.6639468749999999 0.7106328125 0.6609484375 0.7154281250000001 0.6470140625 0.7094640625 0.6405765625 0.6932359375 0.6307015625 0.683390625 0.617890625 0.6792984375 0.6162015625 0.654253125 0.6170109375 0.610896875 0.6078812499999999 0.5877921875000001 0.6118765625 0.5723812500000001 0.6301828125 0.5723109375 0.6317453125 0.5657156249999999 0.63936875 0.5649437500000001 0.6565515625 0.5710468750000001 0.6598640625 0.5748578125 0.6678015625 0.584984375 0.6743640625 0.5928171875 0.68555 0.6048843749999999 0.6953 0.611128125 0.6954890625 0.6254859374999999 0.7006140624999999 0.6568453125 0.6984328125
0 0.676540625 0.5848328125 0.6812640625 0.5724609375 0.690221875 0.558653125 0.70549375 0.5434703125 0.70584375 0.535659375 0.701821875 0.5324093750000001 0.7019624999999999 0.5292859375 0.681921875 0.5114734375000001 0.665553125 0.504721875 0.6572265625 0.504471875 0.6169109374999999 0.5204625 0.5878421875 0.5180203125 0.57479375 0.530140625 0.5747234375 0.531703125 0.5678468750000001 0.545575 0.567215625 0.559634375 0.5689453125 0.5675078124999999 0.5787203125 0.58188125 0.5948078125 0.59488125 0.6152 0.6048828125 0.6378140625000001 0.611821875 0.6731953125000001 0.6128890625000001 0.6774984374999999 0.609890625 0.676540625 0.5848328125
1 0.6636109375 0.5015359375 0.6830453125 0.486478125 0.68978125 0.47573125000000005 0.6904125 0.46167187500000006 0.6829296874999999 0.44267500000000004 0.6671921875 0.42186406249999997 0.6490234375 0.4088015625 0.62030625 0.39855 0.5974125 0.397859375 0.5826328125 0.40210625 0.5373812499999999 0.4351546875 0.5373109375 0.43671718750000005 0.5328671875000001 0.442840625 0.5318140625 0.466271875 0.5394359375 0.4821453125 0.5696734375 0.5049578125 0.5941562499999999 0.516646875 0.6044937499999999 0.5185234375000001 0.60664375 0.5170234375 0.6212140625 0.5174640625 0.64466875 0.50565625 0.6636109375 0.5015359375
1 0.5276515625 0.466146875 0.5263421875 0.44889999999999997 0.52433125 0.447275 0.5072593750000001 0.4561453125 0.48193281250000003 0.463203125 0.4711046875 0.4722625 0.471034375 0.473825 0.4686734375 0.4800109375 0.4706140625 0.48319687499999997 0.4868421875 0.4930734375 0.48899375 0.49157343750000004 0.49308593749999996 0.4932609375 0.5139 0.4938890625 0.5202140625 0.49251562499999996 0.5350640624999999 0.48670625 0.53534375 0.48045781249999997 0.5276515625 0.466146875
4 0.8168093750000001 0.47800000000000004 0.812928125 0.4716265625 0.8088359374999999 0.46993906250000006 0.807175 0.46050312499999996 0.7930984375000001 0.449128125 0.76618125 0.4451875 0.7430765625 0.4491828125 0.7090734375000001 0.4638 0.6939437500000001 0.4758578125 0.6916515624999999 0.48048124999999997 0.6936625000000001 0.48210625 0.6933109375 0.4899171875 0.7048859375000001 0.5106015625 0.721115625 0.520478125 0.737484375 0.5272281249999999 0.75399375 0.53085625 0.7706453125 0.5313578125 0.7959015625 0.5258625 0.817415625 0.51086875 0.8222109375000001 0.4969359375 0.8168093750000001 0.47800000000000004
1 0.8242859375 0.6362203125 0.8394875 0.6226 0.8441421874999999 0.611790625 0.8444921875 0.6039796875000001 0.8406812499999999 0.59604375 0.8374312500000001 0.575609375 0.8235640625 0.5595484374999999 0.823775 0.5548609375 0.8196828125 0.5531734375 0.8219046875 0.5501125 0.8177421875 0.5499859375 0.8137203124999999 0.5467359375 0.8074765625 0.5465484375 0.7974203125 0.5384234375 0.7931874999999999 0.539859375 0.7871546875 0.534984375 0.7435171875 0.532103125 0.7308890625 0.5348515625 0.7118078125 0.542096875 0.7032015625 0.5480937499999999 0.6877890625 0.5664015625000001 0.6877187499999999 0.5679624999999999 0.68084375 0.581834375 0.67965 0.608390625 0.681590625 0.6115781250000001 0.7055828125 0.634203125 0.7198015625 0.6424531250000001 0.7423437500000001 0.6509546875 0.7776562499999999 0.653584375 0.7881328125 0.6523359375 0.8050640625 0.646590625 0.8242859375 0.6362203125
1 0.666425 0.2998265625 0.6899515625 0.2864578125 0.6986984374999999 0.2773359375 0.7036328125 0.260278125 0.7080765625 0.2541546875 0.7088484375 0.2369703125 0.7036578125 0.21335 0.6958953125 0.20059999999999997 0.683828125 0.1908515625 0.6735625 0.1874125 0.6589937499999999 0.1869734375 0.6425546875 0.181784375 0.627984375 0.18134375 0.6111234375000001 0.185528125 0.5939828125 0.19596093750000002 0.5809328125000001 0.20808125 0.5630890625 0.2341359375 0.56301875 0.23569843750000002 0.558575 0.241821875 0.5578031250000001 0.25900625 0.56535625 0.276440625 0.5794328125 0.287815625 0.5998249999999999 0.2978171875 0.6037765625 0.30262812499999997 0.634925 0.3051328125 0.6370765625 0.303634375 0.6516453125 0.3040734375 0.666425 0.2998265625
1 0.826128125 0.1779375 0.8164234374999999 0.1620015625 0.7963140625 0.14575156250000001 0.7840359375 0.1406890625 0.7736296874999999 0.140375 0.76058125 0.15249531249999998 0.7369140625 0.1689875 0.7049218749999999 0.1852296875 0.7026296875 0.189853125 0.7025609375 0.191415625 0.70386875 0.20866250000000003 0.717665625 0.2262859375 0.74839375 0.23816406250000002 0.7526265624999999 0.2367265625 0.7691359375 0.240353125 0.7923109375 0.23479531250000002 0.8008468750000001 0.23036093750000003 0.813896875 0.21824062500000002 0.8229234375000001 0.20286875000000001 0.826128125 0.1779375
0 0.8663437500000001 0.349659375 0.8850765624999999 0.3502234375 0.887228125 0.348725 0.9059593749999999 0.34929062499999997 0.9101921875000001 0.347853125 0.9235921875 0.32792187500000003 0.9388640625000001 0.3127390625 0.9396359375 0.29555625 0.9302125 0.273371875 0.9121828125 0.257184375 0.891721875 0.2487453125 0.8521765625000001 0.2475515625 0.8035343749999999 0.2632921875 0.788475 0.27378749999999996 0.7707703125 0.2967171875 0.7706999999999999 0.2982796875 0.7699281250000001 0.3154640625 0.7719390625 0.3170890625 0.7760312500000001 0.31877656249999997 0.8095421875 0.3150953125 0.819809375 0.3185328125 0.8319453125 0.3267203125 0.8378390625 0.3347203125 0.824578125 0.35152656250000003 0.8453203125 0.3537171875 0.8663437500000001 0.349659375
0 1.0 0.45380624999999997 0.83063125 0.448696875 0.8260671875 0.5502374999999999 1.0 0.5554859375000001 1.0 0.45380624999999997
0 1.0 0.3606578125 0.9971140625 0.3614265625 0.984275 0.3688609375 0.9712265625000001 0.38098125 0.9708046875 0.3903546875 0.9747562500000001 0.395165625 0.9764875 0.4030390625 0.9743359375 0.40453906249999994 0.9731421875 0.4310953125 0.9662656249999999 0.44496718749999997 0.9661953125 0.4465296875 0.968065625 0.451278125 0.98214375 0.462653125 0.99643125 0.4693421875 1.0 0.46945 1.0 0.3606578125
1 0.9192843749999999 0.47014218750000003 0.9448203124999999 0.4583984375 0.9620328125000001 0.44640312499999996 0.9688390625000001 0.43409531250000005 0.9726046875 0.396665625 0.9468828125 0.3661671875 0.9407796875000001 0.3628546875 0.91414375 0.352665625 0.8746 0.351471875 0.8409484375 0.358278125 0.8175625 0.3685234375 0.8068046875 0.3760203125 0.7932640625 0.39907499999999996 0.79319375 0.40063750000000004 0.792140625 0.42407031249999994 0.7979625 0.43363125 0.80149375 0.4478171875 0.8154296875 0.462315625 0.8295781249999999 0.47212812499999995 0.8418546875 0.47719218750000003 0.8730046874999999 0.47969687499999997 0.8751562500000001 0.47819687499999997 0.88764375 0.4785734375 0.9192843749999999 0.47014218750000003
4 0.773975 0.2717859375 0.7719640625 0.2701609375 0.7661421875000001 0.2605984375 0.751853125 0.2539109375 0.7415171875000001 0.252034375 0.739365625 0.253534375 0.7269484375 0.2515953125 0.716471875 0.25284375 0.7054343750000001 0.2665890625 0.7050828124999999 0.27440000000000003 0.7004984375000001 0.28364687499999997 0.69404375 0.28814531250000003 0.69168125 0.29433125000000004 0.68745 0.2957671875 0.687028125 0.305140625 0.6848765625000001 0.306640625 0.6868875 0.308265625 0.6887578125 0.3130140625 0.7283031249999999 0.31420781249999996 0.742590625 0.3208953125 0.7613921875 0.3198984375 0.766046875 0.3090890625 0.7665375 0.29815468749999996 0.7779281250000001 0.2765984375 0.7759859375 0.2734109375 0.7782078125 0.2703484375 0.773975 0.2717859375
5 0.609784375 0.35443125000000003 0.6062031250000001 0.43410312500000003 0.75605625 0.43862500000000004 0.7596375 0.358953125 0.609784375 0.35443125000000003
