3 0.5140625 0.73125 0.534375 0.7541671875 0.5515625 0.7979171875 0.5578125 0.8333328124999999 0.5671875 0.84375 0.5734375 0.8375 0.5796875 0.8166671875 0.575 0.7916671875 0.578125 0.71875 0.5734375 0.7020828125 0.5546875 0.6770828125 0.5078125 0.65 0.4515625 0.6458328125 0.41875 0.6604171875 0.3953125 0.6833328125 0.3953125 0.7104171874999999 0.4296875 0.7083328125 0.4734375 0.7270828125000001 0.5140625 0.73125
3 0.5484375 0.50625 0.5640625 0.51875 0.5703125 0.5 0.596875 0.475 0.5953125 0.46458281250000005 0.5890625 0.45208281250000004 0.578125 0.45 0.5625 0.475 0.4828125 0.5375 0.5109375 0.55 0.51875 0.5229171874999999 0.5359375 0.50625 0.5484375 0.50625
2 0.6765625 0.45 0.671875 0.42916718749999994 0.653125 0.40208281250000005 0.6375 0.3979171875 0.6203125 0.40625 0.6046875 0.4375 0.60625 0.47083281250000003 0.640625 0.5041671875 0.6734375 0.475 0.6765625 0.45
2 0.7609375 0.6375 0.7625 0.6 0.7453125 0.56875 0.7171875 0.5625 0.69375 0.5895828125 0.7 0.6666671875 0.7265625 0.6791671874999999 0.740625 0.6541671874999999 0.7609375 0.6375
2 0.7234375 0.7104171874999999 0.7234375 0.68125 0.70625 0.66875 0.6953125 0.6729171875 0.6671875 0.7125 0.671875 0.7270828125000001 0.6921875 0.7125 0.7234375 0.7104171874999999
5 0.425 0.6020828125000001 0.428125 0.5875 0.4265625 0.5708328125000001 0.396875 0.5375 0.371875 0.5479171875 0.35625 0.5770828125 0.3546875 0.59375 0.36875 0.6270828125000001 0.396875 0.6020828125000001 0.425 0.6020828125000001
5 0.5 0.64375 0.5203125 0.6020828125000001 0.5109375 0.55625 0.490625 0.5458328125 0.4609375 0.55 0.4390625 0.58125 0.4375 0.6104171875 0.4453125 0.6354171875 0.459375 0.64375 0.5 0.64375
5 0.5359375 0.48125 0.5125 0.4583328125 0.496875 0.46041718749999994 0.478125 0.4791671875 0.4859375 0.53125 0.521875 0.5104171875 0.5375 0.49166718749999994 0.5359375 0.48125
5 0.6546875 0.58125 0.6296875 0.5708328125000001 0.5984375 0.5875 0.5890625 0.60625 0.5875 0.6208328125 0.609375 0.6416671875 0.6203125 0.6145828125 0.6546875 0.58125
5 0.81875 0.725 0.81875 0.6979171875 0.809375 0.6708328125 0.7796875 0.6395828125 0.75625 0.64375 0.7390625 0.6583328125000001 0.728125 0.68125 0.728125 0.7125 0.7578125 0.7645828125 0.7859375 0.7541671875 0.81875 0.725
0 0.7515625 0.7729171874999999 0.740625 0.7354171875 0.7203125 0.7125 0.68125 0.7229171875 0.665625 0.7583328125000001 0.6640625 0.7833328125000001 0.684375 0.81875 0.728125 0.7958328125 0.7515625 0.7729171874999999
0 0.69375 0.6770828125 0.6984375 0.65625 0.69375 0.6166671874999999 0.6640625 0.5854171874999999 0.63125 0.6020828125000001 0.6125 0.6354171875 0.6140625 0.6791671874999999 0.6578125 0.7083328125 0.678125 0.7 0.69375 0.6770828125
0 0.48125 0.53125 0.4734375 0.48541718749999996 0.4515625 0.46875 0.421875 0.4791671875 0.403125 0.5083328125000001 0.4015625 0.5354171875 0.43125 0.5708328125000001 0.4421875 0.56875 0.48125 0.53125
0 0.475 0.76875 0.475 0.7333328125 0.4515625 0.71875 0.4109375 0.7125 0.4 0.7208328125000001 0.3953125 0.7354171875 0.396875 0.775 0.4203125 0.8145828125 0.453125 0.7791671874999999 0.475 0.76875
0 0.5796875 0.6229171874999999 0.5828125 0.6125 0.571875 0.5916671874999999 0.55 0.6041671875 0.5265625 0.6 0.5109375 0.6333328125000001 0.5140625 0.65 0.5453125 0.6645828125000001 0.553125 0.6458328125 0.5796875 0.6229171874999999
0 0.5984375 0.8416671875 0.584375 0.8229171875000001 0.56875 0.8458328125 0.55 0.825 0.5421875 0.825 0.5265625 0.8416671875 0.5203125 0.8604171875000001 0.5203125 0.9 0.534375 0.9291671875 0.6046875 0.8791671875 0.5984375 0.8416671875
4 0.578125 0.44583281250000006 0.578125 0.42083281250000004 0.5609375 0.40208281250000005 0.534375 0.40833281250000003 0.51875 0.43333281250000005 0.5171875 0.45625 0.5390625 0.48541718749999996 0.56875 0.46875 0.578125 0.44583281250000006
4 0.5640625 0.5875 0.571875 0.5583328125 0.5671875 0.5291671874999999 0.559375 0.5166671875 0.5375 0.5083328125000001 0.515625 0.5333328125000001 0.5140625 0.5604171874999999 0.528125 0.5958328125000001 0.5484375 0.6020828125000001 0.5640625 0.5875
4 0.60625 0.64375 0.5953125 0.625 0.5703125 0.6270828125000001 0.5546875 0.6458328125 0.5484375 0.6666671875 0.5765625 0.70625 0.60625 0.68125 0.60625 0.64375
1 0.6375 0.39375 0.628125 0.38125 0.6125 0.3791671875 0.5828125 0.40625 0.5828125 0.43333281250000005 0.6015625 0.4625 0.6140625 0.4125 0.6375 0.39375
1 0.6421875 0.5416671875 0.640625 0.5083328125000001 0.628125 0.4895828125 0.6109375 0.4791671875 0.584375 0.48541718749999996 0.5671875 0.5125 0.5734375 0.5583328125 0.590625 0.58125 0.6265625 0.56875 0.6421875 0.5416671875
1 0.7078125 0.5625 0.7140625 0.5229171874999999 0.6984375 0.49166718749999994 0.671875 0.48541718749999996 0.6453125 0.5125 0.6453125 0.5583328125 0.65625 0.5770828125 0.678125 0.5833328125 0.7078125 0.5625
1 0.6125 0.8104171875 0.640625 0.8020828124999999 0.653125 0.7895828125000001 0.665625 0.7479171874999999 0.665625 0.7291671875 0.6546875 0.7104171874999999 0.621875 0.6875 0.5984375 0.6916671875 0.5828125 0.7083328125 0.5796875 0.7854171875 0.5875 0.7979171875 0.6 0.8104171875 0.6125 0.8104171875
1 0.6640625 0.8229171875000001 0.6484375 0.8020828124999999 0.60625 0.8125 0.6015625 0.8208328125 0.6 0.8416671875 0.6109375 0.875 0.6671875 0.8375 0.6640625 0.8229171875000001
1 0.5296875 0.9291671875 0.51875 0.8979171875 0.51875 0.8583328124999999 0.4828125 0.8895828124999999 0.465625 0.925 0.465625 0.9625 0.4734375 0.9708328125 0.5265625 0.9375 0.5296875 0.9291671875
1 0.490625 0.88125 0.50625 0.8541671875000001 0.50625 0.825 0.4890625 0.7854171875 0.4796875 0.7791671874999999 0.45 0.7854171875 0.43125 0.8083328125 0.425 0.8270828124999999 0.4328125 0.88125 0.446875 0.90625 0.459375 0.9125 0.490625 0.88125
1 0.5484375 0.7958328125 0.525 0.7479171874999999 0.515625 0.7458328125 0.4984375 0.7770828125 0.5 0.80625 0.5171875 0.84375 0.5484375 0.81875 0.5484375 0.7958328125
1 0.4421875 0.64375 0.434375 0.61875 0.421875 0.6041671875 0.3921875 0.60625 0.365625 0.6416671875 0.36875 0.675 0.3859375 0.7041671875 0.396875 0.675 0.4421875 0.64375
