3 0.4125 0.49583281250000005 0.4875 0.5041671875 0.515625 0.475 0.5390625 0.475 0.571875 0.43125 0.590625 0.3833328125 0.5921875 0.3395828125 0.5828125 0.3 0.575 0.2895828125 0.565625 0.2895828125 0.5296875 0.3770828125 0.4984375 0.40416718749999997 0.46875 0.4125 0.4359375 0.40416718749999997 0.378125 0.4125 0.340625 0.3958328125 0.3234375 0.41875 0.3203125 0.42916718749999994 0.325 0.4375 0.371875 0.44583281250000006 0.4125 0.49583281250000005
3 0.696875 0.5083328125000001 0.7296875 0.5375 0.75 0.59375 0.809375 0.5895828125 0.7890625 0.5645828125000001 0.775 0.5270828125 0.7484375 0.4875 0.7234375 0.42083281250000004 0.709375 0.40833281250000003 0.690625 0.40833281250000003 0.6859375 0.4166671875 0.7078125 0.46041718749999994 0.7078125 0.48333281250000004 0.696875 0.5083328125000001
0 0.365625 0.5583328125 0.3765625 0.5333328125000001 0.4046875 0.49791718749999997 0.38125 0.45625 0.34375 0.43958281250000003 0.31875 0.44583281250000006 0.2984375 0.48333281250000004 0.296875 0.5020828125000001 0.3078125 0.5458328125 0.334375 0.5645828125000001 0.365625 0.5583328125
0 0.734375 0.43958281250000003 0.7484375 0.44166718749999995 0.790625 0.42083281250000004 0.8078125 0.4 0.809375 0.35625 0.7828125 0.29375 0.7671875 0.2895828125 0.7203125 0.3041671875 0.703125 0.325 0.7078125 0.3552078125 0.7015625 0.3958328125 0.7203125 0.4125 0.734375 0.43958281250000003
0 0.4921875 0.6791671874999999 0.51875 0.68125 0.5421875 0.6958328125000001 0.5640625 0.6416671875 0.5546875 0.5854171874999999 0.534375 0.5625 0.5046875 0.54375 0.4765625 0.5416671875 0.4578125 0.5520828125 0.4296875 0.6041671875 0.4265625 0.63125 0.43125 0.6604171875 0.453125 0.6958328125000001 0.4921875 0.6791671874999999
0 0.4078125 0.7125 0.425 0.7354171875 0.4328125 0.7083328125 0.4265625 0.6770828125 0.4078125 0.65 0.359375 0.6270828125000001 0.31875 0.6458328125 0.3 0.6854171874999999 0.303125 0.7291671875 0.3421875 0.7 0.3765625 0.6979171875 0.4078125 0.7125
0 0.546875 0.3208328125 0.5078125 0.3270828125 0.49375 0.3416671875 0.4875 0.3604171875 0.4890625 0.3979171875 0.5015625 0.4 0.5296875 0.375 0.546875 0.3208328125
0 0.6125 0.5875 0.6171875 0.55625 0.63125 0.53125 0.5953125 0.47083281250000003 0.5734375 0.48125 0.5640625 0.5020828125000001 0.5765625 0.5354171875 0.575 0.5729171875 0.6125 0.5875
5 0.5609375 0.7333328125 0.590625 0.7333328125 0.6015625 0.7020828125 0.6375 0.6583328125000001 0.60625 0.5854171874999999 0.58125 0.58125 0.559375 0.5979171875 0.565625 0.61875 0.5625 0.6541671874999999 0.54375 0.7 0.5609375 0.7333328125
5 0.434375 0.7916671875 0.4265625 0.7395828125 0.4078125 0.7145828125 0.3796875 0.7 0.34375 0.7020828125 0.3171875 0.7166671874999999 0.2859375 0.76875 0.2859375 0.8166671875 0.2953125 0.8416671875 0.4203125 0.80625 0.434375 0.7916671875
5 0.6859375 0.40833281250000003 0.703125 0.3791671875 0.703125 0.3333328125 0.675 0.28125 0.634375 0.28125 0.61875 0.2916671875 0.6015625 0.325 0.6 0.36875 0.6234375 0.40416718749999997 0.6640625 0.4 0.6859375 0.40833281250000003
5 0.75 0.29375 0.7296875 0.28125 0.6921875 0.2916671875 0.6890625 0.3 0.7 0.3229171875 0.7125 0.30625 0.75 0.29375
5 0.796875 0.475 0.8328125 0.4583328125 0.8203125 0.43958281250000003 0.7875 0.4270828125 0.765625 0.43125 0.7421875 0.45208281250000004 0.7390625 0.4625 0.74375 0.47708281250000006 0.771875 0.51875 0.796875 0.475
2 0.8484375 0.6770828125 0.8515625 0.6520828125 0.84375 0.6270828125000001 0.821875 0.5979171875 0.80625 0.5875 0.765625 0.5916671874999999 0.7484375 0.5979171875 0.7296875 0.6208328125 0.7125 0.675 0.7125 0.7041671875 0.7171875 0.7166671874999999 0.725 0.7166671874999999 0.8484375 0.6770828125
2 0.5578125 0.7604171875 0.546875 0.7104171874999999 0.5171875 0.6833328125 0.475 0.6854171874999999 0.4546875 0.7020828125 0.4375 0.7354171875 0.434375 0.7729171874999999 0.4421875 0.7979171875 0.5046875 0.7833328125000001 0.5578125 0.7604171875
4 0.8453125 0.5895828125 0.8625 0.5770828125 0.88125 0.5479171875 0.88125 0.5166671875 0.875 0.5 0.85 0.46666718749999997 0.815625 0.46458281250000005 0.79375 0.4791671875 0.778125 0.5041671875 0.7765625 0.5270828125 0.7859375 0.5541671874999999 0.8203125 0.5875 0.8453125 0.5895828125
4 0.665625 0.5104171875 0.69375 0.50625 0.70625 0.48333281250000004 0.703125 0.45208281250000004 0.684375 0.41458281250000006 0.6734375 0.40625 0.6546875 0.40208281250000005 0.6234375 0.41041718749999995 0.6078125 0.425 0.5984375 0.44583281250000006 0.596875 0.46875 0.6046875 0.49375 0.6328125 0.5291671874999999 0.665625 0.5104171875
4 0.56875 0.5791671875 0.575 0.5541671874999999 0.5734375 0.5291671874999999 0.5515625 0.4875 0.5171875 0.47708281250000006 0.4859375 0.5125 0.4875 0.5375 0.5234375 0.5520828125 0.5578125 0.5875 0.56875 0.5791671875
1 0.36875 0.6041671875 0.365625 0.5604171874999999 0.340625 0.5666671875 0.3171875 0.6020828125000001 0.3203125 0.6416671875 0.346875 0.6270828125000001 0.3765625 0.6291671875 0.36875 0.6041671875
1 0.4265625 0.65 0.425 0.6166671874999999 0.440625 0.5729171875 0.4796875 0.5354171875 0.4703125 0.5145828125 0.4546875 0.5041671875 0.409375 0.5 0.38125 0.5291671874999999 0.3703125 0.5541671874999999 0.36875 0.5958328125000001 0.378125 0.6291671875 0.409375 0.6479171874999999 0.4265625 0.65
1 0.4578125 0.3541671875 0.421875 0.3583328125 0.4 0.3854171875 0.4 0.40625 0.4875 0.40416718749999997 0.48125 0.3708328125 0.4578125 0.3541671875
1 0.6515625 0.2729171875 0.6140625 0.26875 0.584375 0.2895828125 0.5984375 0.3395828125 0.60625 0.30625 0.6171875 0.2916671875 0.6515625 0.2729171875
1 0.7046875 0.6854171874999999 0.7234375 0.6291671875 0.746875 0.5958328125000001 0.7359375 0.55 0.721875 0.5291671874999999 0.69375 0.5104171875 0.646875 0.5229171874999999 0.6234375 0.5479171875 0.615625 0.56875 0.6203125 0.6166671874999999 0.6421875 0.6604171875 0.6796875 0.66875 0.7046875 0.6854171874999999
1 0.7125 0.7145828125 0.6984375 0.6833328125 0.6546875 0.6645828125000001 0.61875 0.68125 0.5953125 0.7229171875 0.596875 0.7520828125000001 0.6265625 0.7520828125000001 0.7078125 0.7229171875 0.7125 0.7145828125
1 0.9109375 0.6583328125000001 0.9203125 0.6479171874999999 0.9078125 0.6166671874999999 0.8890625 0.5979171875 0.85625 0.59375 0.840625 0.6020828125000001 0.8359375 0.6104171875 0.85 0.6375 0.85625 0.6729171875 0.9109375 0.6583328125000001
