3 0.6296875 0.75625 0.61875 0.7833328125000001 0.6171875 0.7958328125 0.6140625 0.8020828124999999 0.6140625 0.8125 0.609375 0.8354171875 0.609375 0.8708328125 0.60625 0.8833328125 0.60625 0.9208328124999999 0.609375 0.93125 0.615625 0.9291671875 0.61875 0.9229171875000001 0.6390625 0.9041671875 0.646875 0.9 0.6671875 0.9 0.66875 0.8979171875 0.6671875 0.8708328125 0.675 0.8333328124999999 0.678125 0.8270828124999999 0.6796875 0.8166671875 0.6828125 0.8125 0.6828125 0.80625 0.7078125 0.76875 0.7078125 0.75625 0.7 0.7270828125000001 0.7 0.6916671875 0.6984375 0.6895828125000001 0.690625 0.6895828125000001 0.6734375 0.7 0.6453125 0.7291671875 0.6453125 0.73125 0.634375 0.7458328125 0.6296875 0.75625
3 0.5125 0.3833328125 0.4984375 0.40208281250000005 0.4984375 0.42083281250000004 0.50625 0.45416718749999996 0.515625 0.475 0.515625 0.4791671875 0.5234375 0.49375 0.5234375 0.49791718749999997 0.5328125 0.5125 0.5390625 0.5291671874999999 0.5609375 0.56875 0.590625 0.6083328125 0.596875 0.6104171875 0.6 0.6083328125 0.6 0.6041671875 0.5796875 0.575 0.575 0.5625 0.575 0.5520828125 0.5734375 0.55 0.575 0.525 0.58125 0.50625 0.5875 0.49583281250000005 0.5859375 0.48333281250000004 0.575 0.46458281250000005 0.5578125 0.42083281250000004 0.5578125 0.4125 0.55 0.3875 0.5296875 0.3625 0.5234375 0.3604171875 0.5171875 0.3645828125 0.5171875 0.3666671875 0.5140625 0.3708328125 0.5125 0.3833328125
0 0.4578125 0.40416718749999997 0.4484375 0.41041718749999995 0.4375 0.42083281250000004 0.4328125 0.43541718749999997 0.4234375 0.4479171875 0.421875 0.45416718749999996 0.4234375 0.4791671875 0.4328125 0.5041671875 0.44375 0.5208328125 0.4609375 0.5375 0.478125 0.5395828125000001 0.5 0.5125 0.509375 0.5041671875 0.515625 0.49375 0.515625 0.48333281250000004 0.503125 0.45 0.4953125 0.4166671875 0.4828125 0.40833281250000003 0.48125 0.40833281250000003 0.475 0.40416718749999997 0.4578125 0.40416718749999997
0 0.6015625 0.6104171875 0.590625 0.6208328125 0.584375 0.6333328125000001 0.58125 0.6458328125 0.58125 0.65 0.596875 0.6541671874999999 0.6125 0.66875 0.625 0.6895828125000001 0.6375 0.7270828125000001 0.6359375 0.7291671875 0.6859375 0.6875 0.684375 0.6416671875 0.675 0.6208328125 0.6609375 0.6041671875 0.659375 0.6041671875 0.6328125 0.6145828125 0.6015625 0.6104171875
0 0.725 0.6333328125000001 0.715625 0.6458328125 0.70625 0.66875 0.7015625 0.6875 0.7015625 0.7229171875 0.7078125 0.7520828125000001 0.7140625 0.7645828125 0.7140625 0.76875 0.7234375 0.7854171875 0.74375 0.7958328125 0.7578125 0.8 0.7625 0.7958328125 0.7640625 0.7895828125000001 0.7703125 0.78125 0.7890625 0.7375 0.821875 0.6708328125 0.825 0.6541671874999999 0.81875 0.6520828125 0.8140625 0.6458328125 0.80625 0.64375 0.803125 0.6395828125 0.790625 0.6375 0.7703125 0.625 0.7578125 0.6208328125 0.75625 0.6208328125 0.7359375 0.625 0.725 0.6333328125000001
1 0.565625 0.42291718749999996 0.5640625 0.4270828125 0.5640625 0.43333281250000005 0.575 0.46041718749999994 0.5875 0.48541718749999996 0.5921875 0.4875 0.60625 0.47291718749999995 0.615625 0.46666718749999997 0.6265625 0.4625 0.6375 0.4625 0.6421875 0.4583328125 0.6421875 0.45 0.6375 0.4375 0.625 0.42083281250000004 0.60625 0.40833281250000003 0.6046875 0.40833281250000003 0.578125 0.41041718749999995 0.565625 0.42291718749999996
0 0.653125 0.4583328125 0.6453125 0.4625 0.6453125 0.46458281250000005 0.665625 0.48125 0.678125 0.49791718749999997 0.684375 0.5125 0.6859375 0.49583281250000005 0.6890625 0.48541718749999996 0.6984375 0.47083281250000003 0.696875 0.46458281250000005 0.6859375 0.46041718749999994 0.684375 0.46041718749999994 0.6796875 0.4583328125 0.653125 0.4583328125
1 0.7234375 0.46041718749999994 0.70625 0.46666718749999997 0.69375 0.4791671875 0.6875 0.49583281250000005 0.6875 0.50625 0.6859375 0.5083328125000001 0.6859375 0.5229171874999999 0.6875 0.525 0.6859375 0.5270828125 0.6859375 0.5416671875 0.6984375 0.5833328125 0.70625 0.59375 0.7125 0.5979171875 0.7515625 0.6083328125 0.7765625 0.59375 0.7890625 0.575 0.796875 0.55 0.796875 0.5270828125 0.7984375 0.525 0.796875 0.5229171874999999 0.7953125 0.5 0.7875 0.48125 0.7765625 0.46666718749999997 0.76875 0.4625 0.7671875 0.4625 0.7625 0.46041718749999994 0.7234375 0.46041718749999994
1 0.7078125 0.6020828125000001 0.7015625 0.60625 0.690625 0.6208328125 0.6875 0.63125 0.6875 0.6791671874999999 0.6890625 0.6854171874999999 0.7 0.6854171874999999 0.709375 0.65625 0.715625 0.64375 0.7296875 0.6270828125000001 0.753125 0.6166671874999999 0.765625 0.61875 0.76875 0.6229171874999999 0.771875 0.6229171874999999 0.7609375 0.6083328125 0.75625 0.6125 0.7515625 0.6125 0.74375 0.6083328125 0.7421875 0.6083328125 0.725 0.6020828125000001 0.7078125 0.6020828125000001
1 0.559375 0.5041671875 0.48125 0.5041671875 0.48125 0.5958328125000001 0.559375 0.5958328125000001 0.559375 0.5041671875
1 0.434375 0.5604171874999999 0.43125 0.5604171874999999 0.4296875 0.56875 0.425 0.5666671875 0.4171875 0.5770828125 0.40625 0.6125 0.40625 0.6291671875 0.425 0.65 0.4328125 0.66875 0.4328125 0.6729171875 0.4359375 0.6770828125 0.4578125 0.6770828125 0.459375 0.6791671874999999 0.4859375 0.6833328125 0.4921875 0.6791671874999999 0.503125 0.6604171875 0.5 0.65 0.5 0.61875 0.503125 0.6083328125 0.503125 0.5979171875 0.496875 0.5854171874999999 0.4828125 0.5708328125000001 0.459375 0.5604171874999999 0.45625 0.55625 0.446875 0.55625 0.4453125 0.5583328125 0.44375 0.55625 0.4421875 0.55625 0.4375 0.55625 0.434375 0.5604171874999999
4 0.5375 0.5729171875 0.51875 0.58125 0.5109375 0.5895828125 0.503125 0.6104171875 0.5015625 0.6458328125 0.50625 0.6625 0.5203125 0.6791671874999999 0.5421875 0.68125 0.546875 0.6791671874999999 0.55 0.6708328125 0.5609375 0.65625 0.5734375 0.6520828125 0.578125 0.6479171874999999 0.584375 0.6270828125000001 0.590625 0.6145828125 0.58125 0.5979171875 0.5609375 0.575 0.559375 0.575 0.5578125 0.5729171875 0.5375 0.5729171875
4 0.571875 0.6541671874999999 0.5640625 0.65625 0.55625 0.6645828125000001 0.546875 0.6854171874999999 0.5453125 0.69375 0.5453125 0.7229171875 0.5515625 0.7395828125 0.5703125 0.7708328125 0.5875 0.7854171875 0.6 0.7854171875 0.6171875 0.7791671874999999 0.6234375 0.76875 0.625 0.7604171875 0.6328125 0.7458328125 0.6328125 0.725 0.63125 0.7229171875 0.63125 0.7125 0.621875 0.6875 0.609375 0.6666671875 0.6 0.6583328125000001 0.5984375 0.6583328125000001 0.5890625 0.6541671874999999 0.571875 0.6541671874999999
2 0.36875 0.63125 0.3546875 0.64375 0.346875 0.6541671874999999 0.3390625 0.6708328125 0.3328125 0.6958328125000001 0.33125 0.7208328125000001 0.346875 0.7625 0.353125 0.76875 0.3609375 0.7708328125 0.375 0.76875 0.3796875 0.7708328125 0.39375 0.7666671875 0.40625 0.7479171874999999 0.4234375 0.70625 0.4234375 0.7 0.4296875 0.68125 0.4296875 0.66875 0.425 0.6541671874999999 0.4203125 0.6458328125 0.4015625 0.6270828125000001 0.4 0.6270828125000001 0.3828125 0.6270828125000001 0.36875 0.63125
0 0.4328125 0.6833328125 0.4265625 0.6958328125000001 0.421875 0.7166671874999999 0.409375 0.7458328125 0.4015625 0.7583328125000001 0.4015625 0.76875 0.4 0.7708328125 0.4015625 0.7833328125000001 0.40625 0.7958328125 0.41875 0.81875 0.428125 0.825 0.440625 0.825 0.4515625 0.83125 0.459375 0.83125 0.484375 0.8104171875 0.4921875 0.7979171875 0.5 0.7708328125 0.5 0.7604171875 0.5015625 0.7583328125000001 0.5015625 0.7291671875 0.4984375 0.71875 0.4828125 0.69375 0.471875 0.6854171874999999 0.4703125 0.6854171874999999 0.4640625 0.68125 0.4328125 0.6833328125
4 0.65 0.9020828125 0.640625 0.90625 0.6140625 0.93125 0.6078125 0.94375 0.603125 0.9604171875 0.603125 0.9833328124999999 0.6078125 0.9979171875 0.66875 0.9979171875 0.671875 0.9875 0.6984375 0.9333328125 0.6984375 0.925 0.671875 0.90625 0.6703125 0.90625 0.6609375 0.9020828125 0.65 0.9020828125
2 0.5515625 0.9479171875000001 0.5296875 0.9583328124999999 0.5125 0.9791671875000001 0.50625 0.99375 0.50625 0.9979171875 0.6046875 0.9979171875 0.6 0.9770828125 0.5890625 0.9625 0.5734375 0.9520828124999999 0.571875 0.9520828124999999 0.5625 0.9479171875000001 0.5515625 0.9479171875000001
1 0.5125 0.7875 0.4984375 0.8041671875 0.4984375 0.8083328125 0.49375 0.8145828125 0.4921875 0.83125 0.4890625 0.8395828125 0.49375 0.8770828125 0.5015625 0.9 0.509375 0.9125 0.51875 0.9229171875000001 0.53125 0.93125 0.54375 0.9354171875 0.559375 0.9354171875 0.5875 0.91875 0.6 0.9020828125 0.6078125 0.8666671875 0.6078125 0.8333328124999999 0.5984375 0.80625 0.584375 0.7854171875 0.5625 0.7708328125 0.5609375 0.7708328125 0.540625 0.7708328125 0.5125 0.7875
1 0.48125 0.9083328125 0.465625 0.9229171875000001 0.4546875 0.95 0.4515625 0.96875 0.45625 0.9979171875 0.5046875 0.9979171875 0.5046875 0.99375 0.5109375 0.9791671875000001 0.5265625 0.9583328124999999 0.5359375 0.9520828124999999 0.5484375 0.9479171875000001 0.553125 0.94375 0.553125 0.9395828125 0.540625 0.9375 0.5203125 0.9270828124999999 0.5015625 0.9041671875 0.5 0.9041671875 0.4921875 0.9041671875 0.48125 0.9083328125
4 0.4671875 0.83125 0.46875 0.8333328124999999 0.465625 0.8416671875 0.465625 0.8520828125 0.4859375 0.8875 0.4875 0.89375 0.496875 0.8979171875 0.496875 0.8895828124999999 0.490625 0.8666671875 0.4890625 0.8375 0.490625 0.8354171875 0.490625 0.8229171875000001 0.496875 0.8041671875 0.4953125 0.8041671875 0.48125 0.8145828125 0.4671875 0.83125
4 0.4359375 0.8708328125 0.41875 0.8916671875000001 0.415625 0.9 0.415625 0.90625 0.4078125 0.925 0.4078125 0.94375 0.4140625 0.9625 0.43125 0.9833328124999999 0.434375 0.9833328124999999 0.440625 0.9895828124999999 0.4515625 0.9895828124999999 0.45 0.9625 0.459375 0.93125 0.46875 0.9166671875000001 0.4859375 0.9020828125 0.484375 0.8916671875000001 0.478125 0.8770828125 0.471875 0.8645828124999999 0.4671875 0.8604171875000001 0.465625 0.8604171875000001 0.4515625 0.8625 0.4359375 0.8708328125
2 0.3734375 0.8291671875000001 0.3625 0.8458328125 0.359375 0.8604171875000001 0.359375 0.875 0.3671875 0.89375 0.36875 0.9104171875 0.375 0.9166671875000001 0.38125 0.9208328124999999 0.403125 0.9229171875000001 0.4078125 0.9208328124999999 0.4140625 0.9083328125 0.415625 0.8958328124999999 0.4359375 0.86875 0.446875 0.8645828124999999 0.453125 0.8583328124999999 0.4546875 0.8354171875 0.4421875 0.8270828124999999 0.4265625 0.8270828124999999 0.4234375 0.825 0.4125 0.8125 0.4078125 0.8 0.4 0.7895828125000001 0.3984375 0.7916671875 0.3859375 0.8 0.3734375 0.8291671875000001
5 0.828125 0.55 0.8125 0.5541671874999999 0.796875 0.5666671875 0.7890625 0.5770828125 0.7796875 0.5979171875 0.778125 0.625 0.78125 0.6291671875 0.8 0.6354171875 0.809375 0.6416671875 0.8140625 0.6416671875 0.828125 0.6520828125 0.840625 0.6333328125000001 0.84375 0.6229171874999999 0.8703125 0.5666671875 0.8703125 0.5604171874999999 0.859375 0.5541671874999999 0.8578125 0.5541671874999999 0.8453125 0.55 0.828125 0.55
5 0.7015625 0.79375 0.6953125 0.7979171875 0.6875 0.8083328125 0.6765625 0.8354171875 0.6703125 0.8666671875 0.6703125 0.8979171875 0.6765625 0.90625 0.6921875 0.9145828125 0.7015625 0.9229171875000001 0.709375 0.9125 0.7203125 0.8875 0.725 0.88125 0.7546875 0.8125 0.7546875 0.80625 0.7515625 0.8020828124999999 0.721875 0.7895828125000001 0.7203125 0.7895828125000001 0.7125 0.7895828125000001 0.7015625 0.79375
5 0.5671875 0.6833328125 0.503125 0.6833328125 0.503125 0.7854171875 0.5671875 0.7854171875 0.5671875 0.6833328125
5 0.3 0.7291671875 0.2859375 0.7458328125 0.278125 0.7645828125 0.275 0.7791671874999999 0.275 0.80625 0.278125 0.81875 0.290625 0.8416671875 0.3046875 0.8520828125 0.31875 0.8583328124999999 0.3375 0.8583328124999999 0.35 0.8541671875000001 0.359375 0.8458328125 0.3734375 0.825 0.38125 0.80625 0.38125 0.7791671874999999 0.3796875 0.775 0.371875 0.7708328125 0.3703125 0.7729171874999999 0.3546875 0.7729171874999999 0.3515625 0.7708328125 0.34375 0.7604171875 0.33125 0.7270828125000001 0.33125 0.7229171875 0.328125 0.71875 0.3265625 0.71875 0.3140625 0.7208328125000001 0.3 0.7291671875
0 0.34375 0.6270828125000001 0.3390625 0.6333328125000001 0.328125 0.66875 0.328125 0.6854171874999999 0.33125 0.69375 0.334375 0.6770828125 0.3390625 0.66875 0.340625 0.6604171875 0.35625 0.6395828125 0.3734375 0.6270828125000001 0.3921875 0.625 0.39375 0.6229171874999999 0.375 0.6145828125 0.3734375 0.6145828125 0.35625 0.61875 0.34375 0.6270828125000001
