2 0.4497375 0.7558953125000001 0.47760625 0.7295499999999999 0.48321875 0.71771875 0.4806875 0.710321875 0.45355625 0.67723125 0.44171250000000006 0.6541640625 0.430678125 0.645015625 0.4179234375 0.6423875 0.3887921875 0.6470828125 0.370425 0.6562859375000001 0.36038125 0.6641484375 0.34671562499999997 0.681959375 0.34680625 0.68350625 0.341375 0.69843125 0.34742812500000003 0.7302359375 0.360903125 0.745234375 0.3805296875 0.75768125 0.395546875 0.7630671875 0.41029218749999996 0.7638125 0.418525 0.7609250000000001 0.42069531250000003 0.7621359375 0.44159375 0.7603296875 0.4497375 0.7558953125000001
2 0.723896875 0.558740625 0.6961359375 0.5148234375 0.6850125 0.504128125 0.66429375 0.509028125 0.64185625 0.5204484375 0.6240296875 0.53893125 0.6164265624999999 0.55264375 0.611084375 0.5691140625 0.611175 0.5706609375 0.6145171875 0.5919765625 0.6239203125 0.6091921874999999 0.6651671875 0.6322046875 0.675390625 0.627434375 0.7131234375 0.590134375 0.7333921875 0.577503125 0.7392734375 0.5703109375000001 0.739003125 0.5656718749999999 0.734571875 0.561703125 0.723896875 0.558740625
3 0.6525390625 0.48750625000000003 0.6460265625 0.48387343749999995 0.6362625000000001 0.460471875 0.6372625000000001 0.44157812500000004 0.6430546875 0.432840625 0.6405234375 0.42544375 0.63383125 0.4187171875 0.6266875 0.40425781250000004 0.5945843749999999 0.35791875 0.5777578125 0.3575078125 0.56319375 0.35985625 0.5572203124999999 0.3655015625 0.5536890624999999 0.376996875 0.5537796875 0.37854375 0.552959375 0.4005296875 0.55513125 0.40174062499999996 0.5557609375 0.41256562499999994 0.5654359375 0.43442187499999996 0.5743890625 0.4439046875 0.57456875 0.4469984375 0.5922953125 0.4628734375 0.6205171875 0.47861875 0.637703125 0.4852140625 0.6525390625 0.48750625000000003
3 0.453603125 0.49771093750000006 0.45758593750000004 0.49394687499999995 0.45894531250000004 0.48124062500000003 0.47242968750000003 0.4603359375 0.4454703125 0.466240625 0.4434796875 0.46812343749999996 0.4413078125 0.46691093749999996 0.4288234375 0.4689234375 0.39272968750000004 0.4622515625 0.341340625 0.481459375 0.337359375 0.4852234375 0.3331984375 0.48589374999999996 0.32930625 0.49120468749999996 0.329396875 0.49275 0.333278125 0.52334375 0.3378 0.528859375 0.3420515625 0.5297359375 0.364940625 0.526046875 0.36693125000000004 0.524165625 0.38149687499999996 0.52181875 0.42483281249999993 0.508590625 0.4412984375 0.502815625 0.44736093749999994 0.49871718749999994 0.453603125 0.49771093750000006
5 0.5421921875 0.75660625 0.535409375 0.748334375 0.5224734375 0.7426140625000001 0.503296875 0.7378984375 0.4949734375 0.739240625 0.4738953125 0.737953125 0.4499171875 0.7589890625 0.4312796875 0.7635531249999999 0.42105625 0.768321875 0.417075 0.7720859375 0.40576093750000003 0.7942015625 0.40585000000000004 0.7957484375 0.40205 0.8026046875 0.4012296875 0.8245906250000001 0.4084625 0.8405953125 0.41750625 0.8516265625000001 0.43270156249999997 0.8601046875 0.44310625000000003 0.858428125 0.502828125 0.801975 0.5249953125 0.7859140625000001 0.5426421875 0.7643390625 0.5421921875 0.75660625
5 0.5005703125000001 0.43862968750000003 0.513875 0.4146328125 0.514965625 0.3972859375 0.5077328125 0.38128125 0.498778125 0.37179687499999997 0.4835828125 0.36331875 0.46440625 0.3586046875 0.44540781249999994 0.35698281249999997 0.41229531250000007 0.365440625 0.3919375 0.376525 0.3782734375 0.3943375 0.3727515625 0.40771562499999997 0.3728421875 0.40926093750000003 0.37184218750000003 0.4281546875 0.37401249999999997 0.429365625 0.37446250000000003 0.4370984375 0.3858578125 0.4524328125 0.39897187500000003 0.4612453125 0.41606875 0.46629531249999995 0.43922812499999997 0.467246875 0.4641078125 0.4616765625 0.4926984375 0.447703125 0.5005703125000001 0.43862968750000003
2 0.5862671875000001 0.6839421875 0.5702515625 0.69745 0.551884375 0.7066546875 0.5441015625000001 0.717275 0.5441921875 0.7188203125 0.5385796875 0.7306515625000001 0.5395703125 0.7476625 0.5441828125 0.754725 0.5506046875 0.7568125 0.5921406250000001 0.7126546874999999 0.60960625 0.6879875 0.6112375 0.67991875 0.609065625 0.6787078125 0.5924203125 0.6813906249999999 0.5862671875000001 0.6839421875
4 0.5702171875000001 0.48047968750000003 0.5867734375 0.4762515625 0.5951875 0.47645625 0.599259375 0.4742390625 0.599078125 0.47114687499999997 0.5724875 0.4473328125 0.5656156250000001 0.4375140625 0.5402859375 0.4353515625 0.5031015625 0.4460265625 0.478671875 0.45932968750000003 0.46681875 0.47216718750000003 0.45930625 0.48742656249999994 0.4593953125 0.488971875 0.46002656249999996 0.49979843749999997 0.4669890625 0.5111640625 0.4735921875 0.51634375 0.48878750000000004 0.524821875 0.509865625 0.5261078125 0.5140265625 0.5254375 0.518009375 0.5216734375 0.5217203125000001 0.5132703125 0.539546875 0.49478906250000004 0.5702171875000001 0.48047968750000003
4 0.5105859374999999 0.5384796875 0.5142078125 0.5285296875000001 0.5077843750000001 0.52644375 0.49095781250000003 0.5260328125 0.46707968749999995 0.512709375 0.4623765625 0.5041015625 0.45803593749999993 0.5016796875 0.44790156249999996 0.5079953125000001 0.44011875 0.518615625 0.44020937499999996 0.5201625 0.43821875 0.52204375 0.439209375 0.5390546875 0.441740625 0.5464515624999999 0.45738593749999995 0.5626625 0.4745734375 0.569259375 0.4850671875 0.569128125 0.49538125 0.56590625 0.5015328125 0.563353125 0.5094953125 0.5558265625 0.5105859374999999 0.5384796875
4 0.6157781250000001 0.6136265625 0.57814375 0.61656875 0.583115625 0.6298171875 0.6008421875 0.6456921875 0.6028328125 0.643809375 0.6062734375 0.6307671874999999 0.6159578125 0.61671875 0.6157781250000001 0.6136265625
0 0.41776093750000004 0.5674875 0.4133296875 0.56351875 0.4082671875 0.5487234375 0.40908749999999994 0.5267375000000001 0.39208125 0.523234375 0.34223125 0.532828125 0.31789375 0.547678125 0.30196718749999996 0.56273125 0.29825625 0.571134375 0.2983453125 0.57268125 0.2963546875 0.5745625000000001 0.2969859375 0.5853875000000001 0.3174234375 0.611753125 0.33461093750000004 0.6183500000000001 0.35985 0.618965625 0.3785765625 0.615946875 0.38455 0.6103015625 0.3921515625 0.5965890625 0.41812187500000003 0.5736718749999999 0.41776093750000004 0.5674875
0 0.566090625 0.698121875 0.5902484375 0.6801796875 0.598121875 0.67110625 0.5998421875 0.664584375 0.5988515624999999 0.6475734375 0.581034375 0.6301515625 0.5760625 0.6169046875 0.5717203125 0.6144828125 0.54838125 0.6104375 0.5200703125 0.593146875 0.503425 0.5958296875 0.49528125 0.6002625 0.4890390625 0.60126875 0.47076250000000003 0.6120187500000001 0.46089843750000004 0.6229750000000001 0.4513953125 0.640115625 0.45193593749999994 0.6493953125 0.44994531249999997 0.6512765625 0.450034375 0.6528234375 0.46006875 0.6808640625 0.4644109375 0.6832874999999999 0.46459062500000003 0.6863796875 0.47580625000000004 0.698621875 0.4974234375 0.7091859375 0.52284375 0.7128953124999999 0.5395796875000001 0.711759375 0.5457328125 0.70920625 0.55785625 0.701009375 0.566090625 0.698121875
0 0.548465625 0.2873015625 0.5459359375 0.2799046875 0.53463125 0.2661171875 0.5297484375 0.254415625 0.518534375 0.24217343750000003 0.5084 0.24848906249999997 0.49084374999999997 0.2716109375 0.483240625 0.285325 0.4836921875 0.29305625 0.48170156249999996 0.2949390625 0.48179062500000003 0.296484375 0.48278125000000005 0.313496875 0.48730312500000006 0.3190109375 0.48757343750000004 0.3236515625 0.49661718749999995 0.33468125 0.5205859375 0.34954999999999997 0.5398546875 0.3558109375 0.5567703125000001 0.35776875 0.5881624999999999 0.35583125 0.5900624999999999 0.35240312500000004 0.548465625 0.2873015625
0 0.508353125 0.42800937499999997 0.5027421875 0.439840625 0.5030109375 0.44448125000000005 0.5050921875000001 0.4441453125 0.521559375 0.4383703125 0.546528125 0.434346875 0.5591921875 0.4354265625 0.5632640624999999 0.433209375 0.5537703125 0.414446875 0.55051875 0.394678125 0.5462671875 0.393803125 0.5279906249999999 0.40455312499999996 0.5180374999999999 0.4139609375 0.508353125 0.42800937499999997
1 0.48775312499999995 0.32674375 0.4806109375 0.312284375 0.4796203125 0.2952734375 0.4830609375 0.28223125 0.49663593749999996 0.26287343750000003 0.49835624999999995 0.2563515625 0.48587187500000006 0.2583640625 0.4837015625 0.257153125 0.467234375 0.262928125 0.4550203125 0.2695796875 0.43918437499999996 0.2861796875 0.43158124999999997 0.29989374999999996 0.426240625 0.31636406250000004 0.4263296875 0.317909375 0.42515000000000003 0.33370937500000003 0.4298515625 0.34231875 0.44739843749999997 0.3551 0.46847656249999997 0.35638749999999997 0.47915156249999996 0.35935 0.49805781250000003 0.359425 0.518865625 0.356071875 0.524928125 0.3519734375 0.49896874999999996 0.3389859375 0.48775312499999995 0.32674375
1 0.5132875 0.5848734375 0.510846875 0.5790234375 0.495740625 0.5720921875 0.4916703125 0.5743078125000001 0.4830765625 0.5710109375 0.46833125000000003 0.5702640625 0.4575671875 0.5657546875 0.45340468749999996 0.5664265625 0.45141406249999994 0.5683078125 0.4223734375 0.5745484375000001 0.410159375 0.5812 0.388440625 0.6049921875 0.38282812499999996 0.6168234375 0.38291875000000003 0.6183703125 0.383909375 0.63538125 0.3906921875 0.6436531249999999 0.4199140625 0.6405062499999999 0.44117187500000005 0.6448859375 0.451215625 0.6370234375 0.46071875 0.6198812499999999 0.470671875 0.6104734374999999 0.48686875 0.6000578125 0.5136484375 0.591059375 0.5132875 0.5848734375
1 0.44962187499999995 0.501475 0.43315625 0.50725 0.4172296875 0.5223046874999999 0.4117078125 0.53568125 0.4124296875 0.548053125 0.4104375 0.5499343750000001 0.412609375 0.5511468749999999 0.4154109375 0.5631828125 0.4243640625 0.5726671875 0.43892968750000005 0.5703203125 0.4553953125 0.56454375 0.4484328125 0.553178125 0.43956875 0.545240625 0.43911875 0.5375078125 0.4369484375 0.536296875 0.43613749999999996 0.5223796875 0.44962187499999995 0.501475
1 0.6125265625 0.5938578125 0.6118046875 0.5814859375 0.609634375 0.580275 0.611625 0.57839375 0.60909375 0.5709953125 0.6128046875 0.56259375 0.6124453125 0.5564078125 0.625840625 0.53395625 0.64375625 0.5170203124999999 0.6642046875000001 0.50748125 0.6594125 0.49732656249999996 0.6420453125 0.48763750000000006 0.612103125 0.4784125 0.5952765624999999 0.47800312500000003 0.5703078125000001 0.48202656250000003 0.5437078125 0.4941171875 0.5296828125 0.5057437499999999 0.5200890625000001 0.5213390625 0.5129374999999999 0.542784375 0.5133875 0.550515625 0.50985625 0.5620125 0.5120265625 0.5632234375 0.5125671875 0.5725015625000001 0.519890625 0.5900531250000001 0.5287546875 0.597990625 0.5482921875 0.6088921875 0.580134375 0.6146874999999999 0.6114359375 0.6112046875 0.61360625 0.612415625 0.6176781250000001 0.6101984375 0.6193984375 0.6036765625 0.6125265625 0.5938578125
1 0.6083546875 0.6304328124999999 0.6084453125 0.6319781250000001 0.6046437499999999 0.6388359375 0.6058140625 0.6589390625 0.6128671875 0.6718515625 0.6193796875 0.675484375 0.6255328125 0.6729328125 0.657384375 0.642825 0.6631765625 0.6340859375 0.6241 0.6122859375 0.6139671875 0.6186015625 0.6083546875 0.6304328124999999
