2 0.596875 0.3104171875 0.5890625 0.3104171875 0.58125 0.3125 0.5625 0.325 0.540625 0.35 0.534375 0.3625 0.5296875 0.3854171875 0.5296875 0.40208281250000005 0.534375 0.42916718749999994 0.5421875 0.45 0.55 0.46041718749999994 0.5609375 0.46875 0.571875 0.47291718749999995 0.6 0.475 0.6125 0.47083281250000003 0.6203125 0.4625 0.6296875 0.4375 0.6296875 0.43125 0.640625 0.40625 0.65625 0.3583328125 0.65625 0.34375 0.6515625 0.3354171875 0.640625 0.3208328125 0.621875 0.3104171875 0.6203125 0.3104171875 0.5984375 0.3083328125 0.596875 0.3104171875
2 0.321875 0.6770828125 0.3 0.6791671874999999 0.2890625 0.6875 0.2859375 0.6875 0.271875 0.7020828125 0.2625 0.7229171875 0.2578125 0.7395828125 0.25625 0.7729171874999999 0.259375 0.7895828125000001 0.265625 0.80625 0.2796875 0.825 0.3109375 0.8479171875 0.3296875 0.85625 0.35 0.85625 0.3625 0.8458328125 0.371875 0.8333328124999999 0.384375 0.8270828124999999 0.3921875 0.8166671875 0.3953125 0.8041671875 0.396875 0.7625 0.3953125 0.7604171875 0.3953125 0.7479171874999999 0.3890625 0.7270828125000001 0.3703125 0.7 0.359375 0.6895828125000001 0.35625 0.6895828125000001 0.3453125 0.68125 0.33125 0.6770828125 0.3296875 0.6770828125 0.3234375 0.675 0.321875 0.6770828125
2 0.471875 0.71875 0.4578125 0.725 0.44375 0.7520828125000001 0.4296875 0.7708328125 0.425 0.7875 0.425 0.8020828124999999 0.4265625 0.8041671875 0.4421875 0.8104171875 0.4546875 0.81875 0.475 0.8458328125 0.4796875 0.8583328124999999 0.48125 0.8583328124999999 0.4890625 0.8458328125 0.5203125 0.75625 0.5203125 0.7520828125000001 0.4984375 0.725 0.496875 0.725 0.4828125 0.71875 0.471875 0.71875
0 0.309375 0.13125 0.3078125 0.1416671875 0.303125 0.1520828125 0.296875 0.1875 0.2953125 0.2083328125 0.296875 0.2166671875 0.30625 0.2395828125 0.31875 0.2520828125 0.3203125 0.25625 0.3265625 0.2604171875 0.3421875 0.2645828125 0.3484375 0.26875 0.3859375 0.26875 0.4 0.2604171875 0.40625 0.25 0.409375 0.225 0.415625 0.20625 0.4140625 0.1645828125 0.403125 0.1458328125 0.378125 0.1229171875 0.35625 0.1104171875 0.346875 0.1083328125 0.34375 0.1104171875 0.3421875 0.1083328125 0.340625 0.1083328125 0.3234375 0.1125 0.309375 0.13125
0 0.30625 0.44375 0.30625 0.4270828125 0.3125 0.41041718749999995 0.321875 0.3958328125 0.34375 0.3791671875 0.346875 0.3791671875 0.346875 0.375 0.3328125 0.375 0.30625 0.3895828125 0.29375 0.40416718749999997 0.2890625 0.41458281250000006 0.2859375 0.4375 0.278125 0.4583328125 0.2796875 0.47291718749999995 0.2859375 0.4895828125 0.290625 0.49583281250000005 0.3078125 0.49791718749999997 0.3171875 0.5020828125000001 0.321875 0.5104171875 0.3421875 0.5125 0.346875 0.5020828125000001 0.346875 0.49791718749999997 0.3234375 0.4791671875 0.321875 0.4791671875 0.309375 0.46041718749999994 0.30625 0.44375
0 0.1 0.6604171875 0.0765625 0.6958328125000001 0.071875 0.7083328125 0.06875 0.725 0.071875 0.7416671874999999 0.0875 0.76875 0.0984375 0.7791671874999999 0.1109375 0.7958328125 0.11875 0.8 0.134375 0.8 0.1359375 0.7979171875 0.1546875 0.7958328125 0.1765625 0.7833328125000001 0.1828125 0.7770828125 0.196875 0.7583328125000001 0.20625 0.7229171875 0.203125 0.7 0.184375 0.65625 0.1703125 0.6416671875 0.1546875 0.6354171875 0.153125 0.6354171875 0.1296875 0.6375 0.1 0.6604171875
0 0.2640625 0.8395828125 0.25625 0.8666671875 0.25625 0.9041671875 0.2609375 0.9208328124999999 0.275 0.9375 0.2875 0.9458328125 0.3109375 0.95625 0.3265625 0.9583328124999999 0.34375 0.9520828124999999 0.346875 0.9479171875000001 0.3453125 0.9020828125 0.353125 0.8666671875 0.353125 0.8583328124999999 0.3296875 0.8583328124999999 0.315625 0.8520828125 0.2953125 0.8395828125 0.278125 0.825 0.2765625 0.825 0.271875 0.8270828124999999 0.2640625 0.8395828125
0 0.35625 0.61875 0.346875 0.6270828125000001 0.3359375 0.6416671875 0.33125 0.65 0.3265625 0.6708328125 0.3296875 0.675 0.340625 0.6770828125 0.3453125 0.68125 0.353125 0.6833328125 0.3703125 0.6979171875 0.3859375 0.71875 0.39375 0.7354171875 0.3984375 0.75625 0.3984375 0.775 0.4 0.7770828125 0.409375 0.7770828125 0.428125 0.7666671875 0.44375 0.7479171874999999 0.4546875 0.725 0.4609375 0.6895828125000001 0.4609375 0.6791671874999999 0.4578125 0.6666671875 0.4515625 0.6520828125 0.446875 0.6333328125000001 0.440625 0.625 0.4296875 0.6166671874999999 0.4109375 0.6083328125 0.409375 0.6083328125 0.371875 0.6104171875 0.35625 0.61875
1 0.215625 0.21875 0.203125 0.225 0.190625 0.2395828125 0.1859375 0.2520828125 0.1859375 0.2833328125 0.1828125 0.3020828125 0.1828125 0.3166671875 0.1890625 0.3291671875 0.2125 0.3229171875 0.221875 0.3229171875 0.246875 0.33125 0.2671875 0.34375 0.2734375 0.34375 0.2796875 0.3375 0.2828125 0.3375 0.284375 0.325 0.2890625 0.3125 0.2875 0.3104171875 0.2890625 0.3 0.2953125 0.2833328125 0.2953125 0.2708328125 0.2890625 0.25625 0.278125 0.2416671875 0.253125 0.2229171875 0.2515625 0.2229171875 0.2421875 0.21875 0.215625 0.21875
1 0.31875 0.2666671875 0.30625 0.275 0.296875 0.2875 0.290625 0.3083328125 0.290625 0.3333328125 0.2953125 0.34375 0.30625 0.3583328125 0.31875 0.36875 0.3234375 0.3708328125 0.3515625 0.3708328125 0.3609375 0.3666671875 0.3609375 0.3625 0.353125 0.3458328125 0.346875 0.3208328125 0.3453125 0.3020828125 0.346875 0.3 0.346875 0.2854171875 0.3359375 0.26875 0.334375 0.26875 0.325 0.2645828125 0.31875 0.2666671875
1 0.2046875 0.5895828125 0.190625 0.6104171875 0.1859375 0.63125 0.1859375 0.6541671874999999 0.203125 0.6895828125000001 0.209375 0.7083328125 0.215625 0.7166671874999999 0.21875 0.7104171874999999 0.21875 0.7020828125 0.2234375 0.6833328125 0.23125 0.6645828125000001 0.2421875 0.6479171874999999 0.2640625 0.6291671875 0.2625 0.61875 0.2484375 0.6020828125000001 0.2453125 0.5833328125 0.240625 0.5770828125 0.2375 0.5791671875 0.2359375 0.5770828125 0.234375 0.5770828125 0.2125 0.5833328125 0.2046875 0.5895828125
1 0.159375 0.49166718749999994 0.140625 0.5041671875 0.1265625 0.5229171874999999 0.121875 0.5354171875 0.1234375 0.5375 0.15625 0.5145828125 0.1640625 0.50625 0.1875 0.49375 0.1875 0.4895828125 0.1796875 0.4875 0.178125 0.4875 0.1703125 0.4875 0.159375 0.49166718749999994
1 0.2515625 0.6395828125 0.2359375 0.6583328125000001 0.2328125 0.66875 0.2234375 0.6854171874999999 0.21875 0.7104171874999999 0.21875 0.725 0.2234375 0.75 0.234375 0.7645828125 0.2359375 0.7729171874999999 0.2453125 0.7854171875 0.2546875 0.7916671875 0.2578125 0.7875 0.2546875 0.775 0.2546875 0.7479171874999999 0.2578125 0.73125 0.265625 0.7104171874999999 0.2765625 0.69375 0.2859375 0.6854171874999999 0.3046875 0.675 0.3203125 0.675 0.325 0.66875 0.328125 0.6479171874999999 0.3203125 0.6375 0.3 0.6291671875 0.2984375 0.6291671875 0.265625 0.63125 0.2515625 0.6395828125
1 0.2328125 0.7645828125 0.2265625 0.7625 0.21875 0.7791671874999999 0.2171875 0.8125 0.2203125 0.8270828124999999 0.2265625 0.8416671875 0.2453125 0.8625 0.2546875 0.8645828124999999 0.2625 0.8395828125 0.2703125 0.8270828124999999 0.271875 0.8208328125 0.2640625 0.8083328125 0.259375 0.7958328125 0.246875 0.7854171875 0.2453125 0.7854171875 0.234375 0.7708328125 0.2328125 0.7645828125
1 0.4390625 0.3791671875 0.428125 0.3875 0.425 0.3875 0.4171875 0.3958328125 0.415625 0.40208281250000005 0.4109375 0.40833281250000003 0.4046875 0.425 0.4 0.44583281250000006 0.4 0.475 0.403125 0.49166718749999994 0.409375 0.50625 0.409375 0.5104171875 0.4171875 0.525 0.440625 0.55 0.45 0.5541671874999999 0.465625 0.5541671874999999 0.4875 0.5479171875 0.5015625 0.5395828125000001 0.515625 0.51875 0.528125 0.48541718749999996 0.528125 0.4583328125 0.5203125 0.42083281250000004 0.5125 0.40625 0.503125 0.3958328125 0.475 0.38125 0.4734375 0.38125 0.471875 0.3791671875 0.4390625 0.3791671875
1 0.5375 0.47708281250000006 0.521875 0.50625 0.5140625 0.5291671874999999 0.5125 0.55625 0.5140625 0.5666671875 0.5203125 0.5854171874999999 0.5265625 0.5958328125000001 0.540625 0.6104171875 0.553125 0.6166671874999999 0.56875 0.6166671874999999 0.5734375 0.6104171875 0.58125 0.5875 0.58125 0.58125 0.584375 0.575 0.5890625 0.5520828125 0.6015625 0.5166671875 0.6046875 0.49583281250000005 0.5875 0.4791671875 0.5546875 0.47083281250000003 0.546875 0.46041718749999994 0.5453125 0.46041718749999994 0.5421875 0.4625 0.5375 0.47708281250000006
5 0.3671875 0.49791718749999997 0.35625 0.5 0.346875 0.5125 0.340625 0.5291671874999999 0.340625 0.5479171875 0.3390625 0.55 0.3421875 0.5854171874999999 0.353125 0.60625 0.3609375 0.6125 0.365625 0.6125 0.3765625 0.60625 0.4 0.60625 0.4046875 0.6041671875 0.4203125 0.6083328125 0.4265625 0.6041671875 0.43125 0.5833328125 0.4359375 0.5729171875 0.4375 0.5520828125 0.409375 0.5145828125 0.396875 0.4791671875 0.3953125 0.48125 0.3828125 0.48541718749999996 0.3671875 0.49791718749999997
5 0.44375 0.2229171875 0.4296875 0.2416671875 0.4265625 0.25 0.4203125 0.2791671875 0.421875 0.28125 0.4203125 0.2833328125 0.4203125 0.29375 0.421875 0.3020828125 0.4265625 0.3104171875 0.4453125 0.3229171875 0.4515625 0.3229171875 0.4671875 0.3291671875 0.49375 0.33125 0.496875 0.325 0.490625 0.3020828125 0.4921875 0.275 0.5015625 0.2541671875 0.51875 0.2375 0.5203125 0.23125 0.5171875 0.2229171875 0.5125 0.21875 0.4921875 0.2083328125 0.490625 0.2083328125 0.4625 0.2104171875 0.44375 0.2229171875
5 0.2734375 0.1604171875 0.265625 0.1916671875 0.265625 0.2145828125 0.2703125 0.23125 0.2984375 0.2666671875 0.3109375 0.26875 0.31875 0.2645828125 0.3203125 0.2583328125 0.3140625 0.2541671875 0.3015625 0.2354171875 0.29375 0.2104171875 0.29375 0.1916671875 0.296875 0.1833328125 0.296875 0.1729171875 0.3046875 0.1416671875 0.3046875 0.1354171875 0.3078125 0.1291671875 0.30625 0.1291671875 0.3046875 0.1291671875 0.290625 0.1375 0.2734375 0.1604171875
5 0.2140625 0.3270828125 0.203125 0.3270828125 0.1828125 0.3375 0.171875 0.3541671875 0.165625 0.36875 0.1625 0.38125 0.1625 0.40416718749999997 0.1734375 0.43541718749999997 0.184375 0.45208281250000004 0.1984375 0.46666718749999997 0.2109375 0.475 0.2375 0.47708281250000006 0.2625 0.46875 0.2734375 0.4583328125 0.2828125 0.43958281250000003 0.2875 0.41458281250000006 0.2875 0.4 0.28125 0.375 0.2625 0.3479171875 0.246875 0.3354171875 0.2296875 0.3270828125 0.228125 0.3270828125 0.215625 0.325 0.2140625 0.3270828125
5 0.3984375 0.8125 0.3875 0.8270828124999999 0.3765625 0.8333328124999999 0.3609375 0.8520828125 0.3484375 0.8916671875000001 0.3484375 0.93125 0.35 0.9333328125 0.35 0.9458328125 0.3546875 0.9625 0.3609375 0.975 0.3796875 0.9979171875 0.434375 0.9979171875 0.4359375 0.9958328125 0.4734375 0.8875 0.478125 0.8666671875 0.478125 0.8583328124999999 0.4703125 0.8416671875 0.45625 0.8229171875000001 0.4421875 0.8125 0.421875 0.80625 0.4203125 0.8083328125 0.409375 0.8083328125 0.3984375 0.8125
0 0.1796875 0.46875 0.1921875 0.48541718749999996 0.2078125 0.48125 0.2109375 0.47708281250000006 0.190625 0.46041718749999994 0.1765625 0.44166718749999995 0.1765625 0.44375 0.1765625 0.4583328125 0.1796875 0.46875
4 0.359375 0.3729171875 0.3546875 0.3729171875 0.3375 0.3875 0.3234375 0.3958328125 0.3125 0.4125 0.3078125 0.425 0.3078125 0.45 0.3125 0.46666718749999997 0.3171875 0.47291718749999995 0.3390625 0.49166718749999994 0.35 0.49791718749999997 0.3578125 0.49791718749999997 0.36875 0.49375 0.3796875 0.48333281250000004 0.390625 0.47708281250000006 0.396875 0.46875 0.396875 0.45208281250000004 0.4 0.43333281250000005 0.4078125 0.41458281250000006 0.4078125 0.41041718749999995 0.4140625 0.4 0.4140625 0.39375 0.39375 0.3708328125 0.3828125 0.3666671875 0.38125 0.36875 0.365625 0.36875 0.359375 0.3729171875
4 0.484375 0.55 0.4703125 0.55625 0.45 0.55625 0.4484375 0.5604171874999999 0.4453125 0.5604171874999999 0.44375 0.5729171875 0.4375 0.5833328125 0.434375 0.5958328125000001 0.4359375 0.6104171875 0.44375 0.6208328125 0.459375 0.65625 0.4625 0.65625 0.4640625 0.6520828125 0.490625 0.65 0.49375 0.6416671875 0.4984375 0.6375 0.5015625 0.6270828125000001 0.5078125 0.6229171874999999 0.5125 0.6083328125 0.5140625 0.5791671875 0.5125 0.5770828125 0.5109375 0.55625 0.5046875 0.5416671875 0.503125 0.54375 0.496875 0.5479171875 0.484375 0.55
4 0.521875 0.6270828125000001 0.5046875 0.6354171875 0.49375 0.65 0.4890625 0.6645828125000001 0.490625 0.7041671875 0.49375 0.7125 0.5078125 0.7333328125 0.5171875 0.74375 0.521875 0.7458328125 0.5375 0.7104171874999999 0.55 0.6895828125000001 0.559375 0.6604171875 0.559375 0.65 0.553125 0.6416671875 0.5328125 0.6291671875 0.53125 0.6291671875 0.5296875 0.6270828125000001 0.521875 0.6270828125000001
4 0.26875 0.5125 0.2578125 0.5270828125 0.2453125 0.55625 0.24375 0.5708328125000001 0.2484375 0.5875 0.25 0.6020828125000001 0.2671875 0.6229171874999999 0.2875 0.6229171874999999 0.290625 0.6208328125 0.29375 0.6229171874999999 0.3015625 0.6208328125 0.30625 0.6166671874999999 0.315625 0.5979171875 0.3203125 0.59375 0.3265625 0.5770828125 0.328125 0.5666671875 0.325 0.5541671874999999 0.325 0.5333328125000001 0.30625 0.50625 0.2890625 0.49791718749999997 0.2875 0.5 0.278125 0.5041671875 0.26875 0.5125
4 0.5015625 0.25625 0.4921875 0.28125 0.4921875 0.30625 0.5 0.33125 0.5046875 0.3375 0.521875 0.3520828125 0.5359375 0.3541671875 0.5546875 0.3291671875 0.58125 0.3104171875 0.584375 0.2958328125 0.578125 0.2791671875 0.5578125 0.2520828125 0.553125 0.2479171875 0.534375 0.24375 0.528125 0.2395828125 0.5265625 0.2395828125 0.5109375 0.2458328125 0.5015625 0.25625
3 0.365625 0.3666671875 0.3859375 0.3645828125 0.390625 0.3666671875 0.4140625 0.3895828125 0.4203125 0.3895828125 0.4375 0.3770828125 0.471875 0.3770828125 0.4875 0.3875 0.5046875 0.39375 0.515625 0.40625 0.525 0.42291718749999996 0.5296875 0.42291718749999996 0.528125 0.3854171875 0.5328125 0.3666671875 0.53125 0.3583328125 0.5171875 0.3520828125 0.496875 0.3333328125 0.4671875 0.33125 0.4390625 0.3229171875 0.4265625 0.3145828125 0.4140625 0.3020828125 0.3984375 0.28125 0.390625 0.275 0.371875 0.2729171875 0.3671875 0.275 0.365625 0.2729171875 0.35 0.2729171875 0.336234375 0.2692453125 0.3484375 0.2895828125 0.346875 0.2916671875 0.346875 0.3125 0.35 0.3291671875 0.3625 0.3645828125 0.365625 0.3666671875
3 0.075 0.6958328125000001 0.075 0.6916671875 0.084375 0.6770828125 0.0984375 0.6583328125000001 0.1140625 0.64375 0.1296875 0.6333328125000001 0.134375 0.6333328125000001 0.1453125 0.6270828125000001 0.2171875 0.5708328125000001 0.2421875 0.55625 0.246875 0.55 0.25625 0.5270828125 0.26875 0.5104171875 0.2859375 0.49583281250000005 0.2765625 0.47291718749999995 0.26875 0.46875 0.246875 0.4791671875 0.21875 0.4791671875 0.1875 0.49375 0.1640625 0.5083328125000001 0.128125 0.5375 0.121875 0.5395828125000001 0.0875 0.575 0.0734375 0.59375 0.0640625 0.6125 0.0625 0.6291671875 0.06875 0.65625 0.059375 0.675 0.0578125 0.6916671875 0.059375 0.6979171875 0.0640625 0.7041671875 0.065625 0.7041671875 0.0703125 0.7041671875 0.075 0.6958328125000001
