3 0.421875 0.6229171874999999 0.434375 0.68125 0.4375 0.7708328125 0.4609375 0.8395828125 0.45625 0.95625 0.4859375 0.9875 0.4984375 0.99375 0.509375 0.9895828124999999 0.515625 0.9729171875 0.50625 0.9208328124999999 0.5140625 0.8375 0.5421875 0.79375 0.55625 0.74375 0.546875 0.6979171875 0.546875 0.61875 0.5421875 0.6 0.4953125 0.5520828125 0.4703125 0.4875 0.415625 0.44375 0.396875 0.43958281250000003 0.3578125 0.46458281250000005 0.3078125 0.4625 0.2796875 0.49791718749999997 0.2796875 0.51875 0.2890625 0.5291671874999999 0.378125 0.55625 0.421875 0.6229171874999999
3 0.4171875 0.0 0.3875 0.08125 0.34375 0.1541671875 0.3421875 0.1604171875 0.38125 0.11875 0.43125 0.1229171875 0.4328125 0.06875 0.4609375 0.0 0.4171875 0.0
2 0.815625 0.575 0.8671875 0.5958328125000001 0.9109375 0.5958328125000001 0.9734375 0.5666671875 0.99375 0.5395828125000001 0.99375 0.51875 0.9796875 0.47708281250000006 0.915625 0.325 0.8796875 0.25625 0.85625 0.2583328125 0.8 0.2979171875 0.7671875 0.3479171875 0.7546875 0.3895828125 0.753125 0.43333281250000005 0.76875 0.5020828125000001 0.7875 0.5416671875 0.815625 0.575
0 0.5859375 0.9979171875 0.6265625 0.9958328125 0.665625 0.9625 0.6796875 0.9354171875 0.684375 0.89375 0.6609375 0.8354171875 0.6109375 0.81875 0.5609375 0.76875 0.553125 0.7729171874999999 0.5171875 0.8375 0.5171875 0.89375 0.5375 0.95 0.5546875 0.9770828125 0.5859375 0.9979171875
0 0.8453125 0.95625 0.8828125 0.95625 0.9171875 0.9354171875 0.875 0.8520828125 0.85625 0.7833328125000001 0.8546875 0.7125 0.8609375 0.6833328125 0.8859375 0.625 0.8421875 0.6208328125 0.7890625 0.6458328125 0.7703125 0.6729171875 0.7515625 0.7458328125 0.75 0.8020828124999999 0.7578125 0.8520828125 0.79375 0.9208328124999999 0.8453125 0.95625
0 0.6609375 0.6708328125 0.6984375 0.6770828125 0.753125 0.65 0.778125 0.6208328125 0.8015625 0.5729171875 0.8 0.5583328125 0.7734375 0.51875 0.7578125 0.47291718749999995 0.75 0.43333281250000005 0.7546875 0.3645828125 0.7328125 0.3520828125 0.6640625 0.3395828125 0.6328125 0.3520828125 0.596875 0.39375 0.5828125 0.425 0.56875 0.48541718749999996 0.56875 0.575 0.584375 0.6166671874999999 0.615625 0.65 0.6609375 0.6708328125
0 0.253125 0.0 0.24375 0.00625 0.21875 0.029167187500000004 0.1875 0.08125 0.184375 0.1125 0.20625 0.1854171875 0.2296875 0.21875 0.259375 0.2354171875 0.3125 0.2270828125 0.365625 0.1104171875 0.3640625 0.09375 0.3046875 0.0 0.253125 0.0
0 0.4890625 0.43333281250000005 0.540625 0.38125 0.5921875 0.3729171875 0.5765625 0.3104171875 0.58125 0.2583328125 0.55625 0.26875 0.5015625 0.2625 0.475 0.3354171875 0.446875 0.36875 0.45625 0.3979171875 0.4890625 0.43333281250000005
0 0.3921875 0.64375 0.4203125 0.6354171875 0.403125 0.5895828125 0.3828125 0.5625 0.3671875 0.5520828125 0.328125 0.5458328125 0.3265625 0.5604171874999999 0.34375 0.6083328125 0.3578125 0.6291671875 0.3921875 0.64375
5 0.3046875 0.4583328125 0.3484375 0.4625 0.36875 0.45625 0.396875 0.43541718749999997 0.421875 0.3895828125 0.4203125 0.3708328125 0.371875 0.35 0.346875 0.3166671875 0.3234375 0.26875 0.3171875 0.2354171875 0.3 0.2375 0.28125 0.25625 0.2484375 0.3270828125 0.246875 0.3604171875 0.259375 0.40625 0.2765625 0.43541718749999997 0.3046875 0.4583328125
5 0.3875 0.0770828125 0.415625 0.0 0.3203125 0.0041671875 0.3515625 0.075 0.375 0.09375 0.3875 0.0770828125
5 0.6265625 0.3541671875 0.659375 0.3375 0.7296875 0.3479171875 0.7578125 0.3604171875 0.7921875 0.3 0.778125 0.2166671875 0.7265625 0.2125 0.6671875 0.1625 0.65 0.1729171875 0.6234375 0.2166671875 0.5890625 0.25 0.5828125 0.26875 0.5828125 0.3416671875 0.5921875 0.3666671875 0.603125 0.3770828125 0.6265625 0.3541671875
5 0.9984375 0.9833328124999999 0.9984375 0.5791671875 0.9515625 0.5833328125 0.903125 0.6125 0.875 0.6541671874999999 0.8578125 0.7166671874999999 0.8625 0.8 0.890625 0.88125 0.93125 0.9395828125 0.9984375 0.9833328124999999
4 0.403125 0.3666671875 0.425 0.3708328125 0.45625 0.35625 0.4828125 0.3145828125 0.4984375 0.2625 0.45 0.1875 0.43125 0.13125 0.4140625 0.1208328125 0.3875 0.11875 0.365625 0.13125 0.3203125 0.2145828125 0.325 0.2666671875 0.346875 0.3125 0.371875 0.3479171875 0.403125 0.3666671875
4 0.565625 0.58125 0.5671875 0.48333281250000004 0.59375 0.3895828125 0.578125 0.3791671875 0.5546875 0.3791671875 0.53125 0.3895828125 0.4921875 0.43958281250000003 0.484375 0.46875 0.4859375 0.525 0.49375 0.54375 0.5375 0.5833328125 0.565625 0.58125
1 0.4640625 0.0 0.4453125 0.033332812499999996 0.434375 0.0708328125 0.4328125 0.125 0.45 0.1833328125 0.4828125 0.2375 0.515625 0.2625 0.55 0.2666671875 0.5796875 0.2541671875 0.6171875 0.21875 0.6578125 0.15 0.6390625 0.0666671875 0.64375 0.0 0.4640625 0.0
1 0.65 0.0 0.646875 0.0083328125 0.6453125 0.0791671875 0.653125 0.125 0.6640625 0.1520828125 0.696875 0.1895828125 0.7390625 0.2145828125 0.7703125 0.2145828125 0.796875 0.20625 0.8375 0.1770828125 0.8390625 0.1625 0.8171875 0.0895828125 0.7828125 0.0 0.65 0.0
1 0.6390625 0.8270828124999999 0.6609375 0.8291671875000001 0.6984375 0.8041671875 0.7078125 0.7895828125000001 0.728125 0.7895828125000001 0.74375 0.775 0.75625 0.7041671875 0.753125 0.6583328125000001 0.7078125 0.6791671874999999 0.64375 0.6666671875 0.5984375 0.6375 0.5734375 0.5958328125000001 0.5625 0.6020828125000001 0.55 0.6354171875 0.5484375 0.6895828125000001 0.559375 0.7583328125000001 0.60625 0.8104171875 0.6390625 0.8270828124999999
1 0.7796875 0.9104171875 0.75625 0.8520828125 0.74375 0.78125 0.665625 0.8291671875000001 0.6765625 0.875 0.7015625 0.9083328125 0.7375 0.9229171875000001 0.7796875 0.9104171875
1 0.515625 0.9166671875000001 0.515625 0.9354171875 0.5328125 0.9479171875000001 0.525 0.925 0.515625 0.9166671875000001
1 0.4421875 0.8020828124999999 0.434375 0.7625 0.4265625 0.6458328125 0.4140625 0.6479171874999999 0.4015625 0.6729171875 0.4015625 0.7208328125000001 0.409375 0.7583328125000001 0.4203125 0.78125 0.4421875 0.8020828124999999
1 0.2828125 0.48541718749999996 0.3015625 0.46041718749999994 0.2859375 0.4479171875 0.2578125 0.40208281250000005 0.246875 0.3479171875 0.2359375 0.3666671875 0.2359375 0.40625 0.24375 0.44375 0.2671875 0.4791671875 0.2828125 0.48541718749999996
