2 0.3041125 0.6771484375 0.315878125 0.6969000000000001 0.3503328125 0.6973828125 0.3563046875 0.6999265625 0.3630203125 0.6962375 0.367684375 0.6965859375 0.38963281250000004 0.683553125 0.4092828125 0.6766390624999999 0.4180484375 0.6689093749999999 0.429221875 0.6278140624999999 0.4269671875 0.5940984375 0.42092656249999993 0.5789703125 0.4049921875 0.5547140625 0.39354374999999997 0.5454703125 0.38576875 0.5448875 0.3769359375 0.5400328125 0.3751328125 0.5419953125 0.3642484375 0.5411796875 0.3513140625 0.5444046874999999 0.3378828125 0.551784375 0.33166406249999997 0.55131875 0.329365625 0.5574375 0.32420625 0.56124375 0.312646875 0.579246875 0.30395 0.5995625 0.3002328125 0.6307328125 0.3041125 0.6771484375
0 0.2420953125 0.657828125 0.256721875 0.6798890625 0.262446875 0.6845109375 0.2805421875 0.6774796875 0.3007546875 0.67899375 0.3025578125 0.6770328125 0.3014296875 0.660175 0.2982515625 0.6473578125 0.3026421875 0.5973671875 0.3131421875 0.575090625 0.3278109375 0.5573203125 0.32830625 0.5531640624999999 0.31996718749999997 0.544153125 0.3046671875 0.5409109375 0.303359375 0.538715625 0.3018046875 0.5386 0.2813421875 0.5391640625 0.2715171875 0.542621875 0.26275312500000003 0.5503515625000001 0.2589 0.556353125 0.2556109375 0.5707828125 0.2497078125 0.5808234375 0.24312968750000002 0.6096828125 0.239028125 0.6177625 0.2373625 0.64489375 0.2420953125 0.657828125
0 0.6675390625000001 0.48422187499999997 0.6823453125000001 0.491621875 0.69379375 0.500865625 0.699021875 0.5096437500000001 0.707609375 0.5165765625 0.7112140625000001 0.512653125 0.71563125 0.5150796875 0.7189890625 0.513234375 0.738321875 0.49581406250000004 0.760021875 0.484859375 0.76748125 0.474934375 0.768471875 0.46662187499999996 0.774621875 0.454503125 0.7733156250000001 0.452309375 0.775228125 0.4231 0.7683765625000001 0.40162031249999997 0.7529390625 0.3732078125 0.7401828125 0.36177031249999997 0.72979375 0.3567984375 0.7282390624999999 0.3566828125 0.706221875 0.35712968749999996 0.6948421875 0.3604703125 0.686325 0.3661234375 0.6719046875 0.381815625 0.6641984375 0.39381875 0.653203125 0.42024999999999996 0.6515375 0.44738125 0.6534078125 0.4580046875 0.6583890625000001 0.4688609375 0.6675390625000001 0.48422187499999997
0 0.31605625000000004 0.6822359375 0.22742656249999998 0.6755984374999999 0.217021875 0.7628765625 0.3056515625 0.769515625 0.31605625000000004 0.6822359375
5 0.3477875 0.7055796875 0.348034375 0.7035015625 0.314075 0.6988609375 0.31227187500000003 0.700821875 0.2949203125 0.7016203125 0.255125 0.71960625 0.2427546875 0.7312593749999999 0.2378421875 0.7329875 0.23759375 0.7350656250000001 0.22342187500000002 0.7486796874999999 0.222678125 0.7549140624999999 0.2190734375 0.7588375 0.22168749999999998 0.7632265625 0.22348906249999997 0.761265625 0.23126406249999998 0.761846875 0.3059421875 0.7276046875 0.321175 0.7182625 0.3325546875 0.714921875 0.3477875 0.7055796875
0 0.49346875 0.62843125 0.4786625 0.6210328125 0.4771078125 0.6209171875 0.45067500000000005 0.6189375 0.432828125 0.623890625 0.42773593749999994 0.6402812499999999 0.42625 0.6527499999999999 0.42214843750000003 0.6608296874999999 0.4211578125 0.6691421875 0.42426718750000003 0.6693749999999999 0.492478125 0.63674375 0.494528125 0.6327046875 0.49346875 0.62843125
0 0.5497359375 0.5907140625 0.5481812500000001 0.590596875 0.5390296875 0.5752359375 0.5350406249999999 0.5560671875 0.5334859375 0.5559515625 0.51570625 0.5734890625 0.514715625 0.5818015625 0.5205078125 0.5990078125 0.5347500000000001 0.597978125 0.5430203125 0.594403125 0.5539046875 0.59521875 0.5497359375 0.5907140625
5 0.497475 0.55535 0.5099828125 0.5688671875 0.5162015625 0.5693328125 0.530375 0.5557171875 0.532921875 0.5475218749999999 0.5316140625 0.5453281249999999 0.5350828125 0.516234375 0.54353125 0.4979984375 0.564915625 0.47653749999999995 0.55961875 0.45517343749999994 0.550715625 0.43773437499999995 0.5348499999999999 0.42606406249999995 0.5332953125000001 0.425946875 0.5193015625 0.4248984375 0.503009375 0.42996875 0.49293750000000003 0.43550468750000004 0.48031875 0.4492359375 0.471621875 0.46955 0.468153125 0.49864218749999994 0.47090468750000003 0.5282015624999999 0.4782515625 0.545525 0.483728125 0.552225 0.497475 0.55535
5 0.5567671875 0.5975296875 0.5347500000000001 0.597978125 0.5182109374999999 0.6051249999999999 0.5027296875 0.6165453125 0.495271875 0.6264703125 0.4976375 0.6329374999999999 0.5038578125 0.633403125 0.5666609375 0.6066578125000001 0.56715625 0.6025015625 0.5583218750000001 0.597646875 0.5567671875 0.5975296875
5 0.637253125 0.48824375 0.6385609375 0.49043906249999997 0.6478890625 0.49113749999999995 0.6592703125 0.487796875 0.66704375 0.488378125 0.6544671875 0.462278125 0.642096875 0.47393124999999997 0.6377484375 0.48408749999999995 0.63905625 0.4862828125 0.637253125 0.48824375
5 0.7608343750000001 0.49120937500000006 0.7592796875000001 0.49109375 0.7515046875 0.4905109375 0.7293093749999999 0.505621875 0.711034375 0.5273156250000001 0.711846875 0.533665625 0.71495625 0.5338984375 0.7332984375 0.5247890625 0.737646875 0.5146328125 0.7484625 0.5028625 0.7603390625 0.495365625 0.7608343750000001 0.49120937500000006
3 0.668103125 0.49265156250000003 0.6782453125 0.4997 0.68895 0.515178125 0.697784375 0.5200328125 0.6959125 0.5094109375 0.6919906250000001 0.5028265625 0.684959375 0.4960109375 0.673015625 0.490921875 0.6714609375 0.49080625 0.668103125 0.49265156250000003
3 0.3347734375 0.5515515625 0.3445984375 0.5480953125 0.3515609375 0.5423265625 0.362940625 0.5389859375 0.3937921875 0.5433921875000001 0.40940937499999996 0.5571421875 0.42354062499999995 0.583359375 0.4279578125 0.5857859375000001 0.45269843749999994 0.5624796875 0.4803703125 0.5540703125 0.47227968750000004 0.54298125 0.4488875 0.5286484375 0.4473328125 0.5285328125000001 0.43408281249999997 0.52125 0.41100624999999996 0.517425 0.4096984375 0.51523125 0.3708265625 0.5123203125 0.34986875 0.517040625 0.3346359375 0.5263828125 0.322265625 0.5380359375 0.3217703125 0.5421921875 0.324384375 0.54658125 0.3347734375 0.5515515625
2 0.7869515625 0.48268281249999995 0.7750765625 0.49017968749999996 0.762140625 0.4934046875 0.741253125 0.510709375 0.7410046875 0.5127875000000001 0.7351015624999999 0.522828125 0.736409375 0.5250234375 0.743371875 0.5192546874999999 0.7547515625 0.5159140625 0.7583562500000001 0.5119906249999999 0.7663796875 0.51049375 0.8128890625 0.48881874999999997 0.8229625 0.4832828125 0.8234578125 0.4791265625 0.7869515625 0.48268281249999995
1 0.6100609375 0.5847484374999999 0.6131703125 0.58498125 0.6384765625 0.5701031249999999 0.6632859375 0.55938125 0.6818765625000001 0.5481953125000001 0.6898984375 0.5466984375 0.70513125 0.53735625 0.7056265625 0.5332 0.7030125 0.5288109375000001 0.6873953125 0.5150625 0.6753828125 0.49738906250000003 0.668103125 0.49265156250000003 0.6665484375 0.49253437499999997 0.6556640625 0.49172031250000003 0.633153125 0.49632343749999996 0.61095625 0.511434375 0.591128125 0.5330125 0.5790734375000001 0.555171875 0.5714359375 0.579759375 0.5705140625 0.60065625 0.5767328125 0.601121875 0.599740625 0.5923625 0.6100609375 0.5847484374999999
1 0.59961875 0.47494218750000006 0.620396875 0.4848859375 0.630290625 0.4940125 0.6336484375 0.49216718750000005 0.6346390625 0.48385468749999994 0.628778125 0.4540640625 0.6198750000000001 0.43662343750000004 0.6013953125 0.4205640625 0.599840625 0.420446875 0.5845390625 0.41720468750000006 0.578071875 0.4188171875 0.5543218750000001 0.4338109375 0.5522703124999999 0.4378515625 0.5533296875 0.4421234375 0.563540625 0.4617578125 0.5654109375 0.47238125000000003 0.572690625 0.47711875 0.5871796875 0.4740109375 0.59961875 0.47494218750000006
4 0.47424687499999996 0.61860625 0.47555312499999997 0.6208 0.4939640625 0.624275 0.5065828125 0.6105437499999999 0.5114953125 0.608815625 0.516903125 0.6029312499999999 0.5192015624999999 0.5968125 0.513409375 0.57960625 0.5029515625000001 0.5620499999999999 0.4941171875 0.5571953125 0.4925625 0.5570796875 0.481678125 0.5562640625 0.47340781249999997 0.5598375 0.4671890625 0.559371875 0.44909375 0.566403125 0.42951249999999996 0.585903125 0.4282734375 0.59629375 0.4333234375 0.619734375 0.45067500000000005 0.6189375 0.452478125 0.6169749999999999 0.47424687499999996 0.61860625
4 0.5706234375 0.5734078125 0.57956875 0.551015625 0.591375 0.530934375 0.6181671875 0.5035875 0.6264375 0.5000140625 0.6269328125 0.4958578125 0.6230109374999999 0.489275 0.599371875 0.4770203125 0.5978171875 0.4769046875 0.567778125 0.47884843750000006 0.559259375 0.4845 0.5466421875 0.49823125 0.5363890625 0.5184296875000001 0.5344765625 0.5476390624999999 0.5416453125 0.579625 0.548428125 0.58851875 0.5647890624999999 0.596034375 0.568890625 0.5879546875 0.5706234375 0.5734078125
4 0.8273109375000001 0.473125 0.814059375 0.46584375 0.8125046875 0.4657265625 0.7891812500000001 0.4639796875 0.7775531250000001 0.46939843750000004 0.7644390624999999 0.4872859375 0.7639437499999999 0.4914421875 0.767053125 0.49167500000000003 0.788753125 0.4807203125 0.796528125 0.481303125 0.806353125 0.47784531250000006 0.8234578125 0.4791265625 0.8273109375000001 0.473125
