2 0.42110156249999997 0.3049484375 0.37878124999999996 0.31441718750000003 0.36764375 0.32382187500000004 0.3642015625 0.341025 0.35746875 0.3472921875 0.354646875 0.356678125 0.360015625 0.367609375 0.42697812500000004 0.4143671875 0.43895625000000005 0.4205953125 0.45974375 0.42055156250000003 0.4812765625 0.411125 0.5031796875000001 0.397009375 0.5061265625 0.386059375 0.5106546875 0.3813609375 0.5107796875 0.379796875 0.5133546875 0.37353749999999997 0.5113984375 0.371978125 0.5122671875 0.361034375 0.5089765625 0.35009843749999997 0.499821875 0.334484375 0.4862609375 0.32200625 0.4723296875 0.31421875 0.4599796875 0.31268281249999996 0.4398109375 0.3049078125 0.42110156249999997 0.3049484375
2 0.1918109375 0.31325 0.1809203125 0.3195265625 0.1738171875 0.330484375 0.1734453125 0.3351765625 0.1641375 0.3477015625 0.18638593750000002 0.355471875 0.20618281249999998 0.36793593750000003 0.2226609375 0.39604062500000003 0.2209265625 0.41792968750000004 0.22483593750000003 0.4210484375 0.2330265625 0.42259531250000004 0.2455 0.42256875000000005 0.26104375 0.410028125 0.26851875000000003 0.39437968749999996 0.2799046875 0.38184999999999997 0.2928734375 0.37556875 0.3055953125 0.37241562500000003 0.30571875 0.3708515625 0.30633750000000004 0.363034375 0.3012171875 0.348975 0.272265625 0.32089687499999997 0.2522203125 0.31155937499999997 0.2379171875 0.3084625 0.2357140625 0.31003125 0.223240625 0.31005781250000003 0.214678125 0.31320156250000003 0.1960921875 0.311678125 0.1918109375 0.31325
2 0.0 0.5511703125 0.012654687500000001 0.5543796875 0.029285937499999998 0.5543437499999999 0.0440859375 0.5511859375 0.0817515625 0.5479796875 0.099003125 0.5401265625 0.11882656250000001 0.5260140625 0.128134375 0.5134890624999999 0.1334078125 0.4994078125 0.13353125 0.49784375000000003 0.1351421875 0.4775171875 0.1319765625 0.46501875000000004 0.115125 0.44160468750000004 0.10730625 0.4353671875 0.07919375 0.42292031249999995 0.06488906250000001 0.419825 0.056946874999999994 0.4151515625 0.04251875 0.41361875000000003 0.022225 0.40740781249999997 0.0 0.40856562500000004 0.0 0.5511703125
4 0.3162890625 0.552171875 0.31213125 0.5521812500000001 0.28129218749999996 0.5741328125 0.2743125 0.5835281250000001 0.26854374999999997 0.6038625 0.282103125 0.6163406250000001 0.31167500000000004 0.6365999999999999 0.3177875 0.6381515624999999 0.3448125 0.63809375 0.3723328125 0.6317828125 0.38530156249999997 0.6255015625 0.389459375 0.6254921875 0.4047546875 0.6160812499999999 0.4227484375 0.5988453125000001 0.42287187499999995 0.5972828125 0.4299765625 0.586325 0.4310921875 0.5722515625 0.4219375 0.5566390625000001 0.4022640625 0.5426109375 0.38184687500000003 0.5379640625000001 0.37548750000000003 0.539540625 0.37353281250000003 0.53798125 0.3548234375 0.5380203125 0.331459375 0.5443234375 0.3162890625 0.552171875
4 0.3861296875 0.5363921875 0.40642187500000004 0.5426015625 0.4278015625 0.561315625 0.434878125 0.576934375 0.43438125000000005 0.5831890625 0.42740156249999994 0.5925828125 0.42457968749999997 0.6019687499999999 0.432275 0.60976875 0.436309375 0.6113234375000001 0.44266875 0.609746875 0.46860625 0.5971859375 0.47093281249999996 0.5940546875 0.47729375 0.5924765625 0.4839015625 0.5877734375 0.4886796875 0.579946875 0.488803125 0.5783828125 0.4983578125 0.5627296875 0.49447656249999994 0.5330359375 0.48678125000000005 0.5252343749999999 0.4628265625 0.5127796874999999 0.44045468750000005 0.5065734375 0.43006093749999996 0.5065953125 0.4152609375 0.509753125 0.3978859375 0.5191703125 0.3865015625 0.5317000000000001 0.3861296875 0.5363921875
4 0.10065781250000001 0.36190625 0.0934296875 0.374428125 0.09929375 0.37910625 0.13646562499999998 0.382153125 0.162375 0.39616875 0.177890625 0.4102046875 0.185090625 0.424259375 0.1844703125 0.432078125 0.1881328125 0.43832343749999997 0.19865 0.4367375 0.2094171875 0.432025 0.2162734375 0.42419375 0.216396875 0.4226296875 0.2186 0.4210625 0.22070625000000002 0.39448125 0.20947187500000003 0.378871875 0.2097203125 0.3757453125 0.196284375 0.361703125 0.17220625 0.35081093750000003 0.158025 0.3461515625 0.1287984375 0.3477765625 0.10946875 0.355634375 0.10065781250000001 0.36190625
4 0.0137421875 0.5668828125 0.0349984375 0.5871609375 0.11697968750000001 0.654209375 0.12309218749999999 0.6557593749999999 0.1297015625 0.65105625 0.14133437499999998 0.6353984374999999 0.1414578125 0.633834375 0.146359375 0.6244453125 0.1472265625 0.6134999999999999 0.14406093749999999 0.601 0.13735625 0.580690625 0.12404375000000001 0.5650859374999999 0.08981875 0.5510890625 0.06487343749999999 0.5511421875 0.0248796875 0.5574796875 0.013990625000000001 0.56375625 0.0137421875 0.5668828125
4 0.255990625 0.447559375 0.2561140625 0.4459953125 0.252328125 0.44131406249999994 0.23020468749999998 0.4319796875 0.211371875 0.433584375 0.1855578125 0.44458125 0.1827359375 0.4539671875 0.21649218750000002 0.44764218749999996 0.2352015625 0.447603125 0.2374046875 0.446034375 0.23935937499999999 0.44759374999999996 0.255990625 0.447559375
0 0.5380359375 0.5079296875 0.5514718750000001 0.521971875 0.558796875 0.5344625 0.5618390625 0.5485249999999999 0.5714890625 0.557884375 0.5861640625 0.556290625 0.5926484375000001 0.55315 0.624328125 0.5468296875 0.6557578125 0.5436359375 0.6713015625 0.531096875 0.68073125 0.5170078124999999 0.6808562499999999 0.51544375 0.6846703125 0.49355000000000004 0.6813796875 0.4826125 0.6540109375000001 0.46078437499999997 0.6398312500000001 0.456125 0.6107265625 0.45618749999999997 0.5874875 0.46092656249999997 0.568159375 0.46878281250000003 0.5484578124999999 0.48133125000000004 0.5416015625 0.48916250000000006 0.5380359375 0.5079296875
0 0.28846875 0.3787046875 0.2752515625 0.38811249999999997 0.26789999999999997 0.40219843749999995 0.2518609375 0.4209921875 0.251365625 0.42724531250000003 0.2583171875 0.4444265625 0.29046249999999996 0.45842968749999996 0.3040234375 0.47090624999999997 0.311346875 0.48339687500000006 0.31525625 0.486515625 0.3234484375 0.4880625 0.3338421875 0.48803906250000006 0.34814687499999997 0.4911359375 0.3756671875 0.484825 0.3864328125 0.4801125 0.4062578125 0.466 0.4132375 0.45660468749999994 0.4133625 0.4550421875 0.420465625 0.444084375 0.42207656250000003 0.4237578125 0.4187875 0.41282031249999995 0.41109062500000004 0.40502031250000003 0.37748593750000003 0.38320625 0.37565468750000003 0.3800828125 0.3576890625 0.370740625 0.3161125 0.3708296875 0.2989859375 0.37711875 0.28846875 0.3787046875
0 0.303028125 0.719475 0.28614843749999996 0.7226359375 0.25838125 0.732075 0.2451640625 0.7414828124999999 0.2379359375 0.7540046874999999 0.3742828125 0.8694000000000001 0.378565625 0.867828125 0.38995 0.855296875 0.42056875 0.809896875 0.42069375000000003 0.8083328125 0.42534687499999996 0.8020703125 0.4284171875 0.7895578125 0.42646249999999997 0.7879984375 0.4273296875 0.777053125 0.41683906249999997 0.7520625 0.3952125 0.736475 0.369178125 0.7240234375 0.36294218749999996 0.7240375 0.350840625 0.7193734375 0.303028125 0.719475
0 0.38447343749999996 0.7146109375 0.40380312500000004 0.7067546874999999 0.419221875 0.695778125 0.42828125000000006 0.6863796875 0.43330624999999995 0.6754249999999999 0.43516562499999994 0.651971875 0.4425171875 0.6378874999999999 0.442640625 0.6363234375 0.43398281250000004 0.6144546875 0.4201734375 0.6051046875 0.3893359375 0.62705625 0.35520625 0.638071875 0.3362484375 0.6412390625 0.31961875 0.6412734375 0.31949375 0.6428375 0.346834375 0.6912421875 0.3513359375 0.71311875 0.38447343749999996 0.7146109375
5 0.2900671875 0.2536375 0.2763546875 0.2692984375 0.2687546875 0.2865109375 0.26751562500000003 0.302146875 0.27080625 0.3130828125 0.280084375 0.32713281250000004 0.2975546875 0.3427296875 0.3054984375 0.347403125 0.3220046875 0.34893125 0.32799375 0.3520453125 0.342421875 0.35357812499999997 0.3487828125 0.352 0.36224687499999997 0.339465625 0.3631140625 0.32852031249999997 0.368015625 0.3191296875 0.3768265625 0.3128578125 0.391503125 0.3112640625 0.40226875 0.30655156250000004 0.414865625 0.30496093750000003 0.421596875 0.29869375 0.41964218750000004 0.297134375 0.42100625 0.2799359375 0.41783906249999997 0.2674359375 0.40843749999999995 0.2549484375 0.3927984375 0.2424765625 0.37470781249999996 0.2346984375 0.35624687499999996 0.2316109375 0.33961562500000003 0.23164531249999998 0.33313125 0.2347859375 0.320534375 0.2363765625 0.2900671875 0.2536375
5 0.375390625 0.514528125 0.3598765625 0.5004906250000001 0.343865625 0.49270781250000006 0.3172125 0.488075 0.315009375 0.48964375000000004 0.3195109375 0.5115203125 0.317528125 0.5365375 0.3103 0.5490578125 0.31225468749999996 0.5506171875 0.34650781249999996 0.5380390625 0.37365624999999997 0.5364171875 0.377690625 0.537971875 0.3820953125 0.5348359375 0.38246718749999997 0.5301453125 0.375390625 0.514528125
5 0.133859375 0.651046875 0.129453125 0.6541828125 0.12663125 0.66356875 0.214353125 0.7368578125 0.22046562500000003 0.738409375 0.22524375000000002 0.7305828125 0.2253671875 0.72901875 0.2272265625 0.705565625 0.22551875 0.700878125 0.2142859375 0.6852703124999999 0.196690625 0.6712374999999999 0.17469218749999998 0.660340625 0.1684546875 0.660353125 0.15843281250000002 0.6556859375 0.152196875 0.6556984375 0.138015625 0.6510390625 0.133859375 0.651046875
5 0.49488750000000004 0.606509375 0.462465625 0.6222109375 0.44679843750000003 0.6363140625 0.43969531249999994 0.647271875 0.4352609375 0.676984375 0.4420890625 0.6957296875 0.44770625 0.703534375 0.46713125 0.7206890625 0.4932890625 0.731578125 0.5057609375000001 0.7315515625 0.5179875 0.7346515625000001 0.54305625 0.7330359375 0.56654375 0.72516875 0.584165625 0.712625 0.595428125 0.7016578124999999 0.60510625 0.6844406249999999 0.6052296875 0.682878125 0.6083000000000001 0.6703640625 0.606840625 0.6625515625 0.5962265625 0.639125 0.5867 0.6282015624999999 0.5631171875 0.6110546875 0.542825 0.6048453125 0.5324312499999999 0.6048671875 0.5304765625 0.6033078125 0.5159234374999999 0.6033390625 0.49488750000000004 0.606509375
5 0.37819375 0.87251875 0.39553906250000004 0.889678125 0.430728125 0.91774375 0.436840625 0.9192937499999999 0.4391671875 0.9161625000000001 0.43929062500000005 0.9145984374999999 0.44189375000000003 0.8817640625 0.4401859375 0.877078125 0.4329859375 0.8630234375000001 0.423459375 0.8521000000000001 0.4078203125 0.8396265625 0.4036625 0.8396359375 0.39925781250000003 0.8427718750000001 0.3920296875 0.8552937500000001 0.378440625 0.8693921874999999 0.37819375 0.87251875
1 0.4909625 0.734709375 0.45525000000000004 0.739475 0.4403265625 0.744196875 0.42503124999999997 0.7536078125000001 0.4240390625 0.7661171875 0.4295328125 0.775484375 0.43024843749999997 0.7926796875 0.4280453125 0.7942484375000001 0.4273015625 0.8036296875 0.4107671875 0.8286765624999999 0.410146875 0.8364953125 0.431403125 0.8567734375 0.44338125 0.8630015625 0.46367343749999995 0.8692109374999999 0.5113624999999999 0.8706734375 0.5198015625 0.8690921875000001 0.541209375 0.8612296875000001 0.5566296875 0.8502546875 0.5680140625 0.8377234375 0.5707125 0.8299015624999999 0.5687578125 0.8283421875 0.56940625 0.7939484375 0.571609375 0.7923796875 0.5735921875 0.7673625000000001 0.568221875 0.75643125 0.5585718749999999 0.7470718749999999 0.55038125 0.7455265625 0.5464703125 0.7424078125 0.523975 0.737765625 0.49291718749999996 0.73626875 0.4909625 0.734709375
1 0.4281890625 0.4253078125 0.424871875 0.4409484375 0.41519218750000003 0.4581640625 0.3904671875 0.4816671875 0.38997031249999997 0.4879203125 0.393384375 0.49729375 0.40499062500000005 0.5082125 0.4174640625 0.5081859375 0.4260265625 0.505040625 0.44057812500000004 0.505009375 0.4548828125 0.50810625 0.47700624999999997 0.5174390625 0.5006171875 0.508009375 0.51163125 0.50016875 0.5254671875 0.48294375 0.525590625 0.48137968750000004 0.5329421875 0.4672953125 0.53430625 0.45009531249999996 0.531015625 0.439159375 0.5253984375 0.4313546875 0.49790625000000005 0.41109062500000004 0.4876359375 0.4095484375 0.46598125 0.4205375 0.438584375 0.4252859375 0.43247187499999995 0.42373593749999994 0.4281890625 0.4253078125
1 0.4947234375 0.5299078125000001 0.49581093750000005 0.5424125 0.49935 0.550221875 0.49798593750000003 0.5674203125 0.49100625000000003 0.5768156249999999 0.488059375 0.5877640625 0.5542390625 0.5657375 0.5588921874999999 0.5594750000000001 0.559015625 0.5579109375 0.5583 0.540715625 0.5530546875 0.5282203125 0.54939375 0.5219750000000001 0.5357093749999999 0.5110609375 0.521653125 0.5048375 0.5071015625 0.50486875 0.49608749999999996 0.512709375 0.4832421875 0.5174265625000001 0.480915625 0.5205578125 0.4947234375 0.5299078125000001
1 0.6100078124999999 0.6750515625 0.614040625 0.6766062500000001 0.618446875 0.6734703125 0.6276296875 0.6625078125 0.627753125 0.66094375 0.6315671875 0.63905 0.6229078125 0.61718125 0.6145921875 0.6171984375 0.5955109375000001 0.6219296875 0.5890265625 0.6250703125 0.5887796875 0.628196875 0.5964750000000001 0.635996875 0.5962265625 0.639125 0.60904375 0.6609828125 0.6100078124999999 0.6750515625
1 0.1783296875 0.457103125 0.1631578125 0.4649515625 0.154346875 0.47122343750000006 0.140634375 0.48688593750000003 0.134990625 0.5056578125 0.1302125 0.513484375 0.129096875 0.5275562500000001 0.1340953125 0.5431781250000001 0.1415421875 0.55410625 0.1609671875 0.5712609375000001 0.1790578125 0.5790390624999999 0.20142812499999999 0.5852453125 0.2388484375 0.5851656249999999 0.2557265625 0.5820031250000001 0.27285312500000003 0.5757140625 0.3035671875 0.5553265625 0.31067187500000004 0.5443671875 0.3107953125 0.5428046875 0.3154484375 0.536540625 0.31705937500000003 0.516215625 0.3151046875 0.51465625 0.3143890625 0.4974609375 0.30926875 0.4834015625 0.29803437499999996 0.4677921875 0.28435 0.45687812499999997 0.24975312500000002 0.44757187500000006 0.2016921875 0.4508 0.1783296875 0.457103125
1 0.0570703125 0.41358750000000005 0.075159375 0.42136562499999997 0.0793171875 0.4213578125 0.1074296875 0.4338046875 0.12673125000000002 0.4525234375 0.1340546875 0.4650140625 0.1372203125 0.47751406249999995 0.14113124999999999 0.48063124999999995 0.1764984375 0.45398125 0.18347968750000002 0.44458593750000003 0.183603125 0.443021875 0.1830109375 0.4242640625 0.17776562499999998 0.41176874999999996 0.15834062499999998 0.3946140625 0.1302296875 0.3821671875 0.0721453125 0.3807265625 0.061628125 0.3823125 0.0359375 0.391746875 0.02051875 0.402721875 0.0284625 0.4073953125 0.0570703125 0.41358750000000005
3 0.53270625 0.5751640625000001 0.5179078125000001 0.578321875 0.4771703125 0.594040625 0.43814062500000006 0.614446875 0.44180156249999997 0.6206921875 0.4414296875 0.6253828125 0.447046875 0.6331875 0.47347968749999997 0.614371875 0.4864484375 0.608090625 0.511890625 0.601784375 0.5368359375 0.60173125 0.551140625 0.6048265625 0.57521875 0.61571875 0.5830390624999999 0.62195625 0.591353125 0.6219375 0.61691875 0.6140671875 0.64406875 0.6124468750000001 0.6609468749999999 0.609284375 0.6759937500000001 0.6029984374999999 0.6870078125 0.5951593749999999 0.6916609375 0.588896875 0.6917859375 0.5873328124999999 0.6921578125 0.5826421875000001 0.6790921875 0.5639093749999999 0.679340625 0.5607828125000001 0.6657796874999999 0.5483046875 0.661746875 0.5467500000000001 0.6368 0.5468031250000001 0.6009640625 0.5531328125 0.5774781250000001 0.5609984375 0.571240625 0.5610125 0.53270625 0.5751640625000001
3 0.24469687499999998 0.7211609375 0.256425 0.730515625 0.2948359375 0.717928125 0.34485156250000004 0.716259375 0.3470546875 0.714690625 0.34292500000000004 0.6881234375 0.3247390625 0.6553328125 0.3114265625 0.639728125 0.291878125 0.6241359375 0.26621562499999996 0.60699375 0.241890625 0.5992296875 0.22587968749999998 0.591446875 0.1870015625 0.5837125000000001 0.158640625 0.5743921875 0.135896875 0.572878125 0.1336953125 0.5744453125 0.13565 0.5760046875 0.1412671875 0.583809375 0.14406093749999999 0.601 0.14942968750000002 0.61193125 0.1483140625 0.626003125 0.136309375 0.6463515625 0.1523203125 0.654134375 0.174815625 0.6587765625 0.19889375 0.66966875 0.21831874999999998 0.686825 0.24469687499999998 0.7211609375
