3 0.348121875 0.756759375 0.350303125 0.758003125 0.364859375 0.755871875 0.3749515625 0.749703125 0.376421875 0.7401078125 0.3821515625 0.7314515625 0.3856 0.7200031250000001 0.384684375 0.7060671875 0.3588171875 0.695784375 0.3303625 0.678065625 0.3121015625 0.6557265625 0.31179687500000003 0.6510812500000001 0.3073328125 0.64704375 0.2953109375 0.6237921875 0.292215625 0.6086109375000001 0.290034375 0.6073671875 0.2839921875 0.5472812499999999 0.2818109375 0.5460375 0.280896875 0.5321 0.27871562499999997 0.53085625 0.2682171875 0.5308312500000001 0.258125 0.537 0.25239531249999997 0.5456562500000001 0.24438125 0.55151875 0.23875312499999998 0.5617234375 0.22480625 0.5731468750000001 0.2081703125 0.5755828125 0.1952875 0.5712171875000001 0.18808750000000002 0.58946875 0.1872265625 0.6083546875 0.18525 0.6102078125 0.1853515625 0.61175625 0.189665625 0.64551875 0.191846875 0.6467625 0.1949421875 0.6619421875 0.2164 0.7010109375 0.24368906250000003 0.7329703125 0.2699640625 0.7494468750000001 0.295628125 0.7566312500000001 0.314646875 0.7585359375 0.333565625 0.758890625 0.348121875 0.756759375
3 0.3871453125 0.45556875 0.4059078125 0.421553125 0.4201046875 0.381953125 0.4212703125 0.3677125 0.42649375 0.3513125 0.42557812500000003 0.3373765625 0.42872187500000003 0.3212828125 0.425978125 0.2794734375 0.42090625 0.266146875 0.3963046875 0.24317187499999998 0.38905 0.22860156250000002 0.38605625 0.21497031249999998 0.38159375 0.2109328125 0.3491828125 0.1969203125 0.3450234375 0.1975296875 0.317178125 0.1891 0.31093906250000003 0.1900140625 0.3029265625 0.195878125 0.2981109375 0.21847031249999999 0.29846875 0.2559390625 0.30065 0.2571828125 0.299078125 0.26522968750000003 0.301259375 0.2664734375 0.305065625 0.29249375 0.30963124999999997 0.298078125 0.310240625 0.30736875 0.3082640625 0.309221875 0.3061359375 0.3408 0.3041578125 0.342653125 0.3047671875 0.35194375 0.29422187499999997 0.38319375 0.29295468750000003 0.3958859375 0.27814843749999996 0.4261953125 0.237221875 0.4744 0.2299203125 0.491103125 0.2333203125 0.5109281250000001 0.196046875 0.55078125 0.1949828125 0.566571875 0.1970625 0.5662671875 0.2101484375 0.5737296875 0.22876249999999998 0.569440625 0.2366734375 0.562028125 0.24220000000000003 0.550275 0.2619796875 0.5317453125 0.27009375 0.5274296875 0.309603125 0.5216421875 0.33602656249999996 0.5083921874999999 0.35590625 0.4914109375 0.3871453125 0.45556875
5 0.305425 0.3299609375 0.3045109375 0.316025 0.30648906249999996 0.314171875 0.2998921875 0.27761718750000003 0.29542812500000004 0.27358125 0.2624609375 0.2831 0.25236875 0.2892671875 0.236546875 0.3040921875 0.22883749999999997 0.3146015625 0.2162125 0.3461546875 0.21839375 0.3473984375 0.219409375 0.3628828125 0.22417812499999998 0.37156406249999996 0.22853906249999997 0.374053125 0.23102499999999998 0.37994218750000003 0.2464953125 0.391746875 0.282659375 0.39895625 0.28869375 0.394946875 0.30081250000000004 0.35565 0.301875 0.3398609375 0.305425 0.3299609375
5 0.2971015625 0.2670828125 0.2949203125 0.2658390625 0.2964921875 0.2577921875 0.28776718749999997 0.252815625 0.256575 0.257384375 0.24014375000000002 0.2629171875 0.220059375 0.276803125 0.21225 0.2857640625 0.2067234375 0.2975171875 0.20682499999999998 0.299065625 0.2015 0.31391562500000003 0.202415625 0.32785156249999997 0.21185 0.3436671875 0.21611093750000002 0.34460625 0.219253125 0.3285125 0.23061250000000003 0.3096515625 0.256325 0.2855609375 0.2787921875 0.27601718750000004 0.293246875 0.2723375 0.2971015625 0.2670828125
0 0.26034687500000003 0.44287187499999997 0.27023593749999997 0.43360624999999997 0.2798203125 0.41969687499999997 0.287021875 0.40144531250000004 0.2571984375 0.39486875 0.248778125 0.3945390625 0.2468 0.3963921875 0.24695625 0.4307625 0.2540078125 0.44223749999999995 0.25836875 0.44472500000000004 0.26034687500000003 0.44287187499999997
0 0.5730578125 0.21728437500000003 0.5721421875 0.2033484375 0.564990625 0.1903265625 0.563465625 0.1670984375 0.5704640624999999 0.14575 0.56965 0.1333625 0.565390625 0.13242343750000002 0.54981875 0.1190703125 0.5323703125 0.10911875 0.506909375 0.10503124999999999 0.502546875 0.10254218749999999 0.47749218750000005 0.1046484375 0.4755140625 0.10650156250000001 0.458878125 0.1089390625 0.448684375 0.11355781250000001 0.4266234375 0.129296875 0.4109015625 0.14566874999999999 0.3976671875 0.16793125 0.397971875 0.1725765625 0.3923421875 0.18278125 0.39244375 0.1843296875 0.3893015625 0.20042343749999997 0.390621875 0.2205546875 0.40056562500000004 0.2441125 0.41395625 0.2562203125 0.42922343749999997 0.264928125 0.48004375 0.2715546875 0.5111343749999999 0.2654390625 0.5192484375 0.2611234375 0.5310140624999999 0.24845625 0.5730578125 0.21728437500000003
0 0.70095 0.5346765625 0.7239265625 0.532875 0.7345265624999999 0.5344484375 0.7698765625 0.529271875 0.7966046875 0.5206671875 0.8330187499999999 0.4997 0.8527968749999999 0.48116875 0.858528125 0.4725125 0.8600984374999999 0.464465625 0.85791875 0.463221875 0.8540093750000001 0.4356546875 0.846553125 0.4179859375 0.8380796875 0.3848328125 0.8228125000000001 0.376125 0.7910109375000001 0.371403125 0.7576390625 0.37472812499999997 0.7554578125 0.3734828125 0.7221859375 0.37835625 0.7015953125000001 0.3844984375 0.654784375 0.4069890625 0.6295796874999999 0.43882031250000003 0.6206046875 0.462021875 0.62070625 0.4635703125 0.6214171875 0.47441093749999996 0.6305484375 0.4855796875 0.6333390624999999 0.49611406249999995 0.64683125 0.509771875 0.6516 0.5184546875 0.6668671875000001 0.5271609374999999 0.67320625 0.527796875 0.6754890625 0.5305890625 0.6859875 0.5306140625 0.70095 0.5346765625
1 0.5108328125 0.8048421875 0.5390296875 0.7866421875 0.5686984374999999 0.7588468749999999 0.5780796875 0.7418390625 0.5796515624999999 0.7337921875 0.5774703125 0.7325484375 0.5763515625 0.715515625 0.571584375 0.7068328125 0.570975 0.6975421875000001 0.5535265625 0.687590625 0.5335921875 0.6717500000000001 0.5103125000000001 0.66890625 0.50595 0.66641875 0.4891109375 0.6657578125 0.45802031249999997 0.671875 0.421403125 0.6897453125 0.3917359375 0.717540625 0.3823546875 0.7345484375 0.38245625 0.736096875 0.37870312500000003 0.7429 0.377640625 0.7586890625 0.3947359375 0.7952703125 0.4014828125 0.8020984375 0.41456875000000004 0.8095625 0.4402328125 0.816746875 0.45925312500000004 0.8186515625 0.49044375 0.8140828125 0.50459375 0.80575625 0.5108328125 0.8048421875
1 0.4207875 0.6163578125 0.41830156250000006 0.6104671875000001 0.4120640625 0.61138125 0.3971015625 0.6073203125 0.375290625 0.5948796875 0.36179843749999996 0.5812234375 0.35348125 0.582440625 0.3330921875 0.5916812499999999 0.321021875 0.5997015625000001 0.30738125 0.6157703125 0.30383125 0.6256703124999999 0.3060125 0.6269140625 0.306621875 0.6362046875 0.3136734375 0.6476796874999999 0.31646406250000003 0.6582140625 0.338984375 0.6814921875 0.3562296875 0.6883468749999999 0.3937609375 0.6844140624999999 0.4098890625 0.6742343749999999 0.4080609375 0.6463625000000001 0.41318124999999994 0.6284156249999999 0.4207875 0.6163578125
1 0.4825609375 0.5979296875 0.501175 0.593640625 0.5210546875000001 0.5766578124999999 0.534290625 0.5543953125 0.5343375 0.523121875 0.5321578125 0.521878125 0.53134375 0.5094890624999999 0.5204390625 0.5032703125 0.5098390625 0.5016953125 0.4818921875 0.49171875 0.44501718749999997 0.47366875 0.42858437499999996 0.479203125 0.41453749999999995 0.48907656250000003 0.40028593749999997 0.49585468749999995 0.37969375 0.501996875 0.36189375 0.518675 0.354490625 0.5338296875 0.35499843750000004 0.541571875 0.3530203125 0.5434249999999999 0.353121875 0.5449734375 0.3615953125 0.5781265624999999 0.3681390625 0.5818578125 0.370625 0.587746875 0.38391406250000004 0.5983078125 0.4012609375 0.6067109375 0.41404218750000005 0.609528125 0.43493750000000003 0.60803125 0.44345937500000004 0.609909375 0.45593593749999994 0.6080828125 0.4825609375 0.5979296875
1 0.6880328125 0.689778125 0.7102968749999999 0.6771375 0.7281984375 0.6620078125 0.74123125 0.6366484375 0.749040625 0.6276875000000001 0.75999375 0.6026328125 0.7606515625 0.58065 0.7491359375 0.5651390625 0.738028125 0.5558234375 0.7183984375 0.544628125 0.7035375 0.5421140624999999 0.6969953125 0.5383828125 0.6864953125000001 0.53835625 0.6672734375 0.5333546874999999 0.6335953125 0.5320343750000001 0.61488125 0.534775 0.6127 0.53353125 0.5838921874999999 0.542440625 0.551434375 0.5597015625 0.5320625 0.5844265625 0.5324687499999999 0.5906203125 0.528715625 0.5974234375 0.5221250000000001 0.624965625 0.5222265625 0.6265140625 0.5281125 0.6522296875 0.5375484375 0.66804375 0.553221875 0.6829453125 0.5728500000000001 0.694140625 0.6026734375 0.7007171875 0.6089125 0.6998031250000001 0.6237734374999999 0.702315625 0.6591234375 0.6971390625 0.6611015625000001 0.6952859375 0.6880328125 0.689778125
1 0.6591390625 0.34537968750000003 0.6866265625 0.316340625 0.6979859375 0.2974796875 0.707875 0.2882140625 0.7117281249999999 0.282959375 0.7112203125 0.2752171875 0.703459375 0.252903125 0.6816484375 0.2404640625 0.6710484375 0.23889062499999997 0.6544125000000001 0.2413265625 0.6333125 0.23972656250000002 0.6076484375 0.2325421875 0.583759375 0.22040781250000002 0.5593140625 0.2318046875 0.5351734375 0.24784687500000002 0.517575 0.267621875 0.50819375 0.2846296875 0.5082953125 0.286178125 0.5045437500000001 0.29298125 0.5038859375 0.3149640625 0.508959375 0.3282921875 0.5180906249999999 0.3394609375 0.57023125 0.36621875 0.5977718750000001 0.3700015625 0.6059890625000001 0.367234375 0.612328125 0.36786875 0.6369765625 0.35956875 0.6591390625 0.34537968750000003
1 0.7981515625 0.25623125 0.784909375 0.214396875 0.7804453125 0.2103609375 0.7776546875 0.199825 0.77070625 0.1899 0.7407328125 0.21305000000000002 0.7183671875 0.22414218749999998 0.7125343749999999 0.23125 0.7091890624999999 0.24424687500000003 0.7092906250000001 0.2457953125 0.7106109375 0.2659265625 0.71806875 0.28359375 0.7293796875 0.29600781249999997 0.744646875 0.304715625 0.7660515625000001 0.3109609375 0.7914109375 0.3135 0.8059671875 0.31136718750000003 0.816059375 0.3052 0.815246875 0.29281250000000003 0.7981515625 0.25623125
3 0.5729328125 0.5033984375 0.5840421874999999 0.512715625 0.5926640625 0.5161421875000001 0.60098125 0.5149234375 0.6149281249999999 0.5035015625 0.6165 0.4954546875 0.6246140625 0.4911390625 0.6242078125 0.4849453125 0.6153828125 0.47842031250000006 0.612896875 0.47253125 0.6044765625 0.4722015625 0.5826671875 0.45976249999999996 0.58383125 0.445521875 0.5814484375 0.44117968750000003 0.550609375 0.41912031250000004 0.5475125000000001 0.4039390625 0.5453328125 0.4026953125 0.5444171875 0.388759375 0.5463953125 0.38690625 0.545684375 0.3760671875 0.548828125 0.3599734375 0.5161125 0.3413140625 0.5022125 0.3214625 0.5005875 0.2966875 0.515496875 0.2679265625 0.5133156249999999 0.2666828125 0.488565625 0.273434375 0.4631578125 0.30216875 0.43709375 0.3528875 0.430503125 0.3804296875 0.424975 0.39218281250000003 0.42548281250000003 0.399925 0.42193437500000003 0.409825 0.4220359375 0.4113734375 0.42376250000000004 0.43769843750000004 0.43111875 0.4538171875 0.4377625 0.45909843749999996 0.44024843750000003 0.4649875 0.4579 0.47803593749999995 0.48605 0.491109375 0.505375 0.497659375 0.5265765625000001 0.5008078125 0.555484375 0.49344687499999995 0.5729328125 0.5033984375
2 0.6916390625 0.232746875 0.728459375 0.21797499999999997 0.7546796875 0.201628125 0.7684234375 0.1871078125 0.7696890625 0.17441562500000002 0.7675078125 0.173171875 0.7668984375 0.16387968749999998 0.762334375 0.1582953125 0.761725 0.1490046875 0.7570578125 0.141871875 0.7564484375 0.1325796875 0.75178125 0.125446875 0.7510703125 0.1146078125 0.7463015625 0.10592656250000002 0.7379296875 0.07432187500000001 0.7332625 0.0671875 0.7181984375 0.061578125 0.7141421875 0.06373593749999999 0.7119609375 0.062490625 0.68690625 0.064596875 0.6643359375 0.07259375 0.6397890625 0.0824421875 0.6054546875 0.10310468749999999 0.585778125 0.1231828125 0.58598125 0.12627968750000002 0.5761937500000001 0.13709375 0.5675234375 0.164940625 0.5676249999999999 0.1664890625 0.5665609375 0.182278125 0.5687421875 0.1835234375 0.5693515625 0.1928140625 0.5763015625000001 0.20273906249999998 0.578990625 0.211725 0.5879171875 0.2197984375 0.6075468749999999 0.23099375000000003 0.6395515625 0.2388125 0.656390625 0.2394734375 0.6916390625 0.232746875
0 0.7886640625 0.75164375 0.751384375 0.7274 0.73540625 0.707853125 0.7283546875 0.6963796875 0.72764375 0.6855390625 0.7254625 0.6842953125 0.7274406250000001 0.6824421875 0.7265265624999999 0.66850625 0.6902140625000001 0.691021875 0.6717015625 0.6968593750000001 0.6467484375 0.7005140625 0.6447703125 0.7023671874999999 0.6343734375000001 0.703890625 0.6321921875000001 0.702646875 0.62428125 0.7100593749999999 0.6243828125 0.7116078124999999 0.627884375 0.73298125 0.637421875 0.7503453125 0.6551750000000001 0.7649421875 0.6747015625 0.7745890625 0.6874828125 0.7774062500000001 0.7106625 0.7787015625 0.750171875 0.772915625 0.7666031249999999 0.76738125 0.7828328124999999 0.7587515625 0.7886640625 0.75164375
0 0.518325 0.6630421875 0.5002671875 0.6437999999999999 0.49280937500000005 0.6261328125000001 0.5038640625 0.6026265625 0.5096953125 0.59551875 0.5094921875 0.592421875 0.48692343749999994 0.6004171875 0.4765265625 0.601940625 0.44989999999999997 0.61209375 0.4413796875 0.6102140625 0.42474375000000003 0.6126515625 0.4152609375 0.6281109375 0.41034375 0.6491546875 0.4104453125 0.6507031249999999 0.4140484375 0.673625 0.41851093749999996 0.6776625000000001 0.4188171875 0.6823078125 0.42535937500000004 0.6860390625 0.449703125 0.6730937499999999 0.46405624999999995 0.6678640625 0.49108906250000006 0.6639046875 0.5122890625000001 0.667053125 0.5184265625 0.664590625 0.518325 0.6630421875
0 0.3597125 0.5174296875 0.37563749999999996 0.5041546875 0.3770046875 0.49301093749999997 0.374825 0.4917671875 0.3738078125 0.47628125 0.3717296875 0.4765859375 0.332171875 0.513646875 0.3138640625 0.5225828124999999 0.2849546875 0.5299437499999999 0.28505625 0.5314921874999999 0.29185625000000004 0.57114375 0.2984 0.574875 0.32178125 0.5792671875 0.34475625 0.577465625 0.35505156250000003 0.57439375 0.3568265625 0.56944375 0.35185468750000004 0.557665625 0.35073750000000004 0.5406328125 0.3524109375 0.5341328125 0.3597125 0.5174296875
5 0.8121484375 0.757584375 0.8356312499999999 0.763525 0.839790625 0.762915625 0.8441531250000001 0.7654046875 0.8652515624999999 0.767003125 0.8881249999999999 0.763653125 0.8903062500000001 0.764896875 0.892284375 0.7630453125 0.9109999999999999 0.760303125 0.929409375 0.7529171875 0.9455375 0.7427374999999999 0.9442171874999999 0.7226078125 0.9313812499999999 0.6869671875 0.9306703125 0.676128125 0.9208281250000001 0.6541187500000001 0.9203203125 0.6463765625 0.9157546875 0.640790625 0.9125578125 0.6240625 0.9055078125 0.6125890625 0.9025140625000001 0.59895625 0.8979484375 0.593371875 0.8430703125000001 0.5889031250000001 0.8139578125 0.5931656249999999 0.785353125 0.605171875 0.7592359375 0.6230687500000001 0.7397609375 0.64624375 0.7361109375 0.6545953124999999 0.7362124999999999 0.65614375 0.73225625 0.6598499999999999 0.7287078124999999 0.66975 0.730434375 0.696075 0.735203125 0.70475625 0.7509781249999999 0.72120625 0.7511812499999999 0.7243031249999999 0.7554406250000001 0.7252421874999999 0.7710140625 0.7385953125 0.799265625 0.75321875 0.8121484375 0.757584375
2 0.8699406249999999 0.486475 0.8654765624999999 0.4824390625 0.8572609375000001 0.4852046875 0.847371875 0.4944703125 0.81521875 0.5163765625 0.8023890625 0.5448328124999999 0.8024906250000001 0.54638125 0.8066015625 0.577046875 0.8179140625000001 0.5894609375 0.8492062499999999 0.586440625 0.8829859375 0.589309375 0.8894265625 0.5914937499999999 0.8977453125 0.590275 0.89941875 0.5837765625 0.8836906250000001 0.5360515625 0.8773984374999999 0.50414375 0.8699406249999999 0.486475
5 0.646465625 0.40820625 0.642003125 0.40417031249999996 0.6269390625 0.3985609375 0.6014765625 0.39447187499999997 0.576625 0.399675 0.56019375 0.405209375 0.5541578125 0.4092203125 0.554259375 0.41076875 0.5525859375 0.41726718749999997 0.55486875 0.420059375 0.5768828125 0.4355953125 0.5859109375 0.44521718750000006 0.5870296875000001 0.46224999999999994 0.6151796875 0.4753234375 0.621871875 0.4493296875 0.631253125 0.43232187499999997 0.6448953125 0.41625468750000005 0.646465625 0.40820625
4 0.8118046874999999 0.3683578125 0.8199203125000001 0.3640421875 0.8317875000000001 0.3529234375 0.8304656250000001 0.33279375 0.816465625 0.31139375 0.7957734375000001 0.3159875 0.787353125 0.31565781249999997 0.74485 0.3078125 0.7383078125 0.30408124999999997 0.7342500000000001 0.3062375 0.7299890625 0.30529843749999996 0.7201 0.3145640625 0.70554375 0.3166953125 0.6852578125 0.327484375 0.651634375 0.3589859375 0.6480859375 0.3688859375 0.6481874999999999 0.370434375 0.6499140625 0.39675781250000003 0.6524 0.4026484375 0.6587390625 0.4032828125 0.6994140625 0.38325468749999997 0.7323796875 0.3737359375 0.7345609375000001 0.37498125 0.7406984375000001 0.37251875 0.7428796875 0.3737625 0.7803093750000001 0.3682796875 0.8118046874999999 0.3683578125
