2 0.10630781250000002 0.898321875 0.11556718749999999 0.866609375 0.115509375 0.865046875 0.1125578125 0.8417015625 0.1058453125 0.8294796874999999 0.097221875 0.8220375000000001 0.0629625 0.79851875 0.0315390625 0.7952203124999999 0.0377890625 0.9639703125000001 0.054225 0.9569796875 0.070428125 0.9437390625000001 0.0945015625 0.9176265625 0.10630781250000002 0.898321875
3 0.3026046875 0.5640625 0.29398124999999997 0.5566203125 0.280671875 0.5353015625 0.2589125 0.5112265625 0.23975624999999998 0.5011234375 0.21053281250000003 0.50085625 0.1910296875 0.48137656250000005 0.1909140625 0.4782515625 0.1739 0.46961875 0.1571765625 0.46879687499999995 0.1489578125 0.4722921875 0.1449078125 0.47560156249999996 0.145196875 0.48341406249999996 0.15387656249999998 0.49241875 0.164525 0.49820624999999996 0.17546250000000002 0.51180625 0.171759375 0.524490625 0.1741890625 0.5337734375000001 0.18287031250000002 0.542778125 0.1870953125 0.5441546875000001 0.19375 0.5548140625 0.2023734375 0.56225625 0.2161453125 0.5960765625 0.227140625 0.6112390624999999 0.22957187499999998 0.6205203125 0.2427078125 0.637153125 0.2451390625 0.6464359375 0.2538765625 0.6570015625 0.2674765625 0.686134375 0.27615781250000004 0.6951390625 0.28304375 0.7120484375 0.2874421875 0.7181140625 0.3002890625 0.7269328125000001 0.3156828125 0.748159375 0.3221640625 0.75413125 0.3284140625 0.7538546875 0.342765625 0.74695625 0.3469328125 0.7467703125 0.35300937499999996 0.74180625 0.3547453125 0.7323375000000001 0.3588546875 0.7305906249999999 0.354571875 0.72765 0.3543984375 0.7229625000000001 0.3604171875 0.7164359375 0.3619796875 0.7022796875 0.3659140625 0.6958453125 0.36585625 0.6942828125 0.36319375 0.67875 0.35405156249999997 0.6572453125 0.3497109375 0.65274375 0.34485 0.634178125 0.3361109375 0.6236109375 0.3314234375 0.609734375 0.327140625 0.60679375 0.31805625000000004 0.5868515624999999 0.309375 0.577846875 0.3026046875 0.5640625
3 0.45555625 0.862453125 0.4561921875 0.8796406250000001 0.4632515625 0.9012390625 0.4618640625 0.92008125 0.4559609375 0.929734375 0.44178281249999996 0.94131875 0.419328125 0.9548375 0.40491875000000005 0.9601734375 0.40509218750000003 0.9648609374999999 0.42239531250000006 0.9813078125000001 0.49322968749999996 0.978159375 0.5049187500000001 0.9557296875000001 0.5269671875 0.9312734375 0.5412609374999999 0.9228125 0.5475109375 0.922534375 0.5577546875 0.9173843749999999 0.5619796874999999 0.9187609374999999 0.5598375 0.9172921875 0.5616890625 0.9109484374999999 0.5595484374999999 0.9094796875 0.5589125 0.8922921875000001 0.5609375 0.8906359374999999 0.5601859375 0.8703234375 0.5757515625 0.8398953125 0.58975625 0.8236234375 0.601909375 0.8136921875 0.6018515625 0.8121296875 0.6016781250000001 0.8074421875000001 0.595196875 0.8014703125 0.586921875 0.803403125 0.5807875 0.80680625 0.5667828125 0.823078125 0.5362265625 0.8432171875 0.4945015625 0.8435062500000001 0.4739 0.8506828125 0.45758124999999994 0.8607984375 0.45555625 0.862453125
5 0.6339703125 0.7214937499999999 0.6018515625 0.7557875000000001 0.589640625 0.7641546875 0.5711234375 0.7712390625000001 0.5692703125 0.77758125 0.5736687500000001 0.7836453125 0.578471875 0.8006484374999999 0.5868640625 0.801840625 0.597221875 0.7998140625 0.6079859375 0.8087265625000001 0.6286453125 0.8031140625000001 0.6494796875 0.8021874999999999 0.6896984374999999 0.817615625 0.700115625 0.8171531249999999 0.7101265625 0.8057515625 0.71006875 0.8041890625000001 0.7140046875 0.7977546875 0.715509375 0.7820375 0.71336875 0.7805671875 0.71070625 0.765034375 0.7040515625 0.754375 0.6976265625 0.749965625 0.6953703124999999 0.7453703125 0.6718171875000001 0.7292015625 0.6506937500000001 0.7223140625 0.6339703125 0.7214937499999999
1 0.462846875 0.7776156249999999 0.45659687499999996 0.7778937499999999 0.452546875 0.781203125 0.4554984375 0.8045484374999999 0.4576390625 0.80601875 0.4586234375 0.8325812499999999 0.453240625 0.856296875 0.46163125000000005 0.8574890625 0.4738421875 0.8491203125 0.49647031249999996 0.8402890624999999 0.49861093749999996 0.841759375 0.5027203124999999 0.8400109375 0.5235531250000001 0.8390859374999999 0.5340281250000001 0.8401859375 0.5402203125 0.8383453125000001 0.550346875 0.83006875 0.5545140625 0.829884375 0.5605328125 0.82335625 0.566725 0.821515625 0.57274375 0.8149890624999999 0.5745375 0.8070828125 0.5744796875 0.8055203125 0.57164375 0.7853015625 0.5564234375 0.7687609375 0.5207171875000001 0.7625234375 0.5079281250000001 0.755265625 0.4975109375 0.7557296874999999 0.48929375 0.759225 0.477140625 0.7691546875 0.47297500000000003 0.769340625 0.4648140625 0.7743984375 0.462846875 0.7776156249999999
1 0.5127890625 0.6611453125 0.5192125 0.6655562500000001 0.5302078125 0.6807171875 0.533159375 0.7040625 0.52945625 0.7167484375 0.5234375 0.723275 0.5235531250000001 0.7264 0.5114578125 0.73789375 0.5056140625000001 0.749109375 0.5120953125 0.75508125 0.5290515625000001 0.762153125 0.5353015625 0.7618750000000001 0.55850625 0.76866875 0.57725625 0.7678359375 0.59774375 0.757534375 0.6118640625 0.7443859374999999 0.6239 0.73133125 0.63368125 0.7136812499999999 0.6336234375 0.7121187499999999 0.6355328124999999 0.7073375000000001 0.6345484375 0.680775 0.6278359375 0.6685531250000001 0.6127312500000001 0.6551390625 0.57054375 0.642928125 0.543403125 0.64256875 0.5351265625 0.6445015625 0.5145828125 0.653240625 0.512615625 0.6564578125 0.5127890625 0.6611453125
1 0.3114 0.5761921875 0.3223375 0.5897921875 0.3425921875 0.6295828125 0.346875 0.6325234375 0.3570015625 0.6242484375 0.35694375 0.6226859375 0.3627890625 0.6114703125000001 0.3620375 0.5911578125 0.35086875 0.5713078125 0.3421875 0.562303125 0.3229171875 0.5490734374999999 0.30393593750000003 0.5436578125 0.2914359375 0.5442125 0.29155156249999997 0.5473375 0.309028125 0.568471875 0.3114 0.5761921875
1 0.1019671875 0.6684484375 0.0831015625 0.6661578125000001 0.0750578125 0.6743406249999999 0.0712390625 0.6839000000000001 0.071528125 0.6917125000000001 0.078125 0.7008109375 0.115740625 0.70226875 0.138946875 0.7090625 0.1666671875 0.725046875 0.17748906250000002 0.7355203125 0.19016249999999998 0.739653125 0.21059062499999998 0.7277890625000001 0.2414359375 0.7154625 0.2532984375 0.6977203125 0.253240625 0.6961578125 0.2545140625 0.6741890625 0.24762656249999998 0.6572796875 0.23883125 0.64515 0.225984375 0.63633125 0.20908593749999999 0.630821875 0.19866875 0.631284375 0.1904515625 0.6347796875 0.1701390625 0.64976875 0.126909375 0.665775 0.1019671875 0.6684484375
1 0.41614531250000003 0.9815859375 0.4095484375 0.9724890625 0.39664375 0.96210625 0.3945609375 0.9621984375 0.3754046875 0.9520953125 0.36273125 0.9479625 0.329340625 0.94788125 0.3273140625 0.9495374999999999 0.3106484375 0.950278125 0.2858796875 0.9576390625 0.271528125 0.9645374999999999 0.255265625 0.976215625 0.2473953125 0.9890859375 0.41614531250000003 0.9815859375
1 0.028935937499999998 0.7249078124999999 0.03148125 0.7936578125 0.0629046875 0.79695625 0.1057296875 0.8263546875 0.11006875 0.8308562500000001 0.11244218749999998 0.8385765624999999 0.116725 0.8415156250000001 0.12297499999999999 0.8412390625 0.1434609375 0.8309374999999999 0.1656828125 0.81116875 0.17743124999999998 0.7903015625 0.18107656249999998 0.776053125 0.18101875 0.774490625 0.1777203125 0.7417703125 0.1667828125 0.7281718749999999 0.149653125 0.7164125 0.12210625 0.705115625 0.084490625 0.7036578125 0.0802078125 0.7007171875 0.057581249999999994 0.7095484375 0.0515046875 0.7145140624999999 0.0432296875 0.716446875 0.028935937499999998 0.7249078124999999
1 0.035359375 0.672975 0.026909375000000003 0.6702203124999999 0.0288765625 0.7233453125 0.061631250000000005 0.7062390625 0.061573437499999994 0.7046765625 0.0568859375 0.6907984375 0.050346875 0.6832640624999999 0.035359375 0.672975
4 0.18460625 0.75868125 0.18680625 0.7617125 0.1832171875 0.7775234375 0.1839703125 0.7978359375 0.190625 0.8084953125000001 0.19918906249999999 0.8143750000000001 0.21006874999999997 0.8264125 0.2101859375 0.8295375 0.216609375 0.833946875 0.23344843750000002 0.8378937499999999 0.23755781250000002 0.8361453125 0.2459484375 0.8373375 0.247975 0.8356828125 0.264640625 0.8349421875 0.2749421875 0.8313546875 0.283275 0.8309843750000001 0.3018515625 0.8254625000000001 0.3220484375 0.8073499999999999 0.3297453125 0.7897921875 0.3296875 0.7882296875 0.3290515625 0.7710421875 0.32453750000000003 0.7618515625 0.29398124999999997 0.7256484375000001 0.2770828125 0.7201390625 0.2478015625 0.7183109375 0.23744218749999998 0.7203359375 0.22928281250000002 0.7253937500000001 0.206596875 0.7326625 0.19039375 0.745903125 0.18460625 0.75868125
4 0.3161453125 0.8733453125 0.314525 0.8859375 0.3214125 0.902846875 0.328009375 0.91194375 0.32818281250000003 0.91663125 0.34131875 0.9332640624999999 0.3541671875 0.9420828125 0.3731484375 0.9475 0.3943859375 0.9575109375 0.40688593749999996 0.95695625 0.421296875 0.9516203125 0.4375578125 0.9399421875 0.44375 0.9381015625 0.4558453125 0.926609375 0.4557875 0.9250468749999999 0.45972187499999995 0.9186109374999999 0.45885468749999997 0.8951734374999999 0.45671249999999997 0.893703125 0.4491890625 0.85960625 0.4296296875 0.8385640625 0.39988437499999996 0.8242359374999999 0.37274375000000004 0.8238765625 0.3521984375 0.8326156250000001 0.321875 0.8590046875 0.3161453125 0.8733453125
5 0.270890625 0.8346640624999999 0.23981406249999998 0.8407406249999999 0.23767343749999997 0.8392703125000001 0.22725625 0.8397343749999999 0.2125 0.8356937500000001 0.2041671875 0.8360640625 0.179571875 0.8481140625 0.171528125 0.856296875 0.1677078125 0.86585625 0.1785875 0.8778937499999999 0.18113437500000001 0.8903015625 0.1855328125 0.8963656249999999 0.1863421875 0.9182406249999999 0.1806140625 0.9325812499999999 0.18113437500000001 0.94664375 0.1833328125 0.9496765625 0.1960640625 0.9553703125 0.22349531250000002 0.9635421875000001 0.2443859375 0.9641781249999999 0.246528125 0.9656484375 0.254803125 0.9637156250000001 0.25694374999999997 0.9651859375 0.27349531250000003 0.96131875 0.29398124999999997 0.95101875 0.2981484375 0.9508328125000001 0.32251093750000004 0.932534375 0.322453125 0.930971875 0.3265046875 0.9276625 0.326215625 0.91985 0.31255781250000003 0.8891546874999999 0.3122109375 0.8797796874999999 0.31788125 0.8638765625 0.31765 0.8576265624999999 0.3089703125 0.8486234375 0.285590625 0.837140625 0.27714062500000003 0.8343859374999999 0.270890625 0.8346640624999999
0 0.5918984375 0.8250921874999999 0.5759265625000001 0.8445828125 0.5703125 0.8620484375 0.56631875 0.8669218750000001 0.5666671875 0.8762968750000001 0.562846875 0.88585625 0.563484375 0.9030437499999999 0.5679390625 0.910671875 0.5704859375 0.923078125 0.5939234375 0.9361234375 0.6026046875 0.9451265624999999 0.6132515625 0.9509140625000001 0.638484375 0.9560531250000001 0.6425921875 0.9543062499999999 0.6696765625000001 0.9531015625 0.6861109375 0.9461109375 0.7104171874999999 0.9262499999999999 0.7264468749999999 0.9083218750000001 0.7362265625 0.890671875 0.7380203125 0.882765625 0.7379625 0.8812031250000001 0.7391203125 0.8561109374999999 0.7367484375 0.8483906250000001 0.728009375 0.8378234375 0.70243125 0.8233109375 0.679225 0.8165156250000001 0.66006875 0.8064125000000001 0.6328703124999999 0.804490625 0.6308453125 0.8061453125 0.61006875 0.8086343749999999 0.5918984375 0.8250921874999999
5 0.5752312500000001 0.9385187500000001 0.5560765625 0.9284140624999999 0.53726875 0.9276859375000001 0.533159375 0.9294328125 0.5070015625 0.9556359375 0.4953125 0.9780671875 0.6057296875 0.973159375 0.60555625 0.968471875 0.596759375 0.9563421875 0.5773140625 0.9384265624999999 0.5752312500000001 0.9385187500000001
0 0.353703125 0.6478703125 0.35804375 0.6523734375 0.360590625 0.6647796875 0.3671875 0.6738765625 0.36961875 0.683159375 0.3799765625 0.681134375 0.40219843749999995 0.661365625 0.4206015625 0.6511578124999999 0.4578703125 0.643240625 0.46209531249999997 0.64461875 0.48292812500000004 0.6436921875 0.48078750000000003 0.6422218749999999 0.4763890625 0.6361578125 0.4656828125 0.6288078125000001 0.43813593749999996 0.6175109375 0.42557812500000003 0.6165046875 0.4192125 0.6136578125 0.390046875 0.614953125 0.3776625 0.618634375 0.36944374999999996 0.6221296875 0.3532984375 0.6369328125 0.353703125 0.6478703125
0 0.32615781250000003 0.8056015625 0.3141203125 0.8186578125 0.30196718749999996 0.8285875 0.2978015625 0.8287734375 0.2938078125 0.8336453125000001 0.29820625 0.8397109374999999 0.32175937499999996 0.8558796875000001 0.358275 0.82765 0.3768515625 0.8221296875 0.39351875000000003 0.8213890625 0.41041718749999995 0.8268984375 0.43385468749999995 0.8399421874999999 0.444734375 0.8519796875000001 0.45086875 0.8485765625000001 0.45474531249999994 0.8405781250000001 0.4546875 0.839015625 0.453240625 0.799953125 0.44415468750000003 0.7800109375 0.41059062500000004 0.77524375 0.39149375000000003 0.7667015625 0.36996562499999996 0.7488765625 0.36360000000000003 0.7460296875 0.34913125 0.749803125 0.3285875 0.7585421875 0.3318859375 0.7912609374999999 0.32615781250000003 0.8056015625
0 0.02320625 0.5702203124999999 0.0251734375 0.6233453124999999 0.044734375 0.6443859375 0.061864062500000004 0.6561453125 0.07673593749999999 0.6633109375 0.09351875 0.66569375 0.12268593750000001 0.6643984374999999 0.1433453125 0.658784375 0.17210625 0.6465515625 0.18431718749999998 0.6381828125 0.1964703125 0.6282515625 0.20243125 0.6201625 0.2081015625 0.604259375 0.20804375 0.602696875 0.2074078125 0.585509375 0.20040468749999998 0.565475 0.172221875 0.5369906249999999 0.161515625 0.5296406250000001 0.15735 0.5298265625 0.14039375 0.5227546875 0.1236109375 0.5203703125 0.1111109375 0.5209265624999999 0.055439062500000004 0.5390515625 0.02320625 0.5702203124999999
0 0.102546875 0.90944375 0.0745375 0.9419906250000001 0.052256250000000004 0.960196875 0.0379046875 0.9670953125 0.0390625 0.9983453125 0.1348953125 0.9940859375000001 0.1490734375 0.9824999999999999 0.167071875 0.9613546875000001 0.17494218749999998 0.9484843749999999 0.1824078125 0.9246765625 0.18234999999999998 0.9231140625 0.179109375 0.89195625 0.1743640625 0.876515625 0.169965625 0.8704515625000001 0.15486093750000002 0.8570375 0.13784687499999998 0.8484031249999999 0.1293984375 0.8456484375000001 0.11898125 0.8461109375 0.11695625000000001 0.8477656250000001 0.1160296875 0.879109375 0.102546875 0.90944375
4 0.2322921875 0.975671875 0.2236109375 0.9666671875 0.18350625 0.9543640625 0.1751734375 0.9547343749999999 0.15318281250000002 0.9807515625000001 0.1369796875 0.9939937499999999 0.1390625 0.9939 0.2390625 0.9894562499999999 0.2322921875 0.975671875
2 0.1291671875 0.8393984375000001 0.12725625000000002 0.844178125 0.1377890625 0.8468406249999999 0.15480312499999999 0.855475 0.1631359375 0.8551046875000001 0.17534687499999999 0.8467359374999999 0.195890625 0.8379984374999999 0.2060765625 0.8312843750000001 0.20601875 0.829721875 0.20584531250000002 0.8250343750000001 0.20144687499999997 0.8189703125 0.197221875 0.8175921875000001 0.1885421875 0.8085875 0.1796296875 0.7933328125 0.177546875 0.7934265625 0.171759375 0.806203125 0.1637734375 0.8159484375 0.14149375 0.8341546875000001 0.1291671875 0.8393984375000001
