4 0.472759375 0.500896875 0.4538796875 0.493084375 0.43698750000000003 0.47901249999999995 0.4286484375 0.47901718750000005 0.41827500000000006 0.4821515625 0.3851375 0.4962515625 0.3727984375 0.5072109375 0.364725 0.5244265625 0.36474843749999997 0.525990625 0.3693734375 0.555715625 0.3904828125 0.5729140625 0.42189375 0.582284375 0.44899218750000003 0.5822703125 0.46763281250000005 0.5744359375 0.479996875 0.5650421875 0.4860828125 0.5540859375 0.4898921875 0.530615625 0.47295156250000003 0.5134140625 0.472759375 0.500896875
4 0.6250734375 0.5102 0.62905 0.49768125 0.6288578125 0.4851640625 0.6182203125 0.47108906250000004 0.6034609375 0.4601453125 0.5908578125 0.45389375000000004 0.5803875 0.4507703125 0.547034375 0.4507875 0.5096578125 0.460196875 0.48900468750000003 0.47272499999999995 0.480834375 0.48368124999999995 0.47489218749999995 0.5040250000000001 0.47491562500000006 0.5055890625 0.48138593749999997 0.5196671875 0.4940609375 0.5306124999999999 0.512965625 0.539990625 0.5443046875 0.5446671875 0.5525953125 0.5415328125000001 0.5692468749999999 0.539959375 0.585803125 0.5321265625 0.589971875 0.5321234375 0.6147703124999999 0.5180296875 0.6250734375 0.5102
4 0.759803125 0.7323000000000001 0.7576703124999999 0.729171875 0.75973125 0.72760625 0.7594203125 0.7072671875000001 0.7447328125 0.7010171875 0.7194296875 0.6822546875 0.7066359375 0.6634875 0.700334375 0.6603609374999999 0.67115 0.6603765625 0.6649203124999999 0.6619453125 0.6608234375 0.6666421875 0.65459375 0.668209375 0.6463515625 0.6744718749999999 0.6443390625000001 0.6791671874999999 0.6443640625 0.6807328125 0.6425671875 0.6995078125 0.6490359375 0.7135859375 0.6618078125 0.730790625 0.6765671875 0.741734375 0.6933625 0.7495484375 0.7100625 0.751103125 0.7121234375000001 0.7495375 0.7329453125 0.7479609375 0.75774375 0.733865625 0.759803125 0.7323000000000001
4 0.6834171875 0.644725 0.687515625 0.640028125 0.6832984375 0.6369015625000001 0.6645375 0.6369125 0.6352828125000001 0.632234375 0.61426875 0.62129375 0.6015453125 0.60721875 0.5974734374999999 0.6134796875 0.597496875 0.61504375 0.5977125 0.6291265625 0.6084234375 0.6478953125 0.6128078125 0.661975 0.617025 0.6651015625000001 0.63789375 0.6666546875 0.6462078124999999 0.665084375 0.656534375 0.6588203125 0.66901875 0.65725 0.6834890625 0.6494187499999999 0.6834171875 0.644725
4 0.9247640625000001 0.47874218749999997 0.901521875 0.4584140625 0.8382671875 0.4115109375 0.8320140625000001 0.41151406250000006 0.8237234375 0.4146484375 0.8071921874999999 0.4240453125 0.7866109375 0.4412671875 0.7722828125000001 0.4584859375 0.77230625 0.4600515625 0.7727140625 0.4866484375 0.787665625 0.5101093750000001 0.8045578125 0.5241828125 0.8318 0.5335546875 0.865153125 0.5335359375000001 0.885925 0.52883125 0.9127124999999999 0.5084765625000001 0.9229671875 0.4975171875 0.9290296874999999 0.4849984375 0.9247640625000001 0.47874218749999997
0 0.286784375 0.6073937500000001 0.2929171875 0.5995671875 0.29258125 0.5776625 0.2862078125 0.56984375 0.2861359375 0.56515 0.27760625 0.5526375 0.277534375 0.5479437500000001 0.27120937500000003 0.543253125 0.27116093750000003 0.5401234374999999 0.2543171875 0.5291812499999999 0.23555625 0.5291921875 0.2126984375 0.5338984375 0.168971875 0.5370515625000001 0.1503796875 0.5480140625 0.1340140625 0.5683625 0.1340390625 0.569928125 0.132146875 0.5824453125 0.14288125000000002 0.6027796875 0.157640625 0.6137234375 0.1703875 0.6293624999999999 0.18924375 0.6356109375 0.2121734375 0.6355984375 0.2308859375 0.632459375 0.2537203125 0.6261875 0.2744203125 0.6167890625 0.286784375 0.6073937500000001
0 0.37670781249999996 0.762240625 0.36822656249999997 0.7528578125000001 0.3574203125 0.7278296875 0.36118125 0.7012296874999999 0.3528671875 0.7027984375 0.3345625 0.7325359375 0.3345859375 0.7341015625 0.3348015625 0.7481828125 0.34131875 0.7653890624999999 0.3708140625 0.7857125 0.3855015625 0.7919625 0.40843125 0.79195 0.420890625 0.7888140625 0.4229265625 0.785684375 0.4019859375 0.7794375 0.3935765625 0.7747484375 0.37670781249999996 0.762240625
0 0.598696875 0.6932750000000001 0.6109875 0.6791859375 0.6107234375 0.661975 0.606459375 0.65571875 0.6042062500000001 0.64476875 0.597809375 0.635384375 0.583025 0.622875 0.5494328125 0.6072484375 0.5264796875 0.605696875 0.5243703125 0.6041328125 0.49938125 0.6057109374999999 0.48277656249999995 0.6104140625000001 0.46008750000000004 0.6260734375 0.4519171875 0.6370296875 0.445878125 0.6511140625 0.44590312499999996 0.6526796874999999 0.4440109375 0.665196875 0.4461421875 0.6683250000000001 0.47345781249999996 0.6823921875 0.5093015624999999 0.7089703125 0.519915625 0.72148125 0.5324718749999999 0.724603125 0.5699203125000001 0.7198890625 0.5802953125 0.716753125 0.5926828125 0.7089234375 0.598696875 0.6932750000000001
0 0.58656875 0.446071875 0.5759546875 0.43356093749999997 0.565171875 0.4100984375 0.5566421874999999 0.39758593750000004 0.5273140625 0.3882140625 0.49185468749999994 0.3866703125 0.48979375 0.3882359375 0.47937031250000006 0.388240625 0.4586453125 0.3960765625 0.45457187499999996 0.4023359375 0.45294375000000003 0.432065625 0.448846875 0.4367609375 0.4468828125 0.44458593750000003 0.4366515625 0.4571078125 0.43250625 0.45867500000000005 0.43252968750000004 0.4602390625 0.436915625 0.47431875 0.4432890625 0.4821375 0.464325 0.49464375 0.47477187499999995 0.4962015625 0.4767125 0.4868125 0.4869203125 0.4727265625 0.5096328125 0.45863125 0.5449265624999999 0.44922500000000004 0.5866171875 0.4492015625 0.58656875 0.446071875
0 0.683221875 0.35996562499999996 0.6996578125 0.34430937500000003 0.7056 0.3239671875 0.7137703125 0.313009375 0.7136734375 0.3067515625 0.635515625 0.2395171875 0.6101890625 0.21919062500000003 0.595478125 0.211375 0.5748249999999999 0.2239046875 0.5523265625 0.2520796875 0.5461453125 0.25677656249999997 0.54619375 0.25990625 0.5276484375 0.2739984375 0.519478125 0.2849546875 0.5195015625 0.28651875000000004 0.5154765625 0.29590937500000003 0.517896875 0.3178125 0.5349328125 0.341271875 0.5665125 0.36159375 0.5790921875 0.36628125 0.6062624999999999 0.370959375 0.639615625 0.37094218749999996 0.6562187500000001 0.3662390625 0.6687265625000001 0.36623125 0.683221875 0.35996562499999996
5 0.5056140625000001 0.8763859374999999 0.5306046875 0.8748078125 0.547209375 0.8701046874999999 0.553390625 0.86540625 0.5596203125 0.8638390625 0.580178125 0.8450515624999999 0.5883 0.8309656249999999 0.5922765625 0.818446875 0.591940625 0.7965421874999999 0.587628125 0.7871578125 0.5727734375 0.7699546875000001 0.5517109375 0.755884375 0.5307703125 0.7496375 0.5245171875 0.7496421875 0.5183109375 0.752775 0.5103093750000001 0.7746828125 0.5103328125 0.7762484374999999 0.4979453125 0.784078125 0.4875234375 0.7840828125 0.47094375 0.7903515624999999 0.441784375 0.79193125 0.43565 0.7997578125 0.43610625000000003 0.8294859375 0.4447078125 0.8466921875000001 0.467925 0.8654546875 0.48680625 0.8732671875 0.5056140625000001 0.8763859374999999
5 0.436603125 0.453978125 0.45083593750000006 0.43050156250000005 0.452559375 0.40703125 0.4481515625 0.3913875 0.43113906249999995 0.3694921875 0.4058859375 0.35386093750000003 0.382859375 0.347615625 0.35990625 0.3460625 0.35784531249999996 0.347628125 0.3474234375 0.347634375 0.3246125 0.3554703125 0.2978265625 0.37582499999999996 0.2938015625 0.385215625 0.2896796875 0.388346875 0.289703125 0.3899109375 0.2879546875 0.41181718749999996 0.2987375 0.4352796875 0.30724375 0.44622812500000003 0.3346296875 0.4649875 0.347209375 0.46967499999999995 0.3660171875 0.47279375 0.370234375 0.4759203125 0.40557499999999996 0.46964218750000003 0.42836093750000004 0.4602421875 0.436603125 0.453978125
5 0.48783125 0.53218125 0.4889578125 0.6057171875 0.5973531249999999 0.60565625 0.5962265625 0.5321203125 0.48783125 0.53218125
5 0.7886234375 0.436571875 0.8174703125 0.4146515625 0.8319421874999999 0.4068203125 0.8318937500000001 0.4036921875 0.7748453125 0.35365625 0.736915625 0.327078125 0.71609375 0.3286546875 0.6956562500000001 0.3552640625 0.6729437500000001 0.3693578125 0.67093125 0.374053125 0.6709546875 0.37561875 0.66889375 0.377184375 0.6691578125000001 0.39439375 0.673446875 0.402215625 0.6735421875000001 0.4084734375 0.679915625 0.41629375 0.7114953125000001 0.43661562500000006 0.753378125 0.44910937500000003 0.7721625000000001 0.45066249999999997 0.7763078125 0.44909687500000006 0.7886234375 0.436571875
5 0.5911890625 0.2035546875 0.5552734375 0.1722828125 0.525753125 0.15039375 0.5153546875 0.1519640625 0.488471875 0.1660609375 0.47412031250000003 0.181715625 0.47414375 0.1832796875 0.46408125 0.2067546875 0.46662187499999996 0.23648125000000003 0.4773328125 0.25525000000000003 0.48368124999999995 0.2615046875 0.5152140625 0.2786984375 0.5214421875 0.2771296875 0.5399640625 0.26147343749999996 0.5706796875 0.2254703125 0.591309375 0.21137812500000003 0.5911890625 0.2035546875
3 0.4306375 0.4727578125 0.43054218750000006 0.46649843750000003 0.42840937500000004 0.46337031250000005 0.42215625 0.463375 0.3993703125 0.47277500000000006 0.370234375 0.4759203125 0.343040625 0.4696765625 0.3241359375 0.4603 0.311484375 0.45091875000000003 0.303121875 0.44935937499999995 0.222090625 0.4666140625 0.20958281250000002 0.46662187499999996 0.1992078125 0.46975625 0.1617109375 0.4713421875 0.1492515625 0.474478125 0.1409625 0.47761250000000005 0.12239375 0.49013906250000006 0.1121140625 0.49953281250000003 0.11213906250000001 0.501096875 0.118559375 0.5120453125 0.12898281250000002 0.512040625 0.13104218750000002 0.510475 0.145921875 0.529240625 0.1585015625 0.533928125 0.214759375 0.5323328125 0.3207578125 0.5119328125 0.3747390625 0.49782187499999997 0.426540625 0.477453125 0.4306375 0.4727578125
3 0.739865625 0.5195234375 0.7941828125 0.5273171875 0.8004125 0.5257484375 0.8003640624999999 0.5226203125 0.78558125 0.5101109375 0.772809375 0.49290781250000004 0.7704625 0.4756984375 0.768353125 0.47413437500000005 0.7701984375 0.45848750000000005 0.768065625 0.455359375 0.7157125 0.4397421875 0.6883984375 0.42567656249999997 0.6630484375 0.4037859375 0.6502296875 0.383453125 0.6460125 0.38032499999999997 0.6459640624999999 0.377196875 0.641746875 0.3740703125 0.6354703125000001 0.3725078125 0.6188171875 0.37408281250000003 0.616709375 0.37251875 0.6021171875 0.3725265625 0.5728390625 0.366284375 0.5665375 0.363159375 0.5604265625 0.37255 0.5604515625000001 0.3741140625 0.56294375 0.4007125 0.57156875 0.41948281249999997 0.5843640625 0.43825000000000003 0.5950031250000001 0.4523265625 0.6434734375 0.4867203125 0.6518359375 0.48828125 0.6749343750000001 0.4992203125 0.70838125 0.505459375 0.729346875 0.513271875 0.739865625 0.5195234375
2 0.6597234375000001 0.730790625 0.6426624999999999 0.7057671875 0.6403859375 0.6932515625 0.62150625 0.6854390625 0.6089984375 0.6854453125 0.6028171875 0.6901421875 0.5947671875 0.7089234375 0.586525 0.7151859375 0.5761734374999999 0.7198859375 0.545003125 0.7261609375 0.5450265625 0.7277250000000001 0.5451937499999999 0.7386781250000001 0.553771875 0.75431875 0.5685078125 0.7636984375 0.5939062500000001 0.7887187499999999 0.60856875 0.7934046875 0.660634375 0.7902453125 0.6709375 0.7824171875 0.680975 0.757378125 0.6808078125 0.746425 0.6597234375000001 0.730790625
2 0.5082484375 0.7762484374999999 0.514165625 0.754340625 0.5202765625 0.74495 0.5199874999999999 0.726175 0.503 0.70584375 0.47348125 0.68395625 0.44616718750000006 0.6698890625 0.4294421875 0.6667703125 0.4044765625 0.6699125 0.37965468750000003 0.68244375 0.3652546875 0.6949687499999999 0.3612046875 0.70279375 0.361396875 0.7153109375 0.3593359375 0.7168765625 0.35936093750000003 0.718440625 0.361709375 0.7356499999999999 0.36817812499999997 0.7497281250000001 0.3787921875 0.7622390625000001 0.40196249999999994 0.777871875 0.4166015625 0.78099375 0.437590625 0.7903703125 0.46883437499999997 0.7887875 0.4875 0.78251875 0.497921875 0.7825124999999999 0.5082484375 0.7762484374999999
2 0.886021875 0.5350890625 0.8422703125 0.536678125 0.817353125 0.54295 0.7988078125 0.5570421875 0.7947578125 0.5648671875 0.786540625 0.5726953124999999 0.7865640625 0.574259375 0.78244375 0.5773906249999999 0.782803125 0.600859375 0.7871875 0.6149390625 0.7999343750000001 0.630578125 0.8168031250000001 0.6430859375 0.8335984375000001 0.6509 0.8566484375 0.658709375 0.8629015624999999 0.65870625 0.87548125 0.66339375 0.8922046874999999 0.6665125 0.929703125 0.664928125 0.9421375 0.6602265625 0.9545015625 0.6508328125 0.9773109375000001 0.6429968749999999 0.9781281249999999 0.642375 0.9802640625000001 0.5847125 0.9636046875 0.5647734375 0.9446515625 0.5522671875 0.9111078125000001 0.53976875 0.886021875 0.5350890625
1 0.31441093750000004 0.6418 0.314003125 0.6152015625 0.316015625 0.61050625 0.3097859375 0.612075 0.31191874999999997 0.6152031250000001 0.3036765625 0.621465625 0.30369999999999997 0.62303125 0.2975671875 0.63085625 0.297878125 0.651196875 0.3064328125 0.6652734375 0.321215625 0.6777828125 0.33171093749999997 0.6824703125 0.3504953125 0.684025 0.3504703125 0.682459375 0.3357359375 0.6730796875 0.32090312499999996 0.6574421874999999 0.31441093750000004 0.6418
1 0.3837515625 0.677746875 0.408596875 0.66678125 0.4293703125 0.6620765625 0.441709375 0.6511171874999999 0.4559171875 0.6260749999999999 0.4598703125 0.6119921875000001 0.45761874999999996 0.601040625 0.4491125 0.5900937500000001 0.43861875 0.5854046875 0.4198328125 0.58385 0.39050625 0.5744796875 0.3696609375 0.5744906249999999 0.346875 0.583890625 0.3345125 0.5932859374999999 0.32428124999999997 0.6058078124999999 0.32445 0.6167609374999999 0.3203515625 0.62145625 0.322628125 0.6339718750000001 0.3205921875 0.637103125 0.3226765625 0.6371015625 0.32689375 0.6402281249999999 0.3290734375 0.6464859374999999 0.3270609375 0.6511812499999999 0.3376046875 0.6589984375 0.3377484375 0.6683859375 0.34414531249999997 0.67776875 0.3442171875 0.6824640625 0.36305 0.687146875 0.3734484375 0.6855765625 0.3837515625 0.677746875
1 0.3778796875 0.5666640625 0.36515624999999996 0.5525890625 0.362615625 0.5228625 0.36860624999999997 0.5056484375 0.3664734375 0.5025203125 0.3602203125 0.5025234375000001 0.3415546875 0.5087921875 0.3353015625 0.508796875 0.289609375 0.5197734374999999 0.28134375 0.5244718749999999 0.27933125 0.5291671874999999 0.27935468750000003 0.53073125 0.27961874999999997 0.5479421875 0.2839796875 0.56045625 0.2989078125 0.582353125 0.3094265625 0.58860625 0.32198125 0.591728125 0.332403125 0.591721875 0.3530328125 0.5776296875 0.37167343750000004 0.5697953124999999 0.3779265625 0.5697921874999999 0.3778796875 0.5666640625
1 0.29023125 0.4243328125 0.28591875 0.41494687499999994 0.28357031250000003 0.39773749999999997 0.27928125000000004 0.3899171875 0.26258125 0.3883609375 0.2605203125 0.3899265625 0.24801406250000002 0.389934375 0.24389218750000002 0.39306562500000003 0.2397234375 0.39306874999999997 0.22731249999999997 0.3993328125 0.2128890625 0.41029375 0.20265781249999998 0.422815625 0.20268125 0.42438125 0.198609375 0.4306421875 0.198871875 0.4478515625 0.21164375 0.46505625000000006 0.23246406249999998 0.4634796875 0.2698421875 0.454071875 0.29272343749999996 0.45092968750000006 0.3030984375 0.44779375000000005 0.305134375 0.44466406249999996 0.30091718749999996 0.4415375 0.29023125 0.4243328125
0 0.3056125 0.339834375 0.29739375 0.3476625 0.29550156250000004 0.36017968749999996 0.287403125 0.37583125 0.28742812500000003 0.37739531249999997 0.28965625 0.38678124999999997 0.29574218750000003 0.3758265625 0.3163234375 0.3586046875 0.34116875 0.3476375 0.35988125000000004 0.34449843750000003 0.3346515625 0.33043125 0.32619375 0.3226125 0.322025 0.3226140625 0.3096609375 0.332009375 0.3056125 0.339834375
1 0.4495875 0.3491421875 0.46202343749999997 0.3444421875 0.4743390625 0.33191875 0.4763265625 0.3256578125 0.492690625 0.305309375 0.4946796875 0.29905 0.490390625 0.2912296875 0.48804218749999995 0.2740203125 0.481621875 0.2630703125 0.46892187500000004 0.2505609375 0.439475 0.2333671875 0.4227265625 0.2286828125 0.3893515625 0.2271359375 0.387290625 0.2287015625 0.36852968750000004 0.2287125 0.3602640625 0.23341093750000003 0.35609531250000004 0.23341249999999997 0.3416703125 0.2443734375 0.32957187499999996 0.27097812499999996 0.3295953125 0.27254375 0.323653125 0.2928859375 0.323965625 0.3132265625 0.3324953125 0.3257375 0.345146875 0.33511875 0.35983437500000004 0.34136875 0.37445 0.34292500000000004 0.3828359375 0.34605 0.3932578125 0.34604375 0.40164375 0.34916874999999997 0.4495875 0.3491421875
1 0.51796875 0.32250625 0.5113796875000001 0.3006046875 0.5132734375 0.2880875 0.502921875 0.2927875 0.49889687499999996 0.3021765625 0.480471875 0.3240921875 0.4682765625 0.3444375 0.4703859375 0.3460015625 0.48114375000000004 0.3679 0.4958796875 0.3772796875 0.527290625 0.38665 0.539821875 0.3882078125 0.5440390625 0.391334375 0.5565703125 0.3928921875 0.5582953125000001 0.369421875 0.5623437499999999 0.361596875 0.5328484375 0.3412734375 0.51796875 0.32250625
1 0.7289656250000001 0.6243593749999999 0.75163125 0.6071359375000001 0.75565625 0.5977453125000001 0.7618140624999999 0.5914843750000001 0.765815625 0.5805296875 0.7653828125000001 0.5523671875 0.7589140624999999 0.5382890625 0.7483234375000001 0.5273421875000001 0.7314796875 0.5164 0.7042125 0.5054624999999999 0.6583296875 0.5039234375 0.62720625 0.5133281249999999 0.610696875 0.5242890625000001 0.5962984375 0.5368140625 0.5882468750000001 0.55559375 0.588271875 0.557159375 0.5884875 0.571240625 0.5951 0.59470625 0.6100046875 0.6150375 0.6247640624999999 0.6259812499999999 0.6352578125 0.6306703125 0.6540421875 0.6322234375 0.6645140625 0.635346875 0.6874421875000001 0.635334375 0.7123859375 0.6306265625 0.7289656250000001 0.6243593749999999
1 0.8301968750000001 0.70096875 0.848790625 0.6900062499999999 0.8549484375 0.6837453124999999 0.8569125 0.6759203125 0.8610093750000001 0.671225 0.8608890625000001 0.6634015625 0.8189359375 0.6462140625 0.7957421874999999 0.629015625 0.785103125 0.614940625 0.7807671875 0.603990625 0.77825 0.5758281249999999 0.7699609374999999 0.5789625 0.7618859375 0.596178125 0.74961875 0.61183125 0.7310734375 0.625921875 0.7186390625 0.6306234374999999 0.7124578125000001 0.6353203125 0.7104453125 0.640015625 0.71046875 0.6415796874999999 0.7084078125 0.6431453125 0.7087203125 0.6634859375 0.71940625 0.680690625 0.7278640625 0.688509375 0.7446843750000001 0.6978875 0.7593484375 0.7025734375 0.7760234374999999 0.7025640625 0.7885796875 0.7056859375 0.811509375 0.7056734375 0.8301968750000001 0.70096875
1 0.9417515625 0.499071875 0.9334374999999999 0.5006406250000001 0.9231343750000001 0.5084703125 0.9210265625 0.50690625 0.9025296875000001 0.5241281250000001 0.9025531250000001 0.5256921875 0.9005171875 0.528821875 0.9026734375000001 0.5335156249999999 0.909 0.53820625 0.94251875 0.5491390625 0.96990625 0.5679000000000001 0.9762796874999999 0.57571875 0.9804484375 0.5757171875 0.9796328125 0.5225203125 0.956415625 0.5037578125 0.9417515625 0.499071875
