5 0.1324484375 0.8831734375 0.139771875 0.9069734374999999 0.335721875 0.8187265625 0.33255 0.7818265625 0.322103125 0.7585078125 0.2859390625 0.7225203125 0.25415156250000004 0.7149390624999999 0.21517499999999998 0.7230015625 0.1755296875 0.7519359375 0.143028125 0.8005453125 0.1321359375 0.839603125 0.1324484375 0.8831734375
0 0.1895921875 0.67708125 0.17035 0.7049609375 0.16066249999999999 0.7355265625 0.16035 0.7646531249999999 0.20736249999999998 0.7242015625 0.26508906250000003 0.713259375 0.30375312499999996 0.7343234375 0.3304515625 0.7696875000000001 0.33469375 0.7586515625 0.33335312500000003 0.7277015625 0.31768125 0.6927218749999999 0.2833484375 0.662684375 0.24981874999999998 0.6512171875 0.2201296875 0.6557765625 0.1895921875 0.67708125
2 0.4605046875 0.6853296875 0.43018906250000005 0.6754453125000001 0.3821953125 0.6932 0.35531875 0.7264046875 0.33844375000000004 0.7726140625 0.341971875 0.8177671875 0.49791875 0.750203125 0.4818015625 0.70490625 0.4605046875 0.6853296875
0 0.36611875 0.5398921875 0.3498234375 0.5631640625000001 0.33009218749999997 0.61604375 0.33415625000000004 0.673575 0.359559375 0.71536875 0.40509843749999996 0.6772203125 0.439565625 0.6740046875 0.47988125000000004 0.6968921875 0.503765625 0.6309140625 0.4969328125 0.5821156249999999 0.4817078125 0.5574515625 0.44259843749999994 0.526071875 0.412371875 0.51825 0.3904953125 0.5216093749999999 0.36611875 0.5398921875
1 0.6019875 0.6469875 0.5744859375 0.66575 0.5510015625 0.7046640625 0.5490390625 0.7319671875 0.6143109375 0.7136359375 0.6849390625 0.6737124999999999 0.65373125 0.6431953125 0.6019875 0.6469875
5 0.4946140625 0.6738609375 0.48144375000000006 0.696653125 0.5009546874999999 0.747659375 0.5427875 0.7329265625 0.5523859375 0.7002984375 0.589575 0.6509703124999999 0.5630984375 0.5844171874999999 0.5295687499999999 0.57295 0.5002375 0.5857625 0.50394375 0.635040625 0.4946140625 0.6738609375
1 0.5640796875 0.53441875 0.5662234374999999 0.5839375 0.595646875 0.645884375 0.648865625 0.6397890625 0.686234375 0.6672828125 0.6947609375 0.60989375 0.7203859375 0.5478015625 0.7090453125 0.50385 0.6839984375 0.470309375 0.65671875 0.45788124999999996 0.6164484375 0.47237343750000005 0.5785453125 0.5051953124999999 0.5640796875 0.53441875
2 0.6888234375 0.6544234375 0.6926640625 0.67045 0.8593703125 0.597078125 0.8636109375000001 0.5860421875 0.8497703124999999 0.5570125 0.8200359374999999 0.5241921875 0.7912828125 0.5140687500000001 0.7540484375000001 0.5260171875 0.726546875 0.5447796874999999 0.7073953125 0.574721875 0.6936453124999999 0.6204500000000001 0.6888234375 0.6544234375
1 0.842715625 0.539403125 0.8670046875 0.591753125 0.9287046875 0.563584375 0.9136593749999999 0.5430484375 0.8942828125 0.531484375 0.8752625 0.5281734375 0.842715625 0.539403125
4 0.7521265625 0.4453078125 0.749984375 0.46848437499999995 0.767665625 0.513540625 0.8149906250000001 0.5166593749999999 0.834725 0.536475 0.8532078125 0.5274062500000001 0.8811109374999999 0.48158124999999996 0.8728046875000001 0.43508593749999996 0.8477578125 0.4015453125 0.8300328125 0.39180468749999997 0.7955671875 0.39502031249999997 0.7667703125 0.4202125 0.7521265625 0.4453078125
5 0.7519484375000001 0.44118124999999997 0.7892265625 0.3939171875 0.7668140625000001 0.384896875 0.7354734374999999 0.38763281250000003 0.69913125 0.42021406250000004 0.7146250000000001 0.45106718749999997 0.7556546875000001 0.49046093749999997 0.748421875 0.46872499999999995 0.7519484375000001 0.44118124999999997
3 0.6518515625 0.3817796875 0.6692640625 0.420646875 0.66140625 0.4571625 0.68225625 0.466421875 0.700428125 0.4864796875 0.723421875 0.545259375 0.7648078125 0.5202109375 0.757575 0.49847343750000006 0.6997578125 0.43465625 0.674084375 0.3866734375 0.6547078125 0.37510937499999997 0.6518515625 0.3817796875
4 0.5368890625 0.451359375 0.5753296875 0.5036125 0.6209578125 0.467528125 0.6566296875 0.45581875 0.66796875 0.42707656250000003 0.66734375 0.41263281249999995 0.6448859375 0.3662328125 0.6189015625 0.3473765625 0.5722015625 0.35870156249999996 0.54340625 0.38389375000000003 0.5366640625 0.409853125 0.5368890625 0.451359375
0 0.510415625 0.530196875 0.5102828125000001 0.56345 0.5045671875 0.5767890625 0.5326046875 0.57040625 0.563009375 0.582353125 0.5626953125 0.538784375 0.5722937499999999 0.5061546875 0.535415625 0.45366249999999997 0.501753125 0.475446875 0.49585937500000005 0.4846609375 0.510415625 0.530196875
4 0.49840625000000005 0.5798125 0.508809375 0.565753125 0.506396875 0.51004375 0.494296875 0.4849 0.47309062500000004 0.4673859375 0.43375624999999995 0.4671953125 0.40688124999999997 0.5004 0.4044703125 0.5173875 0.45545625 0.5324046874999999 0.49840625000000005 0.5798125
1 0.25589062500000004 0.64613125 0.30593906249999997 0.67583125 0.3312984375 0.6802453125000001 0.3260296875 0.63120625 0.3368328125 0.590084375 0.36455625 0.5401328125 0.38728125 0.5200265625 0.3612078125 0.49910625 0.3109359375 0.5005953125 0.2745953125 0.5331765625 0.25477343750000003 0.5839921875 0.25589062500000004 0.64613125
1 0.252496875 0.6404203125000001 0.2520953125 0.5947875 0.21642343749999998 0.606496875 0.198475 0.6279453125 0.18869843749999998 0.6564484375 0.187940625 0.6752578125 0.22316562499999998 0.6532328125 0.25763125 0.6500171875 0.252496875 0.6404203125000001
0 0.1678015625 0.5371125 0.17575000000000002 0.57535625 0.19115312499999998 0.604146875 0.20079687499999999 0.608896875 0.2518265625 0.5885984375 0.26428281249999996 0.5492984375 0.3031234375 0.50179375 0.27928125000000004 0.4597609375 0.253565625 0.44709374999999996 0.1961953125 0.4662890625 0.1712390625 0.5075078125 0.1678015625 0.5371125
0 0.7273890625 0.2372515625 0.6838140625 0.24809687500000002 0.6505984375 0.2801984375 0.6569843750000001 0.31868124999999997 0.6481 0.3678171875 0.6689499999999999 0.3770765625 0.6926140625 0.41498437499999996 0.698953125 0.4160875 0.727659375 0.38883125 0.7509203125 0.38110625 0.767215625 0.3578328125 0.7711890625 0.3406078125 0.7660984375 0.29569375 0.7370328125000001 0.2420015625 0.7273890625 0.2372515625
0 0.42455625 0.3273703125 0.4036625 0.35342656250000004 0.39830625 0.37501875 0.40049375 0.389221875 0.43442499999999995 0.37362656250000004 0.45697031250000003 0.3493953125 0.46813125 0.316525 0.42455625 0.3273703125
3 0.48635 0.4466578125 0.518046875 0.3794796875 0.5203218749999999 0.32305 0.5075968750000001 0.2834640625 0.49465000000000003 0.27506718750000003 0.4780875 0.29215 0.4526390625 0.35836718749999996 0.42228125 0.38380000000000003 0.37401875 0.395365625 0.32798906250000004 0.3858171875 0.275128125 0.40016562499999997 0.228740625 0.3823640625 0.2178921875 0.38610781250000004 0.19865 0.4139859375 0.1976234375 0.42660625 0.20423125 0.43390000000000006 0.23722343750000002 0.4329875 0.27240625 0.44627812499999997 0.2911125 0.47871406250000004 0.313971875 0.4980515625 0.3515640625 0.49435624999999994 0.3804953125 0.5086062499999999 0.39933593749999996 0.5077906249999999 0.436703125 0.46258906250000004 0.4713484375 0.46349999999999997 0.48635 0.4466578125
1 0.5473796875 0.3666671875 0.535546875 0.34771406250000003 0.5292515625 0.31129375000000004 0.5371078125000001 0.274778125 0.5517515625 0.2496828125 0.536125 0.25208125 0.510365625 0.27473125 0.5306375 0.3796234375 0.5401015625000001 0.380246875 0.5473796875 0.3666671875
1 0.3120953125 0.3820265625 0.3091484375 0.3866328125 0.39268125 0.39042187500000003 0.383975 0.37098906249999997 0.3585265625 0.3645109375 0.33352499999999996 0.3683515625 0.3120953125 0.3820265625
1 0.2080703125 0.44992656249999996 0.205303125 0.458659375 0.2677171875 0.44699687499999996 0.22941093750000002 0.4341875 0.2080703125 0.44992656249999996
5 0.5533140624999999 0.2494421875 0.5371984375000001 0.2768421875 0.530546875 0.3048640625 0.529965625 0.3278 0.5506828125000001 0.3703140625 0.5767109375 0.35385468750000004 0.614034375 0.34396875 0.642965625 0.35822031249999997 0.6541265625 0.32535156249999997 0.652965625 0.298528125 0.6353734375 0.255534375 0.6219796875 0.23682187500000002 0.6026921875 0.2273203125 0.577690625 0.23116093750000002 0.5533140624999999 0.2494421875
