3 0.5709125 0.5059437499999999 0.5597734375 0.4928125 0.551678125 0.473628125 0.5515890625 0.4673890625 0.5483390625 0.45888437499999996 0.548071875 0.4401671875 0.5571109375 0.415771875 0.566328125 0.40385312500000003 0.566209375 0.395534375 0.55799375 0.3680328125 0.555953125 0.3346640625 0.5478875000000001 0.317559375 0.5383734375 0.30868125 0.5368078125 0.3085875 0.5212687500000001 0.3159734375 0.508890625 0.325625 0.505878125 0.3337578125 0.5062625 0.36079218750000003 0.5195609375 0.4156109375 0.540746875 0.4750546875 0.5584749999999999 0.5114359375 0.56476875 0.5138890625 0.570971875 0.510103125 0.5709125 0.5059437499999999
3 0.5303921875000001 0.736253125 0.5335828125 0.7405999999999999 0.542859375 0.7328406249999999 0.5615609375 0.7277218750000001 0.581975 0.73309375 0.597040625 0.692434375 0.60779375 0.6785296875 0.6248390625 0.667078125 0.6355921875 0.653175 0.6321640625 0.632190625 0.6289140625 0.6236859375 0.6283796875000001 0.5862515625 0.6268140625 0.5861578125 0.6143171875 0.587490625 0.5941390625 0.59875625 0.5910671875 0.602728125 0.5879359375 0.6025421875 0.5740515625 0.616259375 0.5602546875 0.636215625 0.5436546875 0.6788624999999999 0.5378359374999999 0.7096843749999999 0.531809375 0.7259484375 0.5303921875000001 0.736253125
2 0.41235 0.4674015625 0.31996718749999997 0.4618953125 0.32174843750000004 0.586675 0.41413124999999995 0.59218125 0.41235 0.4674015625
2 0.32973125 0.7076687500000001 0.33135625 0.711921875 0.3424953125 0.725053125 0.3471921875 0.7253328125 0.35824218750000003 0.7322265625 0.36134374999999996 0.7303328125 0.3704421875 0.710096875 0.379659375 0.698178125 0.3967046875 0.6867265625 0.40923125000000005 0.6874734375 0.4138703125 0.68359375 0.413603125 0.6648765625 0.3962015625 0.6513718749999999 0.39463593750000003 0.6512796875 0.3899078125 0.64891875 0.3803359375 0.63588125 0.377025 0.6232171875 0.369196875 0.62275 0.356759375 0.6282421874999999 0.33061562499999997 0.6599296875 0.3276609375 0.672221875 0.32786875000000004 0.6867796875 0.33111875 0.6952843750000001 0.32973125 0.7076687500000001
2 0.45914374999999996 0.8961609375 0.47459375000000004 0.8825359374999999 0.5160390625 0.826825 0.515684375 0.8018703125 0.512403125 0.791284375 0.5122265625 0.7788062499999999 0.5089750000000001 0.7703015625 0.49780781249999995 0.755090625 0.4788984375 0.7456515625 0.4773328125 0.7455578125 0.46324062499999996 0.74471875 0.4523390625 0.7482234375 0.4399609375 0.7578765625 0.43228125000000006 0.7678078125 0.41875156249999995 0.80648125 0.41438125000000003 0.829078125 0.41621406250000004 0.8478875 0.4339421875 0.88426875 0.44188906250000004 0.8930546874999999 0.45914374999999996 0.8961609375
0 0.47758124999999996 0.4338875 0.499234375 0.41647656250000004 0.5086 0.41495781249999997 0.5147453125 0.4070125 0.5047265624999999 0.3627796875 0.5028046875000001 0.3377296875 0.48534375 0.320065625 0.483778125 0.319971875 0.48218281249999995 0.31779999999999997 0.46182656250000004 0.3165859375 0.4540578125 0.320278125 0.4386953125 0.3401421875 0.4341765625 0.35234062499999996 0.43621718749999994 0.3857078125 0.4459671875 0.4112234375 0.4523796875 0.4219953125 0.4650546875 0.43314062499999995 0.47758124999999996 0.4338875
0 0.584803125 0.6023546875 0.6049515624999999 0.5890109375 0.6267546875 0.5819984375 0.6298265625 0.5780265625000001 0.6327499999999999 0.5636546874999999 0.63263125 0.5553359375 0.6277265625 0.5404984374999999 0.6149625000000001 0.5231140625 0.5867484375 0.5193546875 0.5851531249999999 0.5171828125 0.5835874999999999 0.5170890625 0.57103125 0.5142625 0.5663640625 0.5160625 0.560159375 0.5198484375 0.5524796875 0.5297796875 0.5525390625 0.5339390625 0.56686875 0.5514171875 0.576678125 0.5810921875 0.5784812500000001 0.597821875 0.5801062499999999 0.6020749999999999 0.584803125 0.6023546875
0 0.6497437500000001 0.6581734375 0.70203125 0.594796875 0.72658125 0.5609359375 0.6870203125 0.5294875 0.6854546874999999 0.52939375 0.6682296875 0.5283671875 0.657359375 0.533953125 0.6558515625 0.53801875 0.6527203125 0.5378328125 0.6419671874999999 0.5517375 0.6343468750000001 0.565828125 0.6300343749999999 0.592584375 0.6321343749999999 0.6301109375 0.6402593750000001 0.651375 0.6497437500000001 0.6581734375
0 0.41041249999999996 0.66053125 0.4198359375 0.6631703124999999 0.43691250000000004 0.6537984375 0.44293750000000004 0.637534375 0.453690625 0.6236312500000001 0.462996875 0.6179515624999999 0.464325 0.6014078125 0.46730937499999997 0.5911953125 0.46390937499999996 0.5722921875 0.45584375 0.5551875 0.44310937499999997 0.539884375 0.4273625 0.5327109375 0.42579687499999996 0.5326187499999999 0.41483593750000003 0.5319640625 0.407065625 0.5356578125 0.38101093750000004 0.573584375 0.37495625 0.5877687500000001 0.37537031249999997 0.6168843749999999 0.3801875 0.6254828125 0.3819015625 0.635975 0.38987812499999996 0.6468390625 0.404059375 0.65391875 0.41041249999999996 0.66053125
1 0.6080703125 0.3689390625 0.5953953125 0.35779375 0.5938296875 0.3577 0.57660625 0.35667343749999997 0.5610671875000001 0.36405937499999996 0.5612140625 0.3744578125 0.5678046875 0.3977078125 0.5725015625000001 0.3979875 0.5833437499999999 0.39032187500000004 0.5942453125 0.386815625 0.619328125 0.3903890625 0.6192390624999999 0.38415 0.6080703125 0.3689390625
1 0.680696875 0.5249546875 0.6964750000000001 0.5342078124999999 0.7058687499999999 0.5347671875 0.719871875 0.5293687499999999 0.7336984375 0.511490625 0.7380390625000001 0.48681562500000003 0.737771875 0.4680984375 0.7326890625 0.4407828125 0.724653125 0.4257578125 0.7167343749999999 0.4190515625 0.708875 0.41650625 0.693246875 0.4176515625 0.6916515624999999 0.4154796875 0.6900859374999999 0.41538593749999997 0.6665984375 0.4139859375 0.6557859374999999 0.42373125 0.6512374999999999 0.4338484375 0.6468359375 0.454365625 0.6472515624999999 0.48348125 0.6506796875 0.5044640625000001 0.6539296875 0.5129703125 0.6619078125 0.5238343750000001 0.6728984375 0.52656875 0.680696875 0.5249546875
1 0.48919375 0.48029374999999996 0.498440625 0.4704546875 0.5140687500000001 0.46930937500000003 0.5156046875 0.467321875 0.537615625 0.47486875 0.5375265625 0.4686296875 0.5196203125000001 0.4197703125 0.5180546875 0.4196765625 0.5164593749999999 0.417503125 0.5086296875 0.4170375 0.49616249999999995 0.42045000000000005 0.48685625000000005 0.42612812499999997 0.4791765625 0.4360609375 0.47465624999999995 0.448259375 0.4748046875 0.45865625000000004 0.4827828125 0.46952187500000003 0.48606249999999995 0.48010624999999996 0.48919375 0.48029374999999996
1 0.46828125 0.5496953125 0.47761718750000004 0.546096875 0.4791234375 0.5420296875 0.47708281250000006 0.5086625 0.4846453125 0.4904125 0.48449687499999994 0.4800140625 0.47965156249999996 0.4693359375 0.470078125 0.45629687499999994 0.4589984375 0.44732500000000003 0.447978125 0.44251250000000003 0.4464125 0.44241875 0.4291890625 0.4413921875 0.4183171875 0.44697812499999995 0.40145 0.47090781249999997 0.40000156249999996 0.47913281249999995 0.4112296875 0.49850312499999994 0.414628125 0.5174078125 0.421040625 0.5281781249999999 0.43991875 0.5355375 0.454159375 0.5467765625000001 0.46828125 0.5496953125
1 0.44388750000000005 0.704084375 0.44397656249999995 0.7103234375 0.448821875 0.7210015624999999 0.46315156249999995 0.7384796875 0.48516250000000005 0.746025 0.4992546875 0.7468640625 0.51479375 0.7394796875 0.5286484375 0.7236828125 0.5362109375 0.70543125 0.536121875 0.6991921875 0.5391343749999999 0.6910609375 0.5388078125 0.6681843749999999 0.53221875 0.644934375 0.5162640625 0.6232046875 0.5067796875 0.61640625 0.5052140625 0.6163125 0.49265781249999996 0.6134859374999999 0.459925 0.621925 0.4491125 0.63166875 0.44149062499999997 0.6457609375 0.43853749999999997 0.6580515625000001 0.4401625 0.6623046875 0.43880468749999996 0.67676875 0.4404 0.6789421875 0.44063749999999996 0.6955796875 0.44388750000000005 0.704084375
1 0.421646875 0.79003125 0.4307140625 0.7677140625 0.44920781249999997 0.7480375 0.4632109375 0.7426390625 0.4440953125 0.7186421875 0.43620625 0.714015625 0.434640625 0.7139234375 0.42681250000000004 0.71345625 0.41591093749999997 0.7169625 0.406634375 0.7247203125 0.39744687500000003 0.73871875 0.391421875 0.7549828125 0.39204374999999997 0.79865625 0.398575 0.8177453124999999 0.408146875 0.830784375 0.41127812500000005 0.8309703125000001 0.421646875 0.79003125
4 0.3898546875 0.7548890625 0.40199687500000003 0.7285999999999999 0.41124218749999997 0.7187625 0.42834843749999996 0.7114703125 0.42828906250000004 0.7073109375 0.4202515625 0.6922859375 0.4061 0.6872874999999999 0.404534375 0.6871937499999999 0.39516874999999996 0.6887125000000001 0.3781234375 0.7001640625000001 0.3613734375 0.7324125 0.3601046875 0.7531156250000001 0.3633546875 0.761621875 0.372928125 0.7746593749999999 0.3823828125 0.779378125 0.385603125 0.7858046875 0.39018125000000003 0.777765625 0.3898546875 0.7548890625
4 0.58046875 0.7371609375 0.5694484375 0.7323484375 0.5678828125 0.7322546875 0.553790625 0.7314140625000001 0.538221875 0.7367203124999999 0.5320171874999999 0.7405062499999999 0.5197578125 0.7584765625000001 0.5152984375 0.774834375 0.5155359374999999 0.7914718749999999 0.5205296875000001 0.8125484374999999 0.5252859375 0.8169875 0.5836890625 0.7435859375 0.58046875 0.7371609375
4 0.5540812500000001 0.64208125 0.5755578125 0.61219375 0.575171875 0.5851578125 0.5669265625000001 0.5555765625 0.54940625 0.5337531249999999 0.54151875 0.5291265625 0.539953125 0.5290328125 0.5383578124999999 0.526859375 0.527396875 0.52620625 0.522728125 0.52800625 0.5073078125 0.5437109375 0.5043546875 0.5560015625 0.5047984375000001 0.587196875 0.511359375 0.6083671875000001 0.520990625 0.6255640625 0.5336953125 0.6387890625 0.5540812500000001 0.64208125
4 0.5057421875 0.5436171875 0.519596875 0.5278203125 0.5273671875 0.5241265625 0.53989375 0.5248734374999999 0.54778125 0.5295 0.5569984375 0.51758125 0.5536890624999999 0.5049171875 0.54568125 0.49197187500000006 0.5440265625 0.485640625 0.5376453125 0.47694843750000004 0.526625 0.47213593749999994 0.525059375 0.47204218750000004 0.5125031250000001 0.469215625 0.49536875 0.47442812500000003 0.484675 0.4924921875 0.48473437500000005 0.49665156250000003 0.47867812499999995 0.5108359375 0.47891562499999996 0.5274734375000001 0.48382031249999996 0.5423109375 0.4933640625 0.55326875 0.5012218749999999 0.5558156249999999 0.5057421875 0.5436171875
5 0.7168593750000001 0.5375 0.7138765625 0.5477125 0.7186625 0.5542312500000001 0.7296828125 0.5590437500000001 0.76504375 0.5154375 0.7649843749999999 0.511278125 0.7430921875000001 0.5120515625000001 0.7214375000000001 0.5294609375 0.7214671874999999 0.531540625 0.7168593750000001 0.5375
5 0.637425 0.671984375 0.6311312499999999 0.66953125 0.617128125 0.67493125 0.607853125 0.6826890624999999 0.5971 0.69659375 0.5865843749999999 0.7271359375 0.5867328125 0.737534375 0.5882984375 0.7376265625 0.6375140625 0.6782234375 0.638990625 0.672078125 0.637425 0.671984375
5 0.26399062500000003 0.5957 0.2641390625 0.6060984375 0.2706390625 0.6231093750000001 0.2818078125 0.6383203125 0.3039375 0.654184375 0.3258875 0.6575703125000001 0.33980156250000004 0.6459328125 0.3567 0.6240828125 0.3594453125 0.597234375 0.35459999999999997 0.58655625 0.348278125 0.5820234375 0.34671093750000004 0.5819296875 0.335721875 0.5791968749999999 0.32774375 0.5683312500000001 0.32599999999999996 0.5557609375 0.3194703125 0.5366703125 0.2991140625 0.53545625 0.2804734375 0.544734375 0.2727921875 0.5546671875 0.2637234375 0.5769828125 0.2623953125 0.5935265625 0.26399062500000003 0.5957
5 0.511478125 0.6166859375 0.5130140625 0.6147 0.5032625000000001 0.5891828125 0.5031140625 0.578784375 0.50151875 0.5766125 0.5030546874999999 0.5746249999999999 0.502878125 0.562146875 0.499715625 0.55988125 0.49815 0.5597875 0.493453125 0.5595078124999999 0.49038125 0.5634812499999999 0.4872484375 0.5632937499999999 0.47188749999999996 0.5831578125 0.46595000000000003 0.6056609374999999 0.46606875 0.6139796875 0.470796875 0.6163390625 0.48949687500000005 0.6112203125 0.5035890625 0.6120593750000001 0.511478125 0.6166859375
