2 0.416515625 0.5421875 0.3999421875 0.5546875 0.3917015625 0.5671875 0.3917484375 0.5734375 0.4484265625 0.63125 0.48624999999999996 0.675 0.5114124999999999 0.696875 0.5238765625 0.6921875 0.5404390625 0.678125 0.550740625 0.6625 0.5588890625 0.6375 0.5588765625 0.6359375 0.5544796875 0.6046875 0.5439 0.5828125 0.5291890625 0.565625 0.5103359375000001 0.5515625 0.4936234375 0.5453125 0.45399375 0.5390625 0.45192187500000003 0.540625 0.4498265625 0.5390625 0.43315937499999996 0.5390625 0.416515625 0.5421875
2 0.2171875 0.0703125 0.1985296875 0.0828125 0.1840734375 0.1 0.17383125 0.1234375 0.1739359375 0.1375 0.18886562499999998 0.184375 0.21407343750000002 0.2125 0.22454843750000003 0.2203125 0.247546875 0.23125 0.2934484375 0.240625 0.2955203125 0.2390625 0.297615625 0.240625 0.3142828125 0.240625 0.3454984375 0.2359375 0.3808109375 0.221875 0.397384375 0.209375 0.4118515625 0.19375 0.4262734375 0.171875 0.43241874999999996 0.1578125 0.4324078125 0.15625 0.43225625 0.1359375 0.42585625 0.115625 0.40899374999999993 0.0890625 0.392221875 0.075 0.354571875 0.0546875 0.333715625 0.0515625 0.32118125000000003 0.046875 0.264953125 0.05 0.235890625 0.0640625 0.2171875 0.0703125
0 0.6841671875 0.39375 0.6758453125 0.3953125 0.6571984375000001 0.409375 0.6468515625 0.41875 0.6407171875000001 0.434375 0.63038125 0.4453125 0.6284484375 0.465625 0.6368750000000001 0.478125 0.651515625 0.4859375 0.6598609375 0.4875 0.6829171875 0.50625 0.6954515625 0.5109375 0.728784375 0.5109375 0.7537265625 0.503125 0.7765625 0.4921875 0.7951859375 0.475 0.8013546874999999 0.4640625 0.8013421875000001 0.4625 0.8033906249999999 0.4578125 0.8032406249999999 0.4375 0.790578125 0.415625 0.7675234375 0.396875 0.75288125 0.3890625 0.7340859375 0.3828125 0.7320140625 0.384375 0.71118125 0.384375 0.692465625 0.3890625 0.6841671875 0.39375
0 0.29762656249999997 0.2421875 0.29553281249999996 0.240625 0.278865625 0.240625 0.24755781250000003 0.2328125 0.2266546875 0.2234375 0.2036109375 0.20625 0.20149374999999997 0.2015625 0.1889234375 0.1921875 0.1847796875 0.1953125 0.17453749999999998 0.21875 0.1559375 0.2390625 0.1518515625 0.25 0.1581828125 0.2609375 0.16881875 0.290625 0.1898375 0.315625 0.202384375 0.321875 0.21914375000000003 0.334375 0.231678125 0.3390625 0.27961874999999997 0.3421875 0.2900578125 0.3453125 0.2983796875 0.34375 0.300475 0.3453125 0.3212609375 0.3390625 0.335740625 0.325 0.34197968749999996 0.3234375 0.35026562499999997 0.3171875 0.35851875 0.30625 0.3626734375 0.3046875 0.36265000000000003 0.3015625 0.370903125 0.290625 0.3811578125 0.26875 0.383159375 0.2578125 0.3872921875 0.253125 0.3872796875 0.2515625 0.3830328125 0.240625 0.382975 0.2328125 0.37667812500000003 0.2265625 0.36211875 0.2296875 0.355903125 0.234375 0.3392703125 0.2390625 0.3142828125 0.240625 0.3122109375 0.2421875 0.3059484375 0.240625 0.29762656249999997 0.2421875
0 0.0020828125 0.0 0.0023265625 0.0328125 0.014826562500000001 0.0328125 0.016921875 0.034375 0.0210765625 0.0328125 0.0523953125 0.0421875 0.0544671875 0.040625 0.06281250000000001 0.0421875 0.0962390625 0.0546875 0.11087968749999999 0.0625 0.1381140625 0.0828125 0.16961874999999998 0.1171875 0.18196718750000002 0.096875 0.1964234375 0.0796875 0.213009375 0.06875 0.23585625000000002 0.059375 0.23584531250000002 0.0578125 0.24414375000000002 0.053125 0.24401562499999999 0.0359375 0.23766250000000003 0.021875 0.2229390625 0.003125 0.2229171875 0.0 0.0020828125 0.0
0 0.48562500000000003 0.309375 0.5001390625 0.3 0.5271765625 0.29375 0.535509375 0.29375 0.5417359375 0.290625 0.56256875 0.290625 0.564640625 0.2890625 0.5646296875 0.2875 0.5435875 0.259375 0.5247453125 0.246875 0.50399375 0.2578125 0.48119218750000003 0.2734375 0.4562390625 0.2796875 0.45628437499999996 0.2859375 0.4626046875 0.2953125 0.46901562500000005 0.3171875 0.47322968750000005 0.3234375 0.48562500000000003 0.309375
0 0.31875 0.0 0.3376265625 0.0171875 0.379421875 0.034375 0.4211578125 0.04375 0.45033593749999995 0.0453125 0.4669671875 0.040625 0.48148125 0.03125 0.500034375 0.0046875 0.5 0.0 0.49791718749999997 0.0 0.31875 0.0
0 0.5742015625 0.1734375 0.574259375 0.18125 0.605428125 0.1703125 0.6074890625 0.1671875 0.60539375 0.165625 0.5886234375 0.1515625 0.58445625 0.1515625 0.5742015625 0.1734375
5 0.5867359375000001 0.178125 0.5742703125 0.1828125 0.5391546875000001 0.2234375 0.5371640625 0.2359375 0.5456484374999999 0.25625 0.5666671875 0.28125 0.5959375 0.2953125 0.6084609375000001 0.2984375 0.6313765625000001 0.2984375 0.68125 0.28125 0.7081828125 0.2609375 0.7184953125 0.246875 0.72258125 0.2359375 0.72256875 0.234375 0.7203234375 0.2125 0.7118640625 0.1953125 0.7034484375 0.184375 0.67625 0.16875 0.63038125 0.1640625 0.609571875 0.1671875 0.60335625 0.171875 0.595046875 0.175 0.588796875 0.175 0.5867359375000001 0.178125
5 0.6942484375 0.3484375 0.66929375 0.3546875 0.6526390625 0.35625 0.6526500000000001 0.3578125 0.6465515625 0.378125 0.6466093749999999 0.3859375 0.6611921875 0.3859375 0.67375 0.39375 0.71116875 0.3828125 0.7340859375 0.3828125 0.7340515625 0.378125 0.7256140624999999 0.3640625 0.7025812499999999 0.3484375 0.6942484375 0.3484375
5 0.5289937499999999 0.5390625 0.5373140624999999 0.5375 0.5748265625 0.5390625 0.5957296875 0.5484375 0.6062031250000001 0.55625 0.6104171875 0.5625 0.6166890625 0.565625 0.631134375 0.546875 0.63523125 0.5375 0.6352203125 0.5359375 0.6329515625 0.5109375 0.6224078125 0.49375 0.5909484375 0.465625 0.5805328125 0.465625 0.5722343750000001 0.4703125 0.5494671875 0.490625 0.5164578125 0.534375 0.5144437500000001 0.54375 0.5165390624999999 0.5453125 0.5289937499999999 0.5390625
5 0.3523734375 0.3203125 0.3420140625 0.328125 0.337846875 0.328125 0.3378703125 0.33125 0.321284375 0.3421875 0.3213078125 0.3453125 0.3464578125 0.365625 0.36119218750000004 0.3859375 0.361215625 0.3890625 0.3674890625 0.3921875 0.3779046875 0.3921875 0.4028015625 0.378125 0.419421875 0.371875 0.456875 0.365625 0.46101875000000003 0.3625 0.46716406250000003 0.3484375 0.46709531249999997 0.3390625 0.46916718749999997 0.3375 0.4670609375 0.334375 0.46913125000000006 0.3328125 0.4691203125 0.33125 0.46476875 0.30625 0.45210625000000004 0.284375 0.4311453125 0.2671875 0.40814843749999996 0.25625 0.3914578125 0.253125 0.38322968749999997 0.2671875 0.37711875 0.2859375 0.36475625 0.3046875 0.35235 0.3171875 0.3523734375 0.3203125
4 0.44485 0.1484375 0.43656249999999996 0.1546875 0.42633124999999994 0.1796875 0.40775468750000005 0.203125 0.3849890625 0.2234375 0.3850234375 0.228125 0.38929375 0.2421875 0.397696875 0.2515625 0.4185765625 0.2578125 0.4520375 0.275 0.47494218750000006 0.2734375 0.4874078125 0.26875 0.50398125 0.25625 0.5102203125 0.2546875 0.5102078125 0.253125 0.5164234375000001 0.2484375 0.518471875 0.24375 0.518321875 0.2234375 0.5162265625 0.221875 0.5161578125 0.2125 0.5034484375 0.184375 0.4950109375 0.1703125 0.4782515625 0.1578125 0.4531828125 0.1484375 0.44485 0.1484375
4 0.2318984375 0.36875 0.22772031250000002 0.3671875 0.2257515625 0.3828125 0.23204843749999998 0.3890625 0.24050937499999997 0.40625 0.2489234375 0.4171875 0.26993125 0.440625 0.2741546875 0.4484375 0.2783328125 0.45 0.33041718750000004 0.45 0.3366546875 0.4484375 0.3490625 0.4359375 0.3511 0.4296875 0.35936406249999997 0.4203125 0.3593515625 0.41875 0.359178125 0.3953125 0.35281250000000003 0.3796875 0.338090625 0.3609375 0.31715312500000004 0.346875 0.29008124999999996 0.3484375 0.275475 0.3453125 0.2650578125 0.3453125 0.2546640625 0.3484375 0.2339359375 0.3625 0.2318984375 0.36875
4 0.4754515625 0.3421875 0.477546875 0.34375 0.47765 0.3578125 0.48398125 0.36875 0.5216093749999999 0.3859375 0.5467484375 0.4046875 0.5572453125 0.415625 0.569721875 0.4125 0.5780203125 0.4078125 0.6049078125 0.38125 0.6048953125 0.3796875 0.608946875 0.3640625 0.606528125 0.31875 0.5960062500000001 0.3046875 0.5750921875 0.29375 0.56883125 0.2921875 0.5396640625 0.2921875 0.50015 0.3015625 0.4897796875 0.3078125 0.477384375 0.321875 0.4754515625 0.3421875
4 0.545984375 0.5828125 0.55445625 0.6015625 0.5587390625 0.6171875 0.55883125 0.6296875 0.56305625 0.6375 0.5734375 0.6328125 0.5942359374999999 0.628125 0.6066546875000001 0.6171875 0.60664375 0.615625 0.6168859375 0.5921875 0.6167359375 0.571875 0.6104171875 0.5625 0.5936453125 0.5484375 0.5748375 0.540625 0.5373265625 0.5390625 0.5206937500000001 0.54375 0.5165968750000001 0.553125 0.5312734375 0.565625 0.545984375 0.5828125
3 0.50625 0.0 0.49597187500000006 0.01875 0.4753234375 0.04375 0.4732984375 0.0515625 0.469571875 0.1109375 0.459409375 0.1453125 0.469884375 0.153125 0.486609375 0.1609375 0.4991890625 0.171875 0.5161109374999999 0.20625 0.5204171875 0.225 0.5225234375000001 0.228125 0.5266890625 0.228125 0.5349890625 0.2234375 0.5639000000000001 0.1890625 0.563865625 0.184375 0.5762390625 0.1671875 0.5884484375000001 0.128125 0.5923140625000001 0.0875 0.5943859375 0.0859375 0.5939578125 0.028125 0.5854171874999999 0.0 0.5833328125 0.0 0.50625 0.0
3 0.5635875 0.428125 0.5678468750000001 0.440625 0.5679390625 0.453125 0.5535640625 0.48125 0.5307640625000001 0.496875 0.5142249999999999 0.5140625 0.49967656250000003 0.51875 0.4934265625 0.51875 0.47680625 0.525 0.46014999999999995 0.5265625 0.4539359375 0.53125 0.4539578125 0.534375 0.470671875 0.540625 0.48735 0.5421875 0.5040515625 0.546875 0.5123375 0.540625 0.514375 0.534375 0.5267703125 0.5203125 0.5370609375 0.503125 0.5432750000000001 0.4984375 0.5494328125 0.4859375 0.5556484375 0.48125 0.5618859375 0.4796875 0.5805328125 0.465625 0.5888546875 0.4640625 0.597140625 0.4578125 0.60961875 0.4546875 0.6137609375 0.4515625 0.6179281249999999 0.4515625 0.6365624999999999 0.4359375 0.64475625 0.4171875 0.667546875 0.4 0.667534375 0.3984375 0.669571875 0.3921875 0.6632875 0.3875 0.6445375 0.3875 0.6320828125 0.39375 0.61118125 0.384375 0.6049421875000001 0.3859375 0.5780328124999999 0.409375 0.5593515625000001 0.41875 0.5593859375 0.4234375 0.5635875 0.428125
1 0.6313890625 0.3 0.6209718750000001 0.3 0.6126625 0.303125 0.61475625 0.3046875 0.6148265625 0.3140625 0.642071875 0.3359375 0.6463078125 0.3453125 0.6567703125000001 0.3515625 0.6713546874999999 0.3515625 0.6796640625 0.3484375 0.7025578125 0.3453125 0.7212500000000001 0.3375 0.7440625 0.3234375 0.7564359375 0.30625 0.7564234375 0.3046875 0.7605203125 0.2953125 0.7583109375 0.278125 0.7331015625 0.25 0.7226390625 0.24375 0.72055625 0.24375 0.7164578125000001 0.253125 0.706134375 0.265625 0.6874890625 0.2796875 0.643865625 0.296875 0.6313890625 0.3
1 0.61070625 0.3203125 0.6090859375 0.3828125 0.6258109375 0.390625 0.63414375 0.390625 0.6424421875 0.3859375 0.6485640625 0.36875 0.6484609375 0.3546875 0.6358109375 0.334375 0.621134375 0.321875 0.612778125 0.31875 0.61070625 0.3203125
1 0.41944375 0.375 0.406990625 0.38125 0.39866875 0.3828125 0.3882984375 0.3890625 0.3800234375 0.396875 0.3780203125 0.4078125 0.35945625 0.4328125 0.3533453125 0.4515625 0.3575921875 0.4625 0.37644687499999996 0.4765625 0.38694375000000003 0.4875 0.3869671875 0.490625 0.3932640625 0.496875 0.40171250000000003 0.5125 0.4246875 0.5203125 0.4351046875 0.5203125 0.45388906249999994 0.525 0.4747109375 0.5234375 0.4809375 0.5203125 0.4871875 0.5203125 0.49341406250000003 0.5171875 0.5100578125 0.5140625 0.5452546875000001 0.484375 0.5596984375 0.465625 0.5596875 0.4640625 0.5658562500000001 0.453125 0.5657515625 0.4390625 0.5572796875 0.4203125 0.5446640625 0.4046875 0.523715625 0.3890625 0.5028015625 0.378125 0.47774374999999997 0.3703125 0.4673265625 0.3703125 0.46523125 0.36875 0.41944375 0.375
1 0.29085625 0.453125 0.28254687500000003 0.45625 0.2826046875 0.4640625 0.2973265625 0.4828125 0.3371984375 0.521875 0.34976875 0.53125 0.374965625 0.5578125 0.38543906250000004 0.565625 0.395775 0.5546875 0.39576406249999996 0.553125 0.39988437499999996 0.546875 0.397534375 0.5109375 0.3785640625 0.48125 0.357615625 0.465625 0.3283796875 0.45625 0.32630781249999996 0.4578125 0.31586875000000003 0.4546875 0.29710625 0.453125 0.2929515625 0.4546875 0.29085625 0.453125
1 0.3084953125 0.021875 0.30436406250000003 0.0265625 0.2939578125 0.028125 0.2877546875 0.034375 0.2877890625 0.0390625 0.275346875 0.046875 0.281609375 0.0484375 0.2857640625 0.046875 0.287859375 0.0484375 0.2982515625 0.0453125 0.31699062499999997 0.04375 0.3357875 0.05 0.346203125 0.05 0.36711875 0.0609375 0.3775578125 0.0640625 0.4026859375 0.08125 0.41527812500000005 0.09375 0.4300578125 0.1203125 0.43648125000000004 0.14375 0.4448140625 0.14375 0.45104218749999997 0.140625 0.4592703125 0.1265625 0.46538124999999997 0.1078125 0.4653703125 0.10625 0.4630671875 0.0765625 0.452546875 0.0625 0.43788125000000006 0.0515625 0.42952500000000005 0.0484375 0.4065625 0.0421875 0.3857171875 0.040625 0.3522796875 0.0265625 0.3251859375 0.025 0.3209953125 0.021875 0.3084953125 0.021875
1 0.225 0.0 0.22502343749999998 0.003125 0.2418640625 0.0265625 0.2482984375 0.0515625 0.252465625 0.0515625 0.2607640625 0.046875 0.2774078125 0.04375 0.28570625 0.0390625 0.28569374999999997 0.0375 0.28776562499999997 0.0359375 0.2876859375 0.025 0.275 0.0 0.225 0.0
2 0.139721875 0.3 0.1607171875 0.321875 0.16695625 0.3203125 0.1710765625 0.3140625 0.1710640625 0.3125 0.173078125 0.303125 0.166759375 0.29375 0.1561109375 0.2625 0.145578125 0.246875 0.13515 0.2453125 0.1289125 0.246875 0.1102203125 0.2546875 0.108171875 0.259375 0.133390625 0.2890625 0.139721875 0.3
