2 0.6375 0.7770828125 0.6296875 0.7770828125 0.6203125 0.7854171875 0.6125 0.7958328125 0.609375 0.8041671875 0.60625 0.8375 0.6125 0.8625 0.63125 0.8854171875000001 0.6421875 0.8958328124999999 0.653125 0.9020828125 0.6734375 0.9020828125 0.690625 0.8895828124999999 0.6984375 0.8791671875 0.703125 0.8541671875000001 0.703125 0.84375 0.7 0.8270828124999999 0.69375 0.8104171875 0.678125 0.7895828125000001 0.659375 0.7770828125 0.6578125 0.7770828125 0.6390625 0.775 0.6375 0.7770828125
2 0.7484375 0.8645828124999999 0.7359375 0.875 0.725 0.8916671875000001 0.7453125 0.91875 0.75 0.91875 0.775 0.8729171875 0.7765625 0.86875 0.775 0.8666671875 0.7734375 0.8666671875 0.7671875 0.8625 0.7484375 0.8645828124999999
2 0.84375 0.5875 0.8328125 0.6020828125000001 0.8296875 0.61875 0.8296875 0.6354171875 0.8359375 0.6625 0.8484375 0.6770828125 0.86875 0.6854171874999999 0.88125 0.6708328125 0.9234375 0.5875 0.9171875 0.5770828125 0.903125 0.56875 0.8953125 0.56875 0.89375 0.5666671875 0.8921875 0.5666671875 0.8625 0.5729171875 0.84375 0.5875
1 0.6078125 0.5083328125000001 0.6046875 0.5166671875 0.603125 0.53125 0.5984375 0.54375 0.5984375 0.5520828125 0.603125 0.5541671874999999 0.6046875 0.5520828125 0.6234375 0.5520828125 0.640625 0.5645828125000001 0.653125 0.58125 0.659375 0.5833328125 0.6640625 0.5770828125 0.6671875 0.55625 0.6765625 0.5395828125000001 0.6765625 0.5333328125000001 0.671875 0.5208328125 0.6578125 0.5020828125000001 0.6421875 0.49375 0.640625 0.49375 0.61875 0.49583281250000005 0.6078125 0.5083328125000001
1 0.6828125 0.5375 0.6734375 0.5479171875 0.66875 0.5583328125 0.6671875 0.5854171874999999 0.6765625 0.6020828125000001 0.684375 0.6020828125000001 0.7109375 0.5895828125 0.70625 0.56875 0.7078125 0.54375 0.703125 0.5354171875 0.7015625 0.5354171875 0.6953125 0.5333328125000001 0.6828125 0.5375
1 0.74375 0.6166671874999999 0.7375 0.6270828125000001 0.7328125 0.6416671875 0.7296875 0.6541671874999999 0.7296875 0.6708328125 0.7375 0.6979171875 0.7453125 0.7125 0.753125 0.7208328125000001 0.7609375 0.7270828125000001 0.7921875 0.7291671875 0.803125 0.725 0.825 0.6895828125000001 0.8265625 0.6625 0.825 0.6520828125 0.821875 0.6395828125 0.8125 0.625 0.7890625 0.6104171875 0.7765625 0.6083328125 0.771875 0.6041671875 0.7703125 0.6041671875 0.759375 0.6041671875 0.74375 0.6166671874999999
1 0.828125 0.6895828125000001 0.8140625 0.7083328125 0.80625 0.7270828125000001 0.8078125 0.7479171874999999 0.8125 0.7645828125 0.8234375 0.78125 0.8265625 0.78125 0.8375 0.7625 0.8421875 0.7479171874999999 0.846875 0.7416671874999999 0.86875 0.6916671875 0.865625 0.6875 0.8578125 0.6854171874999999 0.85625 0.6854171874999999 0.840625 0.6833328125 0.828125 0.6895828125000001
1 0.5921875 0.7291671875 0.5765625 0.7375 0.56875 0.75 0.565625 0.7604171875 0.575 0.7958328125 0.5734375 0.825 0.578125 0.83125 0.5828125 0.83125 0.5875 0.8354171875 0.5828125 0.825 0.58125 0.8083328125 0.5875 0.7875 0.603125 0.7645828125 0.6203125 0.75625 0.6203125 0.7520828125000001 0.6140625 0.7375 0.609375 0.73125 0.6078125 0.73125 0.60625 0.7291671875 0.5921875 0.7291671875
1 0.596875 0.7708328125 0.59375 0.7708328125 0.59375 0.775 0.5859375 0.7895828125000001 0.5859375 0.79375 0.5796875 0.8020828124999999 0.58125 0.8125 0.578125 0.8166671875 0.58125 0.8208328125 0.5828125 0.8333328124999999 0.6 0.8583328124999999 0.609375 0.8604171875000001 0.609375 0.8520828125 0.60625 0.8458328125 0.6046875 0.8354171875 0.6046875 0.8208328125 0.609375 0.8 0.6265625 0.7770828125 0.6375 0.7729171874999999 0.654496875 0.7746593749999999 0.65 0.7666671875 0.6375 0.7604171875 0.6359375 0.7604171875 0.6171875 0.7583328125000001 0.6046875 0.7625 0.596875 0.7708328125
1 0.584375 0.85 0.5734375 0.8666671875 0.56875 0.8895828124999999 0.5765625 0.9208328124999999 0.5890625 0.9375 0.5953125 0.9041671875 0.609375 0.8833328125 0.6171875 0.8770828125 0.615625 0.8708328125 0.609375 0.8625 0.6046875 0.8625 0.6 0.85625 0.5984375 0.85625 0.5921875 0.8479171875 0.584375 0.85
0 0.5046875 0.7583328125000001 0.496875 0.76875 0.4875 0.7916671875 0.4875 0.8020828124999999 0.496875 0.8333328124999999 0.5109375 0.8520828125 0.5296875 0.8583328124999999 0.53125 0.85625 0.54375 0.85625 0.5578125 0.8479171875 0.56875 0.8333328124999999 0.571875 0.825 0.5734375 0.8 0.5671875 0.7708328125 0.5609375 0.7583328125000001 0.546875 0.7458328125 0.5453125 0.7458328125 0.528125 0.7458328125 0.5046875 0.7583328125000001
0 0.7203125 0.42916718749999994 0.709375 0.42916718749999994 0.703125 0.43333281250000005 0.690625 0.45208281250000004 0.6875 0.46875 0.68125 0.48333281250000004 0.684375 0.5 0.696875 0.5208328125 0.709375 0.5291671874999999 0.7375 0.5354171875 0.7390625 0.5333328125000001 0.746875 0.5333328125000001 0.75625 0.525 0.7625 0.5 0.765625 0.49583281250000005 0.7703125 0.47291718749999995 0.7671875 0.46041718749999994 0.7609375 0.45208281250000004 0.7390625 0.43333281250000005 0.7375 0.43333281250000005 0.721875 0.4270828125 0.7203125 0.42916718749999994
0 0.6046875 0.625 0.5796875 0.625 0.5796875 0.6604171875 0.6046875 0.6604171875 0.6046875 0.625
0 0.659375 0.625 0.646875 0.65 0.6453125 0.6583328125000001 0.65 0.6708328125 0.665625 0.675 0.671875 0.6791671874999999 0.678125 0.6875 0.68125 0.7 0.6828125 0.7 0.696875 0.68125 0.68125 0.66875 0.671875 0.6541671874999999 0.66875 0.6354171875 0.671875 0.61875 0.675 0.6125 0.6734375 0.6125 0.671875 0.6125 0.6671875 0.6145828125 0.659375 0.625
0 0.6859375 0.7583328125000001 0.6765625 0.7645828125 0.6671875 0.7791671874999999 0.6765625 0.7854171875 0.6953125 0.8104171875 0.7 0.8229171875000001 0.7046875 0.84375 0.7046875 0.85625 0.7 0.88125 0.7078125 0.8854171875000001 0.7140625 0.8833328125 0.71875 0.8854171875000001 0.7328125 0.8770828125 0.7484375 0.8604171875000001 0.759375 0.8354171875 0.759375 0.81875 0.7515625 0.7958328125 0.75 0.7854171875 0.7453125 0.7770828125 0.728125 0.7645828125 0.715625 0.7604171875 0.7140625 0.7604171875 0.709375 0.7583328125000001 0.6859375 0.7583328125000001
0 0.6046875 0.8895828124999999 0.5953125 0.9083328125 0.5921875 0.925 0.5921875 0.9416671875 0.596875 0.9604171875 0.60625 0.9770828125 0.6296875 0.9979171875 0.6578125 0.9979171875 0.653125 0.9729171875 0.653125 0.9458328125 0.6546875 0.9354171875 0.6609375 0.91875 0.66875 0.90625 0.6484375 0.9020828125 0.6234375 0.8791671875 0.621875 0.8791671875 0.6171875 0.8791671875 0.6046875 0.8895828124999999
5 0.590625 0.5645828125000001 0.5828125 0.5770828125 0.5796875 0.5875 0.5796875 0.6083328125 0.5890625 0.63125 0.6046875 0.6520828125 0.6328125 0.65625 0.64375 0.65 0.6578125 0.625 0.659375 0.6208328125 0.659375 0.6020828125000001 0.6546875 0.5854171874999999 0.640625 0.5666671875 0.6234375 0.5541671874999999 0.621875 0.5541671874999999 0.6046875 0.5541671874999999 0.590625 0.5645828125000001
5 0.78125 0.5125 0.7671875 0.53125 0.7640625 0.5395828125000001 0.7625 0.5604171874999999 0.76875 0.5708328125000001 0.775 0.575 0.7953125 0.5833328125 0.8171875 0.5875 0.815625 0.575 0.8125 0.56875 0.8140625 0.54375 0.8234375 0.5291671874999999 0.8359375 0.51875 0.8359375 0.5145828125 0.828125 0.5083328125000001 0.8171875 0.5041671875 0.815625 0.5041671875 0.7984375 0.5041671875 0.78125 0.5125
5 0.6671875 0.47291718749999995 0.6625 0.4895828125 0.6625 0.5020828125000001 0.68125 0.5333328125000001 0.690625 0.5333328125000001 0.6984375 0.5291671874999999 0.6984375 0.5229171874999999 0.6890625 0.5125 0.68125 0.4895828125 0.6875 0.4583328125 0.690625 0.45208281250000004 0.6890625 0.45 0.6875 0.45208281250000004 0.6734375 0.4625 0.6671875 0.47291718749999995
5 0.6890625 0.69375 0.68125 0.7104171874999999 0.6796875 0.7479171874999999 0.684375 0.75625 0.7109375 0.75625 0.7328125 0.7645828125 0.7375 0.76875 0.74375 0.76875 0.7453125 0.7583328125000001 0.75625 0.7354171875 0.7578125 0.7270828125000001 0.74375 0.7125 0.7265625 0.675 0.725 0.675 0.696875 0.6854171874999999 0.6890625 0.69375
5 0.69375 0.8916671875000001 0.6890625 0.89375 0.671875 0.90625 0.6625 0.91875 0.6546875 0.94375 0.6546875 0.975 0.6609375 0.9979171875 0.709375 0.9979171875 0.7296875 0.95625 0.7359375 0.9479171875000001 0.7453125 0.925 0.7453125 0.9208328124999999 0.740625 0.9125 0.7265625 0.8979171875 0.725 0.8979171875 0.7140625 0.8916671875000001 0.69375 0.8916671875000001
3 0.5703125 0.6645828125000001 0.5359375 0.68125 0.5109375 0.7 0.4921875 0.7270828125000001 0.490625 0.7520828125000001 0.4921875 0.75625 0.4828125 0.76875 0.4765625 0.7833328125000001 0.4765625 0.7916671875 0.48125 0.7979171875 0.484375 0.7958328125 0.4953125 0.7666671875 0.515625 0.7479171874999999 0.525 0.74375 0.5515625 0.7416671874999999 0.565625 0.7333328125 0.5703125 0.7333328125 0.5734375 0.7291671875 0.6078125 0.71875 0.615625 0.7041671875 0.6296875 0.6854171874999999 0.64375 0.675 0.64375 0.6666671875 0.640625 0.6604171875 0.615625 0.6583328125000001 0.6140625 0.65625 0.6125 0.65625 0.5984375 0.65625 0.5703125 0.6645828125000001
3 0.7125 0.5895828125 0.7296875 0.5916671874999999 0.7375 0.5979171875 0.7453125 0.6104171875 0.7484375 0.6104171875 0.759375 0.6020828125000001 0.771875 0.6020828125000001 0.778125 0.60625 0.7890625 0.6083328125 0.809375 0.6208328125 0.81875 0.6333328125000001 0.8265625 0.6375 0.828125 0.6354171875 0.828125 0.6166671874999999 0.83125 0.6020828125000001 0.821875 0.5916671874999999 0.775 0.5770828125 0.765625 0.5708328125000001 0.746875 0.54375 0.7375 0.5375 0.7111328125 0.535546875 0.7140625 0.5375 0.7140625 0.5416671875 0.7109375 0.54375 0.7078125 0.5541671874999999 0.7078125 0.5708328125000001 0.7125 0.5895828125
4 0.6296875 0.6875 0.615625 0.7083328125 0.6125 0.7166671874999999 0.6125 0.7270828125000001 0.61875 0.7479171874999999 0.6234375 0.7541671875 0.640625 0.7583328125000001 0.65 0.7645828125 0.65625 0.7645828125 0.6765625 0.7458328125 0.678125 0.7416671874999999 0.678125 0.7125 0.6796875 0.7104171874999999 0.678125 0.6958328125000001 0.6734375 0.6833328125 0.6578125 0.675 0.65625 0.675 0.6453125 0.675 0.6296875 0.6875
4 0.7046875 0.59375 0.678125 0.6083328125 0.6734375 0.6166671874999999 0.6734375 0.6229171874999999 0.6703125 0.63125 0.6703125 0.6416671875 0.6734375 0.6541671874999999 0.6859375 0.6729171875 0.7015625 0.68125 0.721875 0.6708328125 0.7265625 0.6708328125 0.728125 0.6666671875 0.728125 0.65 0.7359375 0.6270828125000001 0.74375 0.6125 0.7328125 0.5958328125000001 0.728125 0.59375 0.7265625 0.59375 0.7109375 0.5916671874999999 0.7046875 0.59375
4 0.8390625 0.51875 0.8265625 0.5270828125 0.815625 0.5416671875 0.8125 0.5541671874999999 0.8125 0.5666671875 0.8234375 0.5895828125 0.8296875 0.5958328125000001 0.834375 0.5958328125000001 0.8453125 0.5833328125 0.8640625 0.5708328125000001 0.8859375 0.5645828125000001 0.896875 0.5645828125000001 0.9015625 0.5604171874999999 0.896875 0.5458328125 0.878125 0.525 0.8765625 0.525 0.865625 0.51875 0.8390625 0.51875
4 0.7546875 0.7395828125 0.7515625 0.7520828125000001 0.7484375 0.75625 0.746875 0.7729171874999999 0.7484375 0.7791671874999999 0.753125 0.7875 0.7578125 0.8083328125 0.7671875 0.81875 0.78125 0.8166671875 0.7875 0.80625 0.7984375 0.7979171875 0.80625 0.7958328125 0.8125 0.7875 0.8171875 0.7791671874999999 0.8078125 0.75625 0.8046875 0.7354171875 0.8 0.7291671875 0.7984375 0.73125 0.7609375 0.73125 0.7546875 0.7395828125
4 0.7890625 0.80625 0.784375 0.8125 0.7796875 0.825 0.778125 0.8395828125 0.78125 0.85625 0.784375 0.85625 0.8 0.825 0.8171875 0.8 0.8140625 0.7958328125 0.8125 0.7979171875 0.7984375 0.8 0.7890625 0.80625
