3 0.475 0.5854171874999999 0.4734375 0.6479171874999999 0.465625 0.6604171875 0.465625 0.6916671875 0.471875 0.7104171874999999 0.4828125 0.7208328125000001 0.490625 0.71875 0.5015625 0.675 0.53125 0.6583328125000001 0.5421875 0.64375 0.5515625 0.5541671874999999 0.540625 0.5208328125 0.4890625 0.46666718749999997 0.4328125 0.44166718749999995 0.365625 0.44166718749999995 0.3484375 0.44583281250000006 0.3375 0.4583328125 0.3375 0.47083281250000003 0.3609375 0.49375 0.440625 0.54375 0.475 0.5854171874999999
4 0.63125 0.2770828125 0.6703125 0.2541671875 0.6828125 0.1979171875 0.6671875 0.16875 0.65 0.1625 0.6203125 0.1729171875 0.59375 0.2083328125 0.590625 0.2333328125 0.6 0.2604171875 0.6125 0.2729171875 0.63125 0.2770828125
4 0.615625 0.39375 0.6203125 0.3333328125 0.6109375 0.3 0.6 0.2875 0.578125 0.28125 0.559375 0.2854171875 0.5453125 0.3 0.5375 0.325 0.5375 0.3791671875 0.546875 0.4125 0.575 0.42083281250000004 0.615625 0.39375
4 0.59375 0.5625 0.6328125 0.5604171874999999 0.6375 0.48541718749999996 0.6265625 0.47083281250000003 0.5828125 0.46666718749999997 0.55625 0.48541718749999996 0.5421875 0.5083328125000001 0.553125 0.5458328125 0.5546875 0.5770828125 0.5609375 0.5833328125 0.59375 0.5625
2 0.7859375 0.31875 0.8109375 0.3166671875 0.821875 0.2958328125 0.825 0.2666671875 0.81875 0.2270828125 0.8078125 0.2020828125 0.7875 0.18125 0.7453125 0.1833328125 0.7125 0.2375 0.709375 0.26875 0.715625 0.2895828125 0.7515625 0.3395828125 0.7859375 0.31875
2 0.8890625 0.5666671875 0.9 0.5333328125000001 0.89375 0.4895828125 0.8796875 0.4583328125 0.8515625 0.43958281250000003 0.8234375 0.43958281250000003 0.7953125 0.45625 0.784375 0.47291718749999995 0.7796875 0.5104171875 0.778125 0.5875 0.796875 0.6125 0.8359375 0.5770828125 0.8890625 0.5666671875
2 0.7984375 0.6166671874999999 0.7796875 0.5979171875 0.771875 0.5708328125000001 0.7375 0.6166671874999999 0.7046875 0.63125 0.7078125 0.65625 0.746875 0.6458328125 0.79375 0.6708328125 0.7984375 0.6166671874999999
3 0.5328125 0.34375 0.5375 0.31875 0.521875 0.3208328125 0.5328125 0.34375
3 0.6703125 0.275 0.70625 0.2791671875 0.69375 0.25625 0.6796875 0.25625 0.609375 0.2895828125 0.621875 0.3270828125 0.634375 0.3 0.6515625 0.28125 0.6703125 0.275
0 0.521875 0.3166671875 0.525 0.2708328125 0.5203125 0.2520828125 0.503125 0.225 0.4890625 0.2166671875 0.4421875 0.21875 0.421875 0.24375 0.4109375 0.2770828125 0.4140625 0.3041671875 0.43125 0.325 0.4671875 0.30625 0.521875 0.3166671875
0 0.7203125 0.625 0.7484375 0.6041671875 0.7625 0.5854171874999999 0.775 0.55 0.775 0.50625 0.7671875 0.48333281250000004 0.7390625 0.44375 0.7234375 0.4375 0.6890625 0.44375 0.6609375 0.46458281250000005 0.640625 0.49166718749999994 0.634375 0.51875 0.6328125 0.54375 0.640625 0.5708328125000001 0.6953125 0.6291671875 0.7203125 0.625
0 0.8140625 0.7479171874999999 0.7984375 0.6833328125 0.775 0.6604171875 0.7515625 0.65 0.728125 0.65 0.70625 0.6604171875 0.684375 0.6875 0.6703125 0.7229171875 0.66875 0.7541671875 0.675 0.7833328125000001 0.79375 0.7625 0.8140625 0.7479171874999999
0 0.540625 0.7479171874999999 0.5265625 0.7270828125000001 0.50625 0.7145828125 0.484375 0.725 0.4734375 0.7145828125 0.45 0.7208328125000001 0.43125 0.7395828125 0.421875 0.7645828125 0.41875 0.81875 0.4234375 0.8333328124999999 0.5484375 0.80625 0.540625 0.7479171874999999
0 0.421875 0.625 0.4359375 0.6041671875 0.4390625 0.5479171875 0.3640625 0.49791718749999997 0.340625 0.5125 0.325 0.55625 0.321875 0.5979171875 0.340625 0.6291671875 0.3828125 0.6145828125 0.421875 0.625
5 0.4265625 0.3270828125 0.409375 0.3020828125 0.3875 0.3020828125 0.3640625 0.3145828125 0.35 0.3416671875 0.3484375 0.36875 0.3875 0.3645828125 0.4140625 0.3833328125 0.4265625 0.3270828125
5 0.5828125 0.2791671875 0.6046875 0.2895828125 0.6140625 0.2833328125 0.590625 0.24375 0.578125 0.2375 0.55625 0.2395828125 0.5265625 0.2708328125 0.525 0.3166671875 0.5375 0.3145828125 0.5640625 0.28125 0.5828125 0.2791671875
5 0.471875 0.45416718749999996 0.4984375 0.45 0.51875 0.43541718749999997 0.5328125 0.4125 0.5328125 0.3479171875 0.503125 0.3125 0.46875 0.3083328125 0.44375 0.31875 0.4328125 0.3270828125 0.41875 0.3583328125 0.4171875 0.3875 0.425 0.41875 0.453125 0.4479171875 0.471875 0.45416718749999996
5 0.578125 0.46666718749999997 0.625 0.46666718749999997 0.615625 0.43333281250000005 0.6015625 0.41875 0.5640625 0.425 0.5390625 0.4166671875 0.5296875 0.425 0.5171875 0.4583328125 0.515625 0.48333281250000004 0.5390625 0.5125 0.5515625 0.4875 0.578125 0.46666718749999997
5 0.7140625 0.43541718749999997 0.678125 0.43125 0.646875 0.44583281250000006 0.63125 0.46666718749999997 0.640625 0.4875 0.6703125 0.45416718749999996 0.7140625 0.43541718749999997
5 0.9328125 0.7333328125 0.95 0.7208328125000001 0.953125 0.6770828125 0.940625 0.6270828125000001 0.9171875 0.5875 0.9 0.575 0.8625 0.5708328125000001 0.834375 0.58125 0.8046875 0.6125 0.7984375 0.6333328125000001 0.796875 0.66875 0.80625 0.7104171874999999 0.8265625 0.75 0.9328125 0.7333328125
1 0.35625 0.7875 0.3421875 0.80625 0.334375 0.83125 0.3359375 0.8520828125 0.415625 0.8375 0.4203125 0.7645828125 0.35625 0.7875
1 0.41875 0.7604171875 0.4375 0.71875 0.43125 0.6458328125 0.4171875 0.6270828125000001 0.396875 0.61875 0.3828125 0.6166671874999999 0.3453125 0.6333328125000001 0.3203125 0.6875 0.3234375 0.74375 0.334375 0.7625 0.359375 0.78125 0.41875 0.7604171875
1 0.359375 0.49375 0.3359375 0.46875 0.34375 0.44583281250000006 0.4296875 0.43541718749999997 0.415625 0.3895828125 0.3796875 0.3645828125 0.34375 0.375 0.3234375 0.42083281250000004 0.3234375 0.4625 0.3359375 0.48541718749999996 0.3515625 0.49791718749999997 0.359375 0.49375
1 0.553125 0.71875 0.5375 0.6583328125000001 0.509375 0.6708328125 0.4984375 0.6979171875 0.5 0.7104171874999999 0.5328125 0.7291671875 0.5484375 0.7270828125000001 0.553125 0.71875
1 0.4640625 0.66875 0.471875 0.6458328125 0.471875 0.60625 0.4515625 0.6208328125 0.434375 0.65625 0.434375 0.6895828125000001 0.4453125 0.71875 0.4671875 0.7125 0.4640625 0.66875
1 0.5953125 0.7416671874999999 0.6375 0.74375 0.6546875 0.7333328125 0.6703125 0.7166671874999999 0.690625 0.6604171875 0.6828125 0.6270828125000001 0.665625 0.6 0.6359375 0.5708328125000001 0.6171875 0.5645828125000001 0.596875 0.5645828125000001 0.571875 0.5770828125 0.5546875 0.6041671875 0.5453125 0.6354171875 0.54375 0.6708328125 0.55625 0.7104171874999999 0.575 0.7333328125 0.5953125 0.7416671874999999
1 0.628125 0.7479171874999999 0.5828125 0.7416671874999999 0.5671875 0.75 0.5578125 0.7666671875 0.5515625 0.7854171875 0.5546875 0.8083328125 0.65625 0.7854171875 0.628125 0.7479171874999999
1 0.6671875 0.42916718749999994 0.709375 0.42083281250000004 0.7265625 0.40416718749999997 0.7421875 0.3645828125 0.740625 0.3333328125 0.7328125 0.3125 0.696875 0.2791671875 0.6546875 0.28125 0.6359375 0.3 0.6234375 0.3270828125 0.621875 0.375 0.6265625 0.3916671875 0.6453125 0.4166671875 0.6671875 0.42916718749999994
1 0.7796875 0.4625 0.815625 0.43958281250000003 0.840625 0.43541718749999997 0.8515625 0.4166671875 0.85625 0.3916671875 0.8453125 0.3458328125 0.815625 0.3208328125 0.7890625 0.3208328125 0.765625 0.3333328125 0.7484375 0.3541671875 0.740625 0.3791671875 0.7390625 0.40833281250000003 0.7453125 0.43333281250000005 0.7609375 0.45416718749999996 0.7796875 0.4625
1 0.7296875 0.2 0.7453125 0.18125 0.778125 0.175 0.7609375 0.1625 0.7265625 0.1666671875 0.6953125 0.2083328125 0.6953125 0.24375 0.709375 0.2666671875 0.7140625 0.225 0.7296875 0.2
