3 0.2420203125 0.45957187499999996 0.2681640625 0.4920984375 0.2825828125 0.46876249999999997 0.29528750000000004 0.45588749999999995 0.3284671875 0.4340703125 0.3536375 0.424984375 0.417865625 0.4209703125 0.4273203125 0.41652187500000004 0.42737968750000005 0.41235625000000004 0.4181921875 0.398059375 0.4153875 0.375240625 0.4108078125 0.36705 0.3859328125 0.35530625 0.3767171875 0.34309218750000003 0.36262343750000003 0.343515625 0.3610875 0.3414796875 0.359521875 0.3415265625 0.3391671875 0.3421390625 0.32498593750000004 0.3488125 0.318721875 0.34900000000000003 0.291925 0.3622984375 0.2523640625 0.39263750000000003 0.2284328125 0.4245875 0.2186515625 0.45194687499999997 0.2279875 0.45582968749999997 0.2358171875 0.4555953125 0.2420203125 0.45957187499999996
3 0.47550468749999997 0.44005625000000004 0.4863765625 0.4459765625 0.4926390625 0.44578749999999995 0.49884375 0.44976562500000006 0.5160375 0.4513296875 0.5253734375 0.4552125 0.5378999999999999 0.45483593750000006 0.5394359375 0.45687187500000004 0.6129984375 0.456740625 0.6161609375 0.4545640625 0.617696875 0.4566 0.62715 0.4521515625 0.6447609375 0.42455625 0.6606265625 0.4095046875 0.671675 0.4029265625 0.6905249999999999 0.3981953125 0.6984421875 0.39171093749999997 0.70169375 0.383284375 0.701840625 0.3728703125 0.6925656250000001 0.36482187499999996 0.6754296875 0.359090625 0.6284562499999999 0.36050312500000004 0.620596875 0.36282187499999996 0.6190609375 0.3607859375 0.6127390625 0.365140625 0.6112015625 0.3631046875 0.5924125 0.3636703125 0.5908765625 0.361634375 0.5486296875 0.3608234375 0.5424249999999999 0.3568453125 0.5033984375 0.3496921875 0.453678125 0.3241203125 0.4442828125 0.324403125 0.43793125 0.330840625 0.42847656250000005 0.3352890625 0.39899375 0.3174375 0.397428125 0.317484375 0.38953906250000003 0.3218859375 0.38472343750000004 0.330359375 0.3859921875 0.351140625 0.40930156249999994 0.3629328125 0.41701249999999995 0.371028125 0.4197875 0.395928125 0.42894531249999995 0.412309375 0.4646328125 0.4341375 0.47080625 0.4401984375 0.47550468749999997 0.44005625000000004
3 0.3972671875 0.5485921874999999 0.41112187499999997 0.5648328125 0.417384375 0.56464375 0.42686875 0.5581125 0.43629375000000004 0.555746875 0.4378296875 0.5577828125 0.448790625 0.557453125 0.46276406249999996 0.5653609375 0.4988359375 0.5601109375 0.511303125 0.5639000000000001 0.5159421875 0.567925 0.5253078125 0.569725 0.52846875 0.5675484375 0.54463125 0.5316687499999999 0.5764515625 0.4953171875 0.567175 0.4872671875 0.5080890625000001 0.459896875 0.49559218749999995 0.458190625 0.4878234375 0.45426093749999996 0.47373125 0.454684375 0.47219531249999996 0.4526484375 0.4706 0.454778125 0.45807343749999996 0.4551546875 0.4391640625 0.4640515625 0.427965625 0.48104531250000004 0.41815625 0.5104890625 0.41496562499999995 0.5147484375 0.40087343750000004 0.515171875 0.3913 0.5279515625 0.39118125 0.5362843749999999 0.395790625 0.542390625 0.3972671875 0.5485921874999999
5 0.6348078125 0.3540671875 0.620834375 0.346159375 0.6022828125 0.3300609375 0.5882484375 0.32631875 0.5866828125 0.326365625 0.572590625 0.326790625 0.5631375000000001 0.3312390625 0.5441390625 0.346384375 0.54091875 0.3527265625 0.5424546875 0.3547625 0.5737125 0.35798593749999996 0.5752484375 0.360021875 0.6300515625 0.3583734375 0.634778125 0.35615 0.6348078125 0.3540671875
1 0.14047343750000002 0.5563171875 0.1450234375 0.566590625 0.1433984375 0.5708031250000001 0.14939375 0.5893609375 0.1555984375 0.5933390625 0.1571046875 0.5974578125 0.1602359375 0.5973625 0.16330781249999998 0.601434375 0.16171249999999998 0.6035640625 0.166321875 0.609671875 0.180265625 0.6196625 0.1833671875 0.6216515625000001 0.197459375 0.621228125 0.1990546875 0.619096875 0.21941093750000001 0.618484375 0.2210359375 0.614271875 0.2215109375 0.5809453125 0.22818906249999998 0.551596875 0.2410421875 0.5283078125 0.25537187499999997 0.5112203125 0.26169375 0.5068671874999999 0.2649140625 0.5005234375 0.265003125 0.494275 0.260425 0.486084375 0.2435265625 0.463690625 0.2326546875 0.457771875 0.2232609375 0.45805468749999995 0.212359375 0.45421875 0.21079374999999997 0.454265625 0.196671875 0.456771875 0.1871875 0.46330312500000004 0.168309375 0.4701171875 0.149103125 0.49984375 0.1425734375 0.518778125 0.142425 0.5291921875 0.1408296875 0.5313218749999999 0.14230625 0.5375234375 0.14071093750000002 0.5396546875 0.14047343750000002 0.5563171875
1 0.3323921875 0.488084375 0.340578125 0.462853125 0.34536406249999996 0.4564640625 0.34385781249999997 0.4523453125 0.33142031250000004 0.4464734375 0.3298546875 0.4465203125 0.31889375000000003 0.44684999999999997 0.30314687500000004 0.4535703125 0.282553125 0.4708453125 0.2713265625 0.48992031249999995 0.269671875 0.4962171875 0.2743390625 0.4981578125 0.2900859375 0.4914390625 0.3151390625 0.490684375 0.32760625 0.49447343750000006 0.3323921875 0.488084375
1 0.3764953125 0.578365625 0.3795390625 0.5845203125 0.390646875 0.5737765625 0.40007187499999997 0.5714109374999999 0.404828125 0.567103125 0.4049171875 0.5608546875 0.38958593750000003 0.5384140625 0.389734375 0.528 0.397740625 0.5152671875 0.4166203125 0.5084531250000001 0.424775 0.48530468750000005 0.4360328125 0.46414687499999996 0.43151406249999996 0.451790625 0.4207609375 0.43753906249999996 0.4052203125 0.4296796875 0.4036546875 0.42972656249999996 0.3801671875 0.4304328125 0.3691484375 0.434928125 0.3549078125 0.4457671875 0.338953125 0.4670671875 0.3307671875 0.49229687499999997 0.3400140625 0.502428125 0.3555234375 0.512371875 0.3677828125 0.5307421875 0.3752859375 0.55341875 0.3764953125 0.578365625
1 0.2286578125 0.6286171875 0.2301046875 0.6369015625000001 0.2534734375 0.6445265625000001 0.268953125 0.6565531250000001 0.28434375 0.674828125 0.2965734375 0.6952796875 0.32003125 0.69665625 0.332646875 0.69003125 0.3517328125 0.6686375 0.3566078125 0.6559984375 0.3583515625 0.643453125 0.3665078125 0.62030625 0.3698765625 0.6035484375 0.374721875 0.59299375 0.3751375 0.5638328125000001 0.37224375 0.5472640625 0.3662171875 0.5307890625 0.35549375 0.5144546875 0.33224375 0.4984984375 0.311978125 0.49286250000000004 0.3104125 0.492909375 0.2853296875 0.4957453125 0.27900625 0.5001 0.26801718750000003 0.5025125 0.24579843750000002 0.5240015625 0.229725 0.5536328125 0.22310625 0.5788156250000001 0.2227203125 0.60589375 0.22425625 0.6079296875 0.224078125 0.6204265625 0.2286578125 0.6286171875
1 0.5448625 0.6253515625 0.6346171875 0.5872578125000001 0.6363609375 0.5747125 0.6348546875000001 0.57059375 0.6415031250000001 0.543328125 0.6463484375 0.532771875 0.6464671875 0.524440625 0.6310765625 0.5061656250000001 0.6015343750000001 0.49247968750000004 0.59996875 0.4925265625 0.5842796875 0.49508125 0.57323125 0.501659375 0.5461671875 0.533703125 0.533284375 0.559075 0.5316 0.5674546874999999 0.5284093750000001 0.5717140625 0.529559375 0.6008281249999999 0.5355265625000001 0.62146875 0.5385984374999999 0.625540625 0.5448625 0.6253515625
0 0.6124953125 0.49215 0.6295703125000001 0.502046875 0.6480640625 0.5223109375 0.6671203125 0.503 0.6859984375 0.49618593750000006 0.7219828125000001 0.49718437499999996 0.72351875 0.4992203125 0.739146875 0.5008328125 0.7577890625 0.5106828125 0.7640515625 0.51049375 0.765884375 0.49169999999999997 0.7691640625 0.48119218750000003 0.76943125 0.4624453125 0.7664187499999999 0.4542078125 0.7603625 0.43981562500000004 0.7450015624999999 0.41945781249999997 0.737290625 0.41136249999999996 0.71865 0.40151250000000005 0.717084375 0.401559375 0.6920609375 0.40023125000000004 0.6653234375 0.4093625 0.6478921875 0.42446093749999997 0.6399140625 0.4351109375 0.63344375 0.4498796875 0.6238406249999999 0.46474374999999996 0.617578125 0.46493124999999996 0.619084375 0.46905 0.6126734375 0.479653125 0.6124953125 0.49215
2 0.6802328125 0.5713109375000001 0.7321718749999999 0.5510109375 0.7384359375 0.550821875 0.7652328125000001 0.537525 0.7699296875 0.5373828125 0.77315 0.5310406249999999 0.7624265625 0.5147062499999999 0.7437859375 0.5048578125 0.721953125 0.4992671875 0.7203875 0.49931562500000004 0.68596875 0.49826875 0.6843734375 0.5003984375 0.674978125 0.50068125 0.662334375 0.5093890625 0.6496000000000001 0.524346875 0.639759375 0.555871875 0.637778125 0.5850796875000001 0.6456078125 0.5848453124999999 0.6739703125000001 0.5715 0.6802328125 0.5713109375000001
0 0.36245625000000004 0.6849703125 0.3749828125 0.68459375 0.393890625 0.6756968750000001 0.41746718749999995 0.6687421875 0.42851718749999995 0.6621640625 0.455225 0.6551140625 0.46154687499999997 0.650759375 0.46937656250000004 0.6505234375 0.4756984375 0.6461703125 0.496084375 0.643475 0.50240625 0.6391203125 0.5026140625 0.6245406250000001 0.49951249999999997 0.6225515625 0.496559375 0.6101484375 0.487371875 0.59585 0.48131562499999997 0.581459375 0.475171875 0.573315625 0.458065625 0.5655015624999999 0.4565 0.5655484375000001 0.44249687499999996 0.559725 0.43153593749999997 0.5600546875 0.41732500000000006 0.5688093750000001 0.39215468750000004 0.5778953125 0.38583124999999996 0.5822484375 0.3778546875 0.5928984374999999 0.3680734375 0.6202593750000001 0.3612171875 0.66210625 0.3609203125 0.682934375 0.36245625000000004 0.6849703125
0 0.17855156249999998 0.6301249999999999 0.154796875 0.6495765625 0.1483859375 0.6601796875 0.141825 0.681196875 0.13812968750000001 0.7208671875 0.1381 0.72295 0.15893125 0.6890109375 0.1605859375 0.6827156249999999 0.174915625 0.665628125 0.1907515625 0.652659375 0.22221562499999997 0.6413031250000001 0.2270015625 0.6349125 0.22552500000000003 0.6287109375 0.2209171875 0.622603125 0.20528906249999998 0.6209921875 0.17855156249999998 0.6301249999999999
5 0.13115468749999998 0.77104375 0.14055 0.7707625 0.29477031249999996 0.711990625 0.29491875 0.7015765625 0.2903703125 0.691303125 0.27353125 0.66474375 0.2534140625 0.6486921875 0.239409375 0.6428671875 0.23784375 0.6429140624999999 0.2206203125 0.6434328125000001 0.21273124999999998 0.647834375 0.2001765625 0.65029375 0.173290625 0.669840625 0.15089375 0.7038265625 0.14601875 0.716465625 0.13641562499999998 0.731328125 0.129915625 0.7481796875 0.1280828125 0.7669734375 0.13115468749999998 0.77104375
0 0.43665624999999997 0.42040468750000004 0.43509062500000006 0.420453125 0.406815625 0.42754843749999993 0.420790625 0.43545625 0.43154375 0.44970781249999997 0.43606249999999996 0.4620640625 0.440759375 0.461921875 0.4565359375 0.4531203125 0.46593125 0.45283749999999995 0.46755625 0.44862343750000006 0.4630078125 0.4383515625 0.43665624999999997 0.42040468750000004
