2 0.8595515625000001 0.24206093750000002 0.87771875 0.23153281250000002 0.9057203125 0.193746875 0.9108109375 0.17067656250000002 0.9089421874999999 0.1688859375 0.9116171874999999 0.1644609375 0.9097484375 0.1626703125 0.9115609375 0.1486859375 0.9082265625 0.14199375 0.9088312500000001 0.1373328125 0.89923125 0.11415312500000001 0.8662625 0.09302031250000001 0.8501078124999999 0.0880109375 0.8324890625 0.0781015625 0.8117921875 0.075725 0.8031109375 0.07788125 0.784740625 0.08996562500000001 0.7737890625 0.09343749999999999 0.75335 0.10528437500000001 0.7409875 0.119634375 0.7407859375 0.1211875 0.7358421875000001 0.126928125 0.7315578125 0.1437828125 0.7292859375 0.1450984375 0.728190625 0.1859734375 0.7377890625 0.209153125 0.7465265624999999 0.22277343749999998 0.7616734375 0.23555156249999998 0.7755578125 0.24187656249999998 0.8229578125 0.24889843749999999 0.8595515625000001 0.24206093750000002
2 0.944296875 0.5119953125000001 0.9358734375 0.528375 0.935671875 0.529928125 0.9329968750000001 0.5343515625 0.929575 0.5607671875 0.9339718749999999 0.575465625 0.9466468750000001 0.5911140625 0.9619953125 0.6023390625 0.9711062500000001 0.5320390625 0.9740437500000001 0.48246406249999996 0.9710906250000001 0.4835328125 0.9684156249999999 0.48795625 0.956859375 0.49609218750000006 0.944296875 0.5119953125000001
0 0.616665625 0.4144421875 0.6186796875 0.3989046875 0.6120109375 0.3855234375 0.5964609375000001 0.37585156249999996 0.583584375 0.3617578125 0.571971875 0.354115625 0.5349203124999999 0.34828281250000004 0.517759375 0.35104375 0.48429687499999996 0.3661234375 0.4704703125 0.375575 0.45810781250000004 0.38992499999999997 0.45215625 0.40343437499999996 0.45195468749999995 0.4049875 0.45054531249999996 0.415865625 0.4553453125 0.42745468750000004 0.47963281249999995 0.45074531249999994 0.50639375 0.471165625 0.533096875 0.475809375 0.56535 0.4700515625 0.5973453125 0.450071875 0.6047625 0.44146093750000004 0.6059703125 0.43213749999999995 0.616665625 0.4144421875
0 0.7981234374999999 0.5377859375 0.8156874999999999 0.53191875 0.8260359375 0.53310625 0.8324468749999999 0.532265625 0.8326484375 0.5307125 0.8160343749999999 0.5130343749999999 0.8041640624999999 0.4911703125 0.7998234375 0.49224843749999997 0.7901359375 0.502175 0.7810515625 0.507440625 0.739715625 0.5184624999999999 0.7270953125 0.5185906250000001 0.7169484374999999 0.515846875 0.6974609375 0.504146875 0.6908484374999999 0.5065421875 0.690646875 0.5080953125 0.687225 0.5345109375 0.6914203125 0.5507625 0.7181796874999999 0.5711828125 0.726715625 0.5863562499999999 0.7381265625 0.5955515625000001 0.7608937499999999 0.598165625 0.765234375 0.5970875 0.76265 0.5684046875 0.7706703125 0.555134375 0.7981234374999999 0.5377859375
0 0.7056390625 0.6517453125 0.697159375 0.6523484374999999 0.6748515625 0.662403125 0.655621875 0.664925 0.6510796875 0.6675578125 0.6301812499999999 0.666734375 0.6214999999999999 0.668890625 0.6212984374999999 0.6704453125 0.6242296875 0.68024375 0.6352375 0.692546875 0.66800625 0.7152328125 0.6742140625 0.715946875 0.6800203125000001 0.7197671875 0.6945078125 0.72143125 0.69905 0.7187984375 0.7000578125 0.7110296875000001 0.6981890625 0.7092375 0.7056390625 0.6517453125
0 0.8725109375000001 0.920071875 0.884525 0.9246062500000001 0.9199109375000001 0.92709375 0.9416578124999999 0.759278125 0.9294421875 0.756296875 0.9271703125 0.7576140625 0.902334375 0.7547609375000001 0.8812359375 0.7554921875 0.8766937499999999 0.7581249999999999 0.8529203125 0.7632796875000001 0.8277374999999999 0.7793109375 0.8275375 0.7808640625 0.8229953125 0.783496875 0.817646875 0.79234375 0.8139671875 0.8045375 0.815834375 0.8063296875000001 0.813821875 0.8218671875 0.818475 0.8507875 0.8299421875 0.875759375 0.8478203125 0.8998906249999999 0.862765625 0.914221875 0.8725109375000001 0.920071875
0 0.9313640624999999 0.482125 0.9332328125 0.483915625 0.9310171875 0.5010078124999999 0.9372828125 0.517496875 0.9420249999999999 0.5133109375 0.942428125 0.510203125 0.9469703125000001 0.507571875 0.9595343749999999 0.49166718749999994 0.9741328125000001 0.480946875 0.977509375 0.423975 0.95603125 0.43764843750000004 0.9352453125 0.468378125 0.9350453125 0.46993124999999997 0.9313640624999999 0.482125
1 0.552115625 0.5883812500000001 0.5671515625 0.5696078124999999 0.5764375 0.5627890625 0.605759375 0.5472328125 0.61216875 0.5463921875 0.6146421875 0.5435218749999999 0.600959375 0.53564375 0.58975 0.52489375 0.56264375 0.5233578125 0.52524375 0.5364093750000001 0.5070765625 0.5469390625 0.496984375 0.559971875 0.496784375 0.5615265625 0.4918390625 0.567265625 0.48881874999999997 0.5905734375 0.49861875 0.6122 0.5255796875 0.631065625 0.54133125 0.6391828125 0.5618265625000001 0.6431140625 0.5640984375 0.6417984375 0.5586953125 0.63486875 0.5490953125 0.6116890625 0.552115625 0.5883812500000001
1 0.6822796875 0.5402515625000001 0.684953125 0.535828125 0.6893828125 0.5016421875 0.6744375 0.48731093750000004 0.6694359375000001 0.477275 0.6487406250000001 0.47489687500000005 0.636725 0.4703640625 0.62410625 0.47049062499999994 0.596853125 0.48628593750000004 0.5966515625000001 0.4878390625 0.592165625 0.506246875 0.594034375 0.5080390625 0.594090625 0.523815625 0.60323125 0.5343265625 0.6189828125 0.54244375 0.625190625 0.54315625 0.6340734375 0.539446875 0.6510343749999999 0.538240625 0.67566875 0.542646875 0.6822796875 0.5402515625000001
1 0.9240718749999999 0.7004859375 0.9091250000000001 0.6861546875 0.8893796875 0.66023125 0.876559375 0.6619140625 0.8654046875000001 0.666940625 0.8466328125 0.6821312500000001 0.84643125 0.683684375 0.8418890625 0.6863171875 0.8307921875 0.7071203125000001 0.83024375 0.7275578125 0.8385781250000001 0.744284375 0.853525 0.7586171875 0.86614375 0.7584890625 0.8983968750000001 0.75273125 0.9420609375 0.7561703125 0.947496875 0.714215625 0.9240718749999999 0.7004859375
1 0.9174703125000001 0.589340625 0.9170671875 0.5924484375 0.902434375 0.6081140625 0.8932046874999999 0.630709375 0.8930031250000001 0.6322625000000001 0.8907890625 0.6493546875 0.8949843749999999 0.66560625 0.9186671875 0.6935578125 0.9476984375 0.7126625 0.96179375 0.6038921875 0.9483140625 0.594459375 0.9391734375 0.5839484374999999 0.931096875 0.58144375 0.9267546875000001 0.5825218750000001 0.9174703125000001 0.589340625
1 0.8221093749999999 0.4175359375 0.8243796874999999 0.41622031249999997 0.8283171875 0.41825 0.8516875 0.416203125 0.864709375 0.41296718749999994 0.8781343749999999 0.406625 0.8995796875 0.387009375 0.9109359375 0.380428125 0.915678125 0.3762421875 0.9243046874999999 0.35830937500000004 0.9257140625 0.3474328125 0.9339359375 0.3326078125 0.9316093750000001 0.318146875 0.9245390625000001 0.30787343749999996 0.9249421874999999 0.30476562500000004 0.8983828125000001 0.2827921875 0.8886390625 0.2769421875 0.8764218749999999 0.2739609375 0.8625390625 0.26763593750000003 0.8252843750000001 0.2633578125 0.8230140625000001 0.2646734375 0.8190765624999999 0.2626453125 0.7915671875 0.264215625 0.7671890625 0.2740328125 0.7362562500000001 0.30201875 0.7321734375 0.31732031250000003 0.717540625 0.3329859375 0.7173390625 0.334540625 0.7155265625 0.34852500000000003 0.720125 0.36166875 0.7382046875 0.3842453125 0.7514828125 0.39523281250000003 0.774909375 0.4089625 0.7829875000000001 0.4114671875 0.8119624999999999 0.41479375 0.8138296875 0.4165859375 0.8181703125 0.4155078125 0.8221093749999999 0.4175359375
1 0.9238890625 0.1832171875 0.9075890624999999 0.1955390625 0.894825 0.21299687500000003 0.8866015624999999 0.227821875 0.8855953124999999 0.235590625 0.8808515625 0.23977656249999998 0.8815125 0.2508921875 0.8788390625 0.255315625 0.8765671875000001 0.25663125 0.8746984375 0.25484062500000004 0.8713656249999999 0.24815 0.87283125 0.2530484375 0.870559375 0.2543640625 0.8703578125 0.25591875000000003 0.8693515625 0.26368749999999996 0.8712203125 0.2654796875 0.8755609375000001 0.2644015625 0.8790953125 0.2695375 0.8969171875 0.2778921875 0.9120640625 0.29067031249999997 0.9220109375 0.2949671875 0.931553125 0.3023703125 0.9578546875 0.310121875 0.9785515625000001 0.3125 0.9841515624999999 0.3118984375 0.9926171874999999 0.1690328125 0.986728125 0.16835625 0.965628125 0.1690875 0.9505375 0.1720859375 0.9238890625 0.1832171875
5 0.73519375 0.2940125 0.6811812500000001 0.28938593749999997 0.6552828125 0.2785265625 0.6373171875 0.287503125 0.625559375 0.297190625 0.6125921875 0.31620312500000003 0.6123921875 0.31775625 0.609371875 0.3410640625 0.6185671875 0.3673515625 0.6407859375 0.3904046875 0.6509328125 0.393146875 0.6598140625 0.3894359375 0.6831296874999999 0.3716125 0.7101234375 0.341596875 0.716075 0.3280875 0.728034375 0.31684531250000003 0.73519375 0.2940125
5 0.5915625 0.510909375 0.58969375 0.5091171875 0.5917078124999999 0.49357968750000003 0.5857 0.4913125 0.583428125 0.492628125 0.57308125 0.49144062499999996 0.5674750000000001 0.486065625 0.5651484375 0.4716046875 0.5328953125 0.4773625 0.51426875 0.47522343749999996 0.496446875 0.46686875 0.48943281250000004 0.472371875 0.4836828125 0.4843265625 0.48348125 0.48588125 0.48166875 0.499865625 0.485003125 0.50655625 0.4843984375 0.5112171875 0.49647031249999996 0.531528125 0.50975 0.5425140625 0.5207015625 0.5390421875 0.5365984375 0.529828125 0.5649140625 0.5220421875000001 0.5899515625 0.523340625 0.5915625 0.510909375
5 0.655621875 0.664925 0.6905484375000001 0.65474375 0.708715625 0.6442140625 0.71593125 0.6371578125 0.72829375 0.6228078125 0.7319734375 0.6106140625 0.7263124999999999 0.5894640625 0.714040625 0.5707078125 0.69121875 0.5523171875 0.6713281249999999 0.543725 0.642353125 0.540396875 0.6032859375 0.5501031249999999 0.5762359375 0.56434375 0.55913125 0.5828796875 0.5589296874999999 0.5844328125 0.553984375 0.5901734375000001 0.5513671875 0.6103734375000001 0.5557640625 0.6250703125 0.565965625 0.6435890625 0.585253125 0.65684375 0.6072140625 0.6656734375 0.6196312500000001 0.6671 0.6303828125 0.6651796875 0.64073125 0.66636875 0.655621875 0.664925
5 0.9280531249999999 0.5400921875 0.9338031250000001 0.5281374999999999 0.9321359375 0.5247921875 0.9344078124999999 0.523475 0.9354140624999999 0.51570625 0.931678125 0.5121234375 0.9324828125 0.5059078125 0.9282875 0.48965625 0.9305578125 0.48834062500000003 0.9327734375000001 0.471246875 0.9533578125 0.442071875 0.947753125 0.436696875 0.9199859375000001 0.424046875 0.9036296875 0.420590625 0.901359375 0.42190781250000003 0.886871875 0.42024375 0.8610296875 0.4251609375 0.84780625 0.42995 0.81808125 0.4486140625 0.8178796875 0.45016718750000007 0.8125328125 0.459015625 0.8083046875000001 0.49164531250000004 0.8218406249999999 0.5168546875 0.840725 0.5332171875 0.8696999999999999 0.5365453125 0.8835828125 0.5428703125000001 0.8968624999999999 0.55385625 0.9173578125 0.5577875 0.9262406249999999 0.5540765624999999 0.9280531249999999 0.5400921875
3 0.6725125000000001 0.46974218749999996 0.6691234374999999 0.44727656250000003 0.67214375 0.42396874999999995 0.6772890625 0.416675 0.68470625 0.4080640625 0.7028749999999999 0.397534375 0.73946875 0.3906984375 0.73073125 0.3770796875 0.7195218750000001 0.3663296875 0.7119921875 0.3433875 0.67096875 0.384409375 0.6212078125 0.41181093750000003 0.6105125 0.42950625000000003 0.6091031250000001 0.44038281250000005 0.6039578125 0.4476765625 0.5694890625 0.4705265625 0.5692875 0.47208125 0.5699484375 0.48319531250000003 0.57328125 0.4898859375 0.579490625 0.4905984375 0.5859015624999999 0.4897578125 0.6088125 0.4750421875 0.626578125 0.467621875 0.6389953125 0.469046875 0.648940625 0.47334375 0.6696375 0.4757203125 0.6725125000000001 0.46974218749999996
3 0.72074375 0.826946875 0.7405453125 0.8686468749999999 0.75115 0.8840562500000001 0.7719031249999999 0.902209375 0.789725 0.9105640625 0.80628125 0.912465625 0.8208249999999999 0.9299062499999999 0.829159375 0.9466328125000001 0.8416343749999999 0.9638359375000001 0.85678125 0.9766140625 0.8692 0.978040625 0.8780812499999999 0.9743296875 0.8852984375 0.9672734374999999 0.8859015625 0.9626109375 0.8723656249999999 0.937403125 0.8727671875 0.9342953125 0.8652953125 0.927128125 0.8640296875000001 0.9206749999999999 0.8532234375 0.90681875 0.836409375 0.8906953124999999 0.8314078125 0.8806578125 0.825803125 0.875284375 0.8247406249999999 0.8672765625000001 0.8143359374999999 0.8503125 0.8142796875 0.8345359374999999 0.8107453124999999 0.8293984375000001 0.8117515624999999 0.8216296875 0.8098828125 0.8198390625 0.8131046874999999 0.7949765625 0.8209250000000001 0.783259375 0.823140625 0.7661671875 0.8180828124999999 0.7403546875 0.8194375 0.7137015625 0.81645 0.6881265625 0.8227484374999999 0.6557328124999999 0.8049265625 0.647378125 0.791646875 0.6363921875 0.7860421875 0.6310171875 0.7723046874999999 0.6073609375 0.7621578125 0.60461875 0.7514062499999999 0.6065390625 0.740253125 0.611565625 0.73985 0.6146734375 0.7180015625 0.6373953125 0.712653125 0.64624375 0.712453125 0.6477968749999999 0.7112437500000001 0.6571203125 0.7089734375 0.6584359375 0.70273125 0.70660625 0.7046 0.708396875 0.701378125 0.733259375 0.7055734375 0.7495109375 0.7037609375 0.7634953125 0.7096234375 0.7830921875 0.7088171875 0.7893078124999999 0.72074375 0.826946875
4 0.8893234375000001 0.64445625 0.8874546875 0.6426640625 0.8897265624999999 0.6413484375 0.8919406249999999 0.62425625 0.9137328124999999 0.58575625 0.9039328125000001 0.56413125 0.8889875 0.5497984375 0.8674296874999999 0.5378609375 0.8488015624999999 0.535721875 0.84653125 0.5370375000000001 0.8196265625000001 0.5339484375 0.797921875 0.539340625 0.7797546875 0.54986875 0.7702671875 0.5582421875 0.7645171875 0.5701968749999999 0.7643156249999999 0.5717515625 0.7685109375 0.588003125 0.7675046875 0.595771875 0.7708390625 0.6024625 0.784778125 0.6245640625 0.8053296874999999 0.6442703125 0.8229484375 0.6541796875 0.8705515625 0.659646875 0.88584375 0.6550953125000001 0.888315625 0.6522249999999999 0.8893234375000001 0.64445625
4 0.9343953125000001 0.345275 0.929046875 0.3541234375 0.9245609375000001 0.37253125 0.9222906249999999 0.3738484375 0.9220890624999999 0.3754015625 0.924415625 0.3898625 0.9228046875 0.40229218749999995 0.9261390625000001 0.4089828125 0.925534375 0.41364531250000003 0.9402796875 0.42953125 0.9541640625 0.43585624999999995 0.9585046875 0.43477812499999996 0.9770749999999999 0.42114062499999994 0.9776796875 0.4210984375 0.983096875 0.32968125000000004 0.9721968750000001 0.32911718749999996 0.95049375 0.334509375 0.9414093749999999 0.3397734375 0.9343953125000001 0.345275
4 0.7772249999999999 0.245221875 0.759403125 0.2368671875 0.7479921875 0.22767187500000002 0.7390531250000001 0.21560625 0.7277875 0.18908125 0.7240515624999999 0.1854984375 0.715771875 0.184546875 0.70275 0.1877828125 0.6959375 0.19173125 0.6719625 0.19844062499999998 0.6548578125 0.21697656250000003 0.65465625 0.2185296875 0.645225 0.242678125 0.650484375 0.2669375 0.6556859375 0.27541875 0.6813828125 0.2878328125 0.708490625 0.28936875 0.7103578125000001 0.2911609375 0.72070625 0.2923484375 0.7314578125 0.2904296875 0.77066875 0.26339375 0.7772249999999999 0.245221875
4 0.8075875 0.4647546875 0.8046562500000001 0.45495625000000006 0.8056640625 0.44718749999999996 0.790459375 0.4186328125 0.7867234375 0.41505000000000003 0.7647625 0.4062203125 0.74734375 0.3947578125 0.728515625 0.394171875 0.7004015625 0.4004046875 0.684303125 0.41117187499999996 0.6738109375 0.4273140625 0.6736093750000001 0.4288671875 0.673575 0.47775 0.6783750000000001 0.489340625 0.6935234375 0.50211875 0.7231578125 0.5165609375 0.73350625 0.5177484375 0.7527375000000001 0.5152265625 0.7789828125 0.5072015624999999 0.7903374999999999 0.500621875 0.8024984375 0.48782500000000006 0.8075875 0.4647546875
2 0.9201312500000001 0.40671718749999997 0.9221453125 0.39117812500000004 0.9173453125 0.3795875 0.9061921875 0.384615625 0.882475 0.4055453125 0.8645078125 0.414521875 0.847346875 0.41728125 0.8428046874999999 0.4199140625 0.83225625 0.4202796875 0.8034812499999999 0.415396875 0.797071875 0.4162375 0.7968703125000001 0.4177921875 0.796265625 0.422453125 0.8066703125 0.43941875 0.818484375 0.44550625000000005 0.85461875 0.42600156250000004 0.8870734375 0.41868906250000004 0.899490625 0.42011562500000005 0.9123109375 0.418434375 0.9211937499999999 0.4147234375 0.922 0.4085078125 0.9201312500000001 0.40671718749999997
