3 0.425 0.6104171875 0.4484375 0.6 0.471875 0.6 0.51875 0.6208328125 0.5546875 0.6270828125000001 0.5765625 0.65 0.584375 0.65 0.603125 0.6291671875 0.6234375 0.56875 0.615625 0.5229171874999999 0.60625 0.5125 0.590625 0.5125 0.54375 0.5458328125 0.496875 0.5479171875 0.4578125 0.5354171875 0.4171875 0.5104171875 0.378125 0.5145828125 0.328125 0.48125 0.2984375 0.5 0.3 0.5291671874999999 0.3578125 0.5583328125 0.378125 0.6041671875 0.425 0.6104171875
0 0.3234375 0.6416671875 0.3640625 0.6 0.34375 0.5833328125 0.2984375 0.5791671875 0.2734375 0.5916671874999999 0.253125 0.6229171874999999 0.2515625 0.6625 0.278125 0.6708328125 0.3078125 0.69375 0.3234375 0.6416671875
0 0.5015625 0.7229171875 0.5609375 0.7145828125 0.5546875 0.6854171874999999 0.5328125 0.64375 0.50625 0.6166671874999999 0.4671875 0.6020828125000001 0.4453125 0.6041671875 0.4125 0.625 0.3890625 0.6583328125000001 0.375 0.69375 0.375 0.7208328125000001 0.4234375 0.6916671875 0.4578125 0.69375 0.5015625 0.7229171875
0 0.8859375 0.6020828125000001 0.8796875 0.5604171874999999 0.8671875 0.53125 0.840625 0.5 0.7859375 0.5 0.759375 0.5354171875 0.7578125 0.6 0.8 0.65625 0.8515625 0.6333328125000001 0.8859375 0.6020828125000001
5 0.7359375 0.5458328125 0.7515625 0.58125 0.7546875 0.575 0.75625 0.5270828125 0.7375 0.48125 0.7171875 0.4583328125 0.684375 0.45208281250000004 0.6640625 0.46041718749999994 0.6421875 0.48333281250000004 0.6328125 0.50625 0.634375 0.5520828125 0.6640625 0.5270828125 0.7109375 0.525 0.7359375 0.5458328125
5 0.3375 0.7354171875 0.28125 0.675 0.221875 0.6666671875 0.1640625 0.7020828125 0.134375 0.7458328125 0.1328125 0.7666671875 0.1578125 0.76875 0.33125 0.7479171874999999 0.3375 0.7354171875
1 0.3703125 0.7416671874999999 0.378125 0.6791671874999999 0.3890625 0.6520828125 0.4171875 0.6145828125 0.36875 0.60625 0.34375 0.61875 0.3203125 0.65 0.3109375 0.68125 0.3125 0.6979171875 0.3453125 0.7416671874999999 0.3703125 0.7416671874999999
1 0.7953125 0.6854171874999999 0.7890625 0.6604171875 0.7734375 0.6395828125 0.7546875 0.6166671874999999 0.7375 0.6104171875 0.7171875 0.6104171875 0.6578125 0.6354171875 0.6375 0.6541671874999999 0.63125 0.6770828125 0.6296875 0.7041671875 0.6390625 0.71875 0.7765625 0.70625 0.7953125 0.6854171874999999
4 0.7125 0.6104171875 0.7546875 0.6145828125 0.7578125 0.6083328125 0.7328125 0.54375 0.7078125 0.5270828125 0.6796875 0.5270828125 0.653125 0.5375 0.634375 0.55625 0.61875 0.5958328125000001 0.6203125 0.6291671875 0.634375 0.6520828125 0.659375 0.6333328125000001 0.7125 0.6104171875
4 0.578125 0.7125 0.58125 0.6791671874999999 0.5734375 0.6479171874999999 0.5515625 0.6270828125000001 0.525 0.6229171874999999 0.521875 0.63125 0.5484375 0.6708328125 0.5609375 0.7125 0.578125 0.7125
4 0.984375 0.6833328125 0.984375 0.6604171875 0.9734375 0.6375 0.928125 0.60625 0.8796875 0.6104171875 0.85625 0.6333328125000001 0.8546875 0.65 0.896875 0.65 0.928125 0.6895828125000001 0.984375 0.6833328125
0 0.6265625 0.6479171874999999 0.6046875 0.6458328125 0.58125 0.6604171875 0.584375 0.7145828125 0.6296875 0.7166671874999999 0.6328125 0.65625 0.6265625 0.6479171874999999
