2 0.0867234375 0.9089546875 0.096359375 0.8775281250000001 0.0963203125 0.8759656250000001 0.09365625 0.85256875 0.08709687499999999 0.8401796875 0.078571875 0.8325125 0.0446265625 0.8080984375 0.013268750000000001 0.8039578125 0.0174625 0.9726812499999999 0.0339703125 0.9661421875 0.0503203125 0.9533531249999999 0.07469218749999999 0.9279203125000001 0.0867234375 0.9089546875
3 0.28691875 0.58036875 0.27839375 0.572703125 0.26535312499999997 0.5510484375 0.2439046875 0.5264171875 0.2248875 0.5158078125000001 0.195690625 0.5147546875 0.176440625 0.49477187499999997 0.1763625 0.4916484375 0.1594671875 0.482565625 0.1427671875 0.48129375 0.1345140625 0.48456406249999995 0.1304265625 0.48776093749999994 0.1306203125 0.495571875 0.139184375 0.5048 0.149753125 0.5108671874999999 0.1605171875 0.5247468750000001 0.15666249999999998 0.5373171875 0.158978125 0.5466546875 0.1675421875 0.5558828124999999 0.1717453125 0.5573718750000001 0.178265625 0.5681984375 0.18679062500000002 0.5758640625 0.2001421875 0.6100156250000001 0.21094374999999999 0.6254578125 0.2132609375 0.6347937499999999 0.22618437500000002 0.6517609375 0.2285 0.6610984375 0.23710312500000003 0.6718890625 0.2503375 0.701353125 0.2589015625 0.7105812499999999 0.2655765625 0.7276578125000001 0.26989687500000004 0.733834375 0.2826265625 0.7429890625 0.29775 0.76460625 0.30415312499999997 0.770746875 0.3104015625 0.7706375000000001 0.3248265625 0.764134375 0.328990625 0.7640609375 0.3351234375 0.759265625 0.33697343750000003 0.7498546875 0.3411 0.7482203125 0.33685624999999997 0.74516875 0.3367390625 0.74048125 0.34283281250000003 0.7341234375 0.344565625 0.7200265625 0.3485765625 0.7137046875 0.3485375 0.7121421875 0.346065625 0.69655625 0.33719062499999997 0.6748296875 0.332909375 0.670215625 0.32827812500000003 0.6515421875 0.31967500000000004 0.6407515625 0.315159375 0.6267640625 0.310915625 0.6237125 0.30207968749999997 0.6035484375 0.293515625 0.5943203125000001 0.28691875 0.58036875
3 0.42224218750000003 1.0 0.47235625 0.999125 0.48430937500000004 0.9770359375 0.5066375 0.9532015625 0.521021875 0.9451359374999999 0.5272703125 0.9450265625000001 0.5375671875 0.9401578125000001 0.541771875 0.941646875 0.53965 0.940121875 0.541578125 0.9338359374999999 0.53945625 0.9323109374999999 0.539028125 0.915125 0.541071875 0.9135265625000001 0.5405671875 0.8932171875 0.5564921875 0.86324375 0.5706828125000001 0.8473656249999999 0.5829453124999999 0.837775 0.58290625 0.8362125 0.582790625 0.8315250000000001 0.5763874999999999 0.8253859374999999 0.5680953125 0.8270937500000001 0.5619234375 0.8303265625 0.5477328124999999 0.8462046875 0.5169578125000001 0.865496875 0.4752640625 0.8646609375000001 0.4545921875 0.8712734375 0.4381640625 0.8809390625000001 0.43611875 0.8825375 0.436546875 0.899721875 0.44333906250000005 0.921484375 0.441721875 0.9402687500000001 0.43570624999999996 0.9497515625 0.42140000000000005 0.9609406249999999 0.3988 0.9738390625 0.3843375 0.9787812499999999 0.384453125 0.9834671875 0.40117812500000005 1.0 0.42224218750000003 1.0
5 0.6161 0.7465453125 0.583590625 0.7799343750000001 0.5712890625 0.7879640625000001 0.5527 0.794540625 0.550771875 0.800825 0.5550937499999999 0.8070015625 0.5596859375000001 0.8241140625 0.5680562499999999 0.82553125 0.5784312500000001 0.8237875000000001 0.589078125 0.832978125 0.6097890625 0.827928125 0.630615625 0.8275640624999999 0.670615625 0.844059375 0.6810296874999999 0.8438765625 0.6911703124999999 0.832759375 0.6911328125 0.8311968750000001 0.6951421875 0.8248749999999999 0.6968359375000001 0.8092171875 0.694715625 0.807690625 0.69224375 0.7921046875 0.6857234375 0.7812781249999999 0.679359375 0.7767000000000001 0.677159375 0.77205 0.653821875 0.7552640625 0.6328 0.7478171875 0.6161 0.7465453125
1 0.44443593750000004 0.7979937500000001 0.4381875 0.798103125 0.43410000000000004 0.8013 0.43676562499999994 0.8246968750000001 0.4388859375 0.8262234375 0.439546875 0.8527812499999999 0.43388125000000005 0.8763249999999999 0.4422515625 0.877740625 0.454553125 0.8697125 0.47726875 0.8615 0.479390625 0.8630265625 0.48351718750000006 0.8613921875000001 0.5043453125 0.861028125 0.5147984375 0.8624078125000001 0.5210078125 0.8607374999999999 0.5312265625 0.8527437499999999 0.5353921875000001 0.8526718750000001 0.541484375 0.8463125 0.54769375 0.8446421875000001 0.5537875 0.838284375 0.5556765625 0.8304359375000001 0.5556375 0.8288734375000001 0.55305 0.8086 0.5380421875 0.7916703125 0.5024421875 0.7844765625 0.48975156249999996 0.7768843750000001 0.4793375 0.777065625 0.47108437500000006 0.7803359375000001 0.4588203125 0.789928125 0.4546546875 0.79 0.446440625 0.7948328124999999 0.44443593750000004 0.7979937500000001
1 0.4957515625 0.683003125 0.5021171875 0.68758125 0.51291875 0.703021875 0.515584375 0.72641875 0.5117296875 0.7389890625 0.5056359375 0.7453484375 0.5057140625 0.748471875 0.4934890625 0.7596265625 0.48751249999999996 0.770671875 0.4939171875 0.7768109375 0.5107734374999999 0.7843312499999999 0.517021875 0.784221875 0.540125 0.791634375 0.5588703125000001 0.79130625 0.5794640625 0.7815703125 0.5937328125 0.7688171875 0.6059187500000001 0.7561 0.6159046874999999 0.738734375 0.6158671874999999 0.737171875 0.6178328125 0.7324484375 0.617171875 0.705890625 0.6106140625 0.6935015625000001 0.595684375 0.6796953125 0.5536796875000001 0.6663625 0.526565625 0.665271875 0.5182734375 0.6669796875 0.497640625 0.6751546875 0.4956359375 0.678315625 0.4957515625 0.683003125
1 0.2955609375 0.592721875 0.3063234375 0.6066 0.326078125 0.6468906249999999 0.330321875 0.64994375 0.340540625 0.64195 0.34050156249999997 0.6403875 0.346478125 0.6293421875 0.3459734375 0.6090328125 0.3350546875 0.58890625 0.32649062500000003 0.579678125 0.307396875 0.5659453125 0.288496875 0.5600234375 0.27599999999999997 0.5602406249999999 0.276078125 0.563365625 0.2932828125 0.584946875 0.2955609375 0.592721875
1 0.08517812500000001 0.6792296875 0.06635625 0.6764328125 0.05821875 0.6843890625 0.0542875 0.6938359375 0.05448125 0.701646875 0.060962499999999996 0.7109109375 0.09852968749999999 0.7133812500000001 0.121634375 0.7207921875000001 0.14913749999999998 0.7375046875 0.1598234375 0.7482593750000001 0.1724359375 0.752728125 0.192990625 0.741428125 0.2239609375 0.729946875 0.2360296875 0.71254375 0.23599062499999998 0.71098125 0.2375296875 0.6890734375 0.23085468750000002 0.6719984375 0.2222125 0.6596453125 0.20948281249999998 0.6504890624999999 0.192665625 0.64453125 0.18225156250000002 0.6447140625000001 0.1739984375 0.6479828125 0.1535203125 0.6624078124999999 0.1101328125 0.67723125 0.08517812500000001 0.6792296875
1 0.394965625 1.0 0.3888140625 0.99120625 0.3760453125 0.9804875 0.37396250000000003 0.9805249999999999 0.3549453125 0.969915625 0.34233281249999997 0.9654468749999999 0.3089703125 0.9644671875 0.3069265625 0.966065625 0.29026406250000003 0.9663562499999999 0.26542656249999996 0.9730421874999999 0.251003125 0.9795453125 0.23461249999999997 0.9907718750000001 0.22875937500000001 1.0 0.394965625 1.0
1 0.011520312500000001 0.73365625 0.0132296875 0.8023953125000001 0.0445875 0.8065359375 0.08701875 0.8370546875 0.0913015625 0.84166875 0.093578125 0.84944375 0.097821875 0.8524953125 0.10406875 0.8523859375 0.12466406249999999 0.8426484375 0.1471078125 0.8235015625000001 0.1591 0.802975 0.162915625 0.7888421875 0.1628765625 0.7872796875 0.159978125 0.7545078125 0.1492140625 0.7406296875 0.1322421875 0.728421875 0.10485625000000001 0.716396875 0.0672890625 0.7139265625 0.06304531249999999 0.7108749999999999 0.0403296875 0.7190859374999999 0.034196875 0.7238828125000001 0.025904687500000002 0.7255890625 0.011520312500000001 0.73365625
1 0.0185703125 0.68195625 0.0101609375 0.6789765625 0.01148125 0.73209375 0.0444171875 0.7158890625 0.044378125000000004 0.7143265624999999 0.0398625 0.7003390625 0.0334203125 0.6926375 0.0185703125 0.68195625
4 0.166653125 0.771584375 0.1688140625 0.774671875 0.1650375 0.7903671875 0.1655421875 0.8106765625 0.1720625 0.8215031249999999 0.1805484375 0.8276078124999999 0.1912734375 0.8399234375000001 0.19135 0.8430484375 0.197715625 0.8476250000000001 0.21449375 0.8520218749999999 0.2186203125 0.8503859374999999 0.226990625 0.851803125 0.22903437499999998 0.8502046875 0.245696875 0.8499140625000001 0.2560328125 0.8466078125 0.2643625 0.8464625 0.282990625 0.8414484375000001 0.30339218749999997 0.8239000000000001 0.31129531250000003 0.80656875 0.31125625 0.8050078125000001 0.3108296875 0.787821875 0.30643125000000004 0.778521875 0.276340625 0.7415359375 0.2595234375 0.735578125 0.2302859375 0.7329625 0.2199109375 0.73470625 0.21169687499999998 0.7395390625 0.1889421875 0.7461875 0.172590625 0.7589765625 0.166653125 0.771584375
4 0.29669218750000004 0.8896593749999999 0.2949203125 0.90219375 0.3015953125 0.9192703124999999 0.30807656250000004 0.9285343749999999 0.30819375 0.9332218749999999 0.32111718749999996 0.9501890625 0.333846875 0.95934375 0.352746875 0.965265625 0.37384531249999997 0.9758374999999999 0.3863421875 0.9756203125 0.4008046875 0.9706781250000001 0.41719531249999997 0.9594515625 0.4234046875 0.9577796875000001 0.4356296875 0.9466265625 0.435590625 0.9450640625 0.4396 0.9387421874999999 0.4390171875 0.9153078125 0.43689687499999996 0.9137828125 0.42979375 0.879521875 0.4105046875 0.8579765625 0.3809578125 0.8428640625 0.35384375 0.8417734375 0.33321093749999997 0.8499484374999999 0.302590625 0.875490625 0.29669218750000004 0.8896593749999999
5 0.25194375 0.8498046875 0.22082031249999998 0.8550375000000001 0.2186984375 0.8535109375 0.208284375 0.8536921875000001 0.19358906250000002 0.8492609375000001 0.1852578125 0.84940625 0.1605359375 0.8607781250000001 0.1524 0.8687343750000001 0.14846718750000001 0.8781812499999999 0.1591921875 0.890496875 0.1615859375 0.902959375 0.16590625 0.9091359375 0.16645000000000001 0.9310078125000001 0.1605515625 0.9451765625 0.1609015625 0.9592375000000001 0.1630609375 0.9623250000000001 0.1757125 0.96835625 0.203021875 0.9772562499999999 0.22388750000000002 0.97845625 0.22600937499999998 0.97998125 0.2343015625 0.9782734375000001 0.2364234375 0.9798 0.25300781250000004 0.976384375 0.2736015625 0.966646875 0.27776718749999996 0.966575 0.3023328125 0.9489531250000001 0.30229531249999997 0.947390625 0.3063828125 0.9441937499999999 0.3061875 0.9363828125 0.292915625 0.9053546875 0.29268125 0.89598125 0.2985421875 0.88025 0.29838593750000003 0.8740015624999999 0.289821875 0.8647734375 0.2666015625 0.852675 0.2581921875 0.8496953125 0.25194375 0.8498046875
0 0.572803125 0.8488921875000001 0.5566078125 0.8679296875 0.5507875 0.8852249999999999 0.5467375 0.889984375 0.546971875 0.8993578125000001 0.5430390625 0.908803125 0.543465625 0.9259890625 0.547825 0.9337265625000001 0.55021875 0.9461890625 0.5734796875 0.95985 0.5820421875 0.969078125 0.5926125 0.9751453124999999 0.6177609375 0.9809578125 0.6218874999999999 0.9793218749999999 0.6489625 0.9788500000000001 0.6654687499999999 0.972309375 0.6899968750000001 0.9531265624999999 0.70623125 0.9356500000000001 0.7162171875000001 0.918284375 0.7181062500000001 0.9104359375 0.7180671875 0.9088734374999999 0.719528125 0.8838421875 0.7172515625 0.8760671875 0.7086484375000001 0.8652765625000001 0.6832671875 0.8500890625 0.6601625 0.842678125 0.641146875 0.8320703125 0.6139921875 0.8294171875 0.6119484374999999 0.8310171875 0.5911609375 0.8329421874999999 0.572803125 0.8488921875000001
5 0.5547734375 0.9617390625000001 0.53575625 0.9511296874999999 0.5169734375 0.9498953125 0.5128468749999999 0.9515296875000001 0.4863921875 0.9769984375 0.4744390625 0.9990890625000001 0.584825 0.9971625 0.5847078125 0.992475 0.5760671875 0.980121875 0.5568562499999999 0.961703125 0.5547734375 0.9617390625000001
0 0.3369578125 0.66545625 0.341240625 0.6700703125 0.3436328125 0.6825328125000001 0.3501140625 0.691796875 0.35243125000000003 0.701134375 0.36280625 0.699390625 0.38525 0.68024375 0.4037609375 0.6705421874999999 0.4410953125 0.6636390624999999 0.44530000000000003 0.6651281250000001 0.46612656250000006 0.6647640625 0.46400625 0.6632390625 0.459684375 0.6570625 0.4490765625 0.6494328125 0.421690625 0.6374078125 0.40915468749999995 0.6360640625 0.4028296875 0.6330484375000001 0.3736703125 0.63355625 0.3612515625 0.6369 0.35299843750000004 0.6401703125 0.33668593750000003 0.6545203125 0.3369578125 0.66545625
0 0.30751875 0.8222640625000001 0.2953328125 0.83498125 0.28306875 0.844571875 0.278903125 0.8446453125 0.27485468750000003 0.8494046875000001 0.279175 0.85558125 0.3025125 0.8723656249999999 0.3393421875 0.8451531250000001 0.3579703125 0.8401390624999999 0.37463281249999997 0.8398484375 0.39144999999999996 0.8458062500000001 0.414709375 0.8594671875 0.42543437500000003 0.8717828125 0.4316046875 0.8685499999999999 0.43557499999999993 0.860665625 0.4355375 0.8591031250000001 0.434565625 0.8200468750000001 0.42572968749999995 0.7998828125 0.39225 0.794215625 0.3732734375 0.78516875 0.35197968749999997 0.7667859375 0.345653125 0.7637703124999999 0.3311515625 0.7671484375000001 0.31051875 0.7753234375 0.31341718749999997 0.8080953125000001 0.30751875 0.8222640625000001
0 0.0076749999999999995 0.5789921875 0.0089953125 0.6321078124999999 0.028284375 0.6536531250000001 0.04525625 0.6658609375 0.0600296875 0.6734171875 0.07677031250000001 0.67625 0.105928125 0.6757421875 0.1266390625 0.670690625 0.15552656250000002 0.659246875 0.167828125 0.6512171875 0.1800921875 0.641625 0.1861453125 0.6337046875000001 0.19200625 0.6179734375 0.1919671875 0.6164109375 0.1915390625 0.5992265625 0.1847859375 0.579025 0.156971875 0.549815625 0.1463640625 0.5421859375 0.1421984375 0.5422578125 0.12534218749999998 0.5347375000000001 0.108603125 0.5319046875 0.09610625 0.532121875 0.040260937499999996 0.5487265625 0.0076749999999999995 0.5789921875
0 0.1210015625 1.0 0.12843125 0.9941890624999999 0.146671875 0.9735515625 0.1546921875 0.9609078125 0.1624390625 0.9373296874999999 0.16240156249999999 0.9357671875 0.159540625 0.9045578125 0.1549875 0.8890078125 0.15066718750000002 0.88283125 0.1357375 0.8690265625 0.1188421875 0.85994375 0.110434375 0.8569640625 0.10002031250000001 0.8571453124999999 0.0979765625 0.85874375 0.0966703125 0.8900265624999999 0.0828296875 0.9199640625000001 0.0544484375 0.9517171875000001 0.0319640625 0.969303125 0.017540625 0.97580625 0.0181421875 1.0 0.1210015625 1.0
4 0.216578125 1.0 0.2116640625 0.989609375 0.2031 0.98038125 0.163178125 0.9670125 0.154846875 0.9671578125 0.1325578125 0.992553125 0.1230375 1.0 0.216578125 1.0
2 0.110278125 0.850715625 0.10831249999999999 0.8554375000000001 0.11880468749999999 0.8583812500000001 0.1356984375 0.8674640625000001 0.1440296875 0.8673187499999999 0.1563328125 0.8592890625 0.176965625 0.8511140625 0.18722343749999998 0.8446828125 0.18718437500000001 0.8431203125 0.18706875 0.838434375 0.182746875 0.8322578125 0.17854375 0.8307687500000001 0.1699796875 0.8215390625 0.161259375 0.8060625 0.1591765625 0.8060984375 0.1532390625 0.81870625 0.14514218750000002 0.828225 0.12265937499999999 0.845809375 0.110278125 0.850715625
