3 0.68764375 0.5891656249999999 0.6881546875 0.57979375 0.6026828125 0.5410484375 0.5773234375 0.5089375 0.5706140625 0.47899375 0.580728125 0.44646406250000004 0.5755515625000001 0.38840625 0.5942484375 0.351459375 0.5722859375 0.3335390625 0.5620484375 0.3300796875 0.5534656250000001 0.3344953125 0.5425859375 0.3810828125 0.4904125 0.420078125 0.4779984375 0.494778125 0.5056109375 0.5238328125 0.5043328125000001 0.5472609375 0.5462609375 0.581471875 0.5931171875000001 0.601759375 0.6367468749999999 0.6047328125 0.676809375 0.5966390625 0.68764375 0.5891656249999999
3 0.5616671875 0.7196546875000001 0.5626890625 0.7009109375 0.5546171875 0.6959578125 0.5097109375 0.7164109375 0.4868125 0.715671875 0.462428125 0.7039328125 0.431496875 0.735790625 0.3741859375 0.7542796875 0.3751140625 0.8137656249999999 0.40119999999999995 0.7942671875 0.43943750000000004 0.7814203125 0.48043593749999997 0.756146875 0.5484109375 0.7333078125 0.5616671875 0.7196546875000001
0 0.44615625000000003 0.3138203125 0.4259734375 0.3397671875 0.43051562499999996 0.37120625 0.4549 0.3829453125 0.48875624999999995 0.41220156250000006 0.5316671875 0.3901171875 0.5503625000000001 0.35317031249999997 0.5454796875000001 0.3279796875 0.5091171875 0.306465625 0.4904671875 0.3042984375 0.44615625000000003 0.3138203125
0 0.645275 0.7160953125 0.614834375 0.71980625 0.5745828125 0.7122484375 0.5569078125 0.730453125 0.5290796875 0.7436359375 0.5262328125 0.757625 0.54475 0.8004671875 0.5646312499999999 0.8183203125 0.6082609375 0.82129375 0.6721578125 0.7967578125 0.6771734375 0.7812734375 0.6651546875000001 0.7339484374999999 0.645275 0.7160953125
0 0.4317390625 0.46355625 0.381228125 0.4337625 0.3543375 0.42976562500000004 0.32493906250000004 0.43350937500000003 0.28835781250000003 0.4542328125 0.3028828125 0.49381718750000003 0.2993546875 0.5203015625 0.28350624999999996 0.543259375 0.3364375 0.5668734375 0.393153125 0.5593171875 0.4171578125 0.5397515625 0.43751093750000003 0.51068125 0.441125 0.4826359375 0.4317390625 0.46355625
0 0.263225 0.30321875 0.2902390625 0.34320625 0.2904484375 0.377634375 0.2741734375 0.40840156250000004 0.25033906250000004 0.4248421875 0.276975 0.43352500000000005 0.308540625 0.4282859375 0.3366234375 0.41041875 0.3621609375 0.362740625 0.3456390625 0.3215265625 0.307109375 0.3015078125 0.263225 0.30321875
0 0.653834375 0.5207953125 0.640028125 0.50626875 0.621634375 0.499415625 0.5840796874999999 0.49976875 0.5813171875 0.5121953125 0.6047640624999999 0.541115625 0.6579515625 0.56004375 0.653834375 0.5207953125
0 0.387921875 0.6170375 0.4188921875 0.62273125 0.4431046875 0.6375953125 0.50543125 0.603621875 0.49621562499999994 0.5814203124999999 0.47590937499999997 0.5713765625 0.44192187499999996 0.5827953124999999 0.4045375 0.5800234375 0.387921875 0.6170375
5 0.3240328125 0.5649078125 0.2792578125 0.5446859374999999 0.2450140625 0.560790625 0.243396875 0.5904671875 0.2740265625 0.6024078125 0.3157828125 0.6397421875 0.39034375 0.6108578125 0.3958703125 0.586003125 0.3804078125 0.5635984374999999 0.3592515625 0.5691734375 0.3240328125 0.5649078125
5 0.151240625 0.2917796875 0.1798171875 0.417871875 0.1936234375 0.4323984375 0.24609062499999998 0.42627031249999997 0.2720921875 0.408334375 0.288196875 0.380690625 0.28807187500000003 0.3447015625 0.27494843750000003 0.3176796875 0.224609375 0.28476093750000003 0.17673125 0.283215625 0.151240625 0.2917796875
5 0.5705125 0.6338859375 0.5724625 0.6746296875 0.56294375 0.6962265624999999 0.5911515625 0.714346875 0.6369484375 0.7158265625 0.6905218750000001 0.68939375 0.6927359375 0.6487859375 0.683178125 0.63283125 0.6508078125 0.614575 0.607178125 0.6116015625 0.5705125 0.6338859375
5 0.6791765625 0.7062375000000001 0.6710203124999999 0.7028453125 0.6475265625 0.7130390625 0.6634984375 0.7260718749999999 0.6739453125 0.763959375 0.6875421875 0.7440578125 0.6791765625 0.7062375000000001
5 0.447934375 0.7785656249999999 0.49028593750000005 0.8049671875 0.5049812499999999 0.841428125 0.5243984375 0.8295375 0.5386765625 0.7971421875 0.5357046875 0.7751421875 0.5161640625 0.7510421875 0.5059265625 0.74758125 0.4911 0.7517968749999999 0.447934375 0.7785656249999999
2 0.29504375 0.7141734375000001 0.26589999999999997 0.7132328125 0.25315468750000003 0.717515625 0.2527296875 0.725325 0.2855546875 0.8499874999999999 0.310365625 0.8539187500000001 0.3357703125 0.846915625 0.36610624999999997 0.825990625 0.37736562500000004 0.8107078124999999 0.375415625 0.769965625 0.3701078125 0.7525828125 0.3482296875 0.7331015625 0.29504375 0.7141734375000001
2 0.19811875 0.5029515625000001 0.2181234375 0.55679375 0.26867968750000004 0.5474734375 0.2973578125 0.518671875 0.29757500000000003 0.47643593749999996 0.28202812499999996 0.45559374999999996 0.24965781250000002 0.43733750000000005 0.2123578125 0.43300312500000004 0.186953125 0.44000625 0.19811875 0.5029515625000001
4 0.46216406250000003 0.785284375 0.4393515625 0.7829828125 0.4117796875 0.7914796875000001 0.3766 0.8247656250000001 0.37315624999999997 0.8496874999999999 0.384709375 0.8672718749999999 0.41283125 0.8869546875 0.44405625000000004 0.8879625000000001 0.46105 0.8822531250000001 0.49571875 0.8583390625 0.4996734375 0.8240453125 0.48629375 0.8017093750000001 0.46216406250000003 0.785284375
4 0.550546875 0.6175953125 0.5302421875000001 0.6075515625000001 0.507428125 0.6052515625 0.4820234375 0.612253125 0.4451015625 0.6392249999999999 0.46204999999999996 0.672628125 0.4646796875 0.7008765625 0.48689687499999995 0.7141109375 0.5182921875 0.7119953125 0.556784375 0.6944625 0.5657078125 0.6837984374999999 0.5708921874999999 0.6651906249999999 0.5642671874999999 0.633684375 0.550546875 0.6175953125
4 0.39090156249999997 0.5623734375 0.3986328125 0.5735750000000001 0.423271875 0.5806296875 0.44833749999999994 0.5798734375000001 0.4911625 0.5593515625000001 0.50344375 0.5253265625 0.4697578125 0.492946875 0.4446921875 0.493703125 0.4281625 0.5291546874999999 0.39090156249999997 0.5623734375
1 0.428434375 0.3711375 0.4235515625 0.345946875 0.389440625 0.3213765625 0.34971874999999997 0.3232234375 0.36284218749999997 0.3502453125 0.35914375 0.379853125 0.3845484375 0.37285 0.428434375 0.3711375
1 0.4344234375 0.376025 0.392875 0.37311875 0.3590578125 0.381415625 0.3386203125 0.412046875 0.335603125 0.4291609375 0.36899375 0.4286734375 0.4118578125 0.4457046875 0.44720000000000004 0.48596093749999997 0.4685265625 0.4772609375 0.47978750000000003 0.46197968749999996 0.48641875 0.41682031249999996 0.4588078125 0.387765625 0.4344234375 0.376025
1 0.601421875 0.41114531249999997 0.5806046874999999 0.4104734375 0.57791875 0.49800468750000004 0.6115671875 0.4928328125 0.629496875 0.46994218749999994 0.6272921874999999 0.43388593750000004 0.601421875 0.41114531249999997
1 0.6871328125 0.5985375000000001 0.6364062500000001 0.6109796875 0.6692875 0.619865625 0.6832640624999999 0.63126875 0.700125 0.6662343749999999 0.7063328125 0.6288843749999999 0.6871328125 0.5985375000000001
1 0.4064859375 0.6207671875 0.358353125 0.62390625 0.31344531249999996 0.6443609375 0.3030765625 0.6815765625 0.2850609375 0.706028125 0.34024375 0.7265859375 0.37227343749999997 0.7510890625 0.4186671875 0.7416343750000001 0.44025 0.72825 0.4605171875 0.7007421875000001 0.45058125000000004 0.6534828125 0.426878125 0.6292484375 0.4064859375 0.6207671875
1 0.25549218749999997 0.712896875 0.2874828125 0.6998484375 0.3086015625 0.6567203125 0.29390625 0.6202609375 0.25355 0.5954890625 0.224321875 0.5961093749999999 0.222703125 0.6257843750000001 0.2474203125 0.7079421875 0.25549218749999997 0.712896875
1 0.28929375 0.85793125 0.30088593750000003 0.9130671875 0.3107828125 0.922775 0.3426890625 0.9112875 0.3624453125 0.89315 0.368396875 0.8604859375 0.360921875 0.8445984375 0.35285 0.8396437499999999 0.325021875 0.8528265625 0.28929375 0.85793125
