3 0.2296890625 0.34056875 0.22804375000000002 0.34260156249999996 0.227465625 0.357178125 0.2317375 0.3677421875 0.241025 0.3701265625 0.248584375 0.3766265625 0.2593515625 0.38114375 0.27340624999999996 0.3815984375 0.28845312500000003 0.3570625 0.311390625 0.3306953125 0.33703906250000004 0.3148421875 0.3417234375 0.31499375 0.34657343749999997 0.3109796875 0.3719734375 0.3013734375 0.387671875 0.2997953125 0.3893171875 0.2977640625 0.45030468749999997 0.297646875 0.4519484375 0.295615625 0.466003125 0.29606875 0.46764687499999996 0.2940375 0.46962187499999997 0.283675 0.46535000000000004 0.2731109375 0.457790625 0.26661250000000003 0.4534359375 0.25813125000000003 0.4443140625 0.25158125 0.43552187499999995 0.23670156250000002 0.436184375 0.220040625 0.4429265625 0.2077484375 0.426078125 0.1988640625 0.407421875 0.19617656249999998 0.4059421875 0.19404375000000001 0.40438124999999997 0.1939921875 0.3699421875 0.194965625 0.368296875 0.19699843749999998 0.35259843750000003 0.1985765625 0.3096890625 0.21595781249999998 0.27277968750000003 0.2397875 0.2514859375 0.264121875 0.23956249999999998 0.28875937500000004 0.234134375 0.30735 0.23026718750000003 0.325990625 0.2296890625 0.34056875
3 0.522528125 0.40840624999999997 0.552934375 0.4302390625 0.589753125 0.44810937500000003 0.6037250000000001 0.4506453125 0.61909375 0.457396875 0.6331484374999999 0.45785 0.6486 0.4625203125 0.6907640625 0.46388125 0.704984375 0.4601703125 0.7324421875 0.43811875 0.74830625 0.4323765625 0.76244375 0.430746875 0.76729375 0.426734375 0.7872734375 0.3961015625 0.7874390625000001 0.3919359375 0.80100625 0.3652671875 0.8012546875 0.3590203125 0.7969 0.3505390625 0.775284375 0.3435859375 0.7378875 0.34029375 0.7362437500000001 0.342325 0.72851875 0.339990625 0.7268734375 0.3420234375 0.70024375 0.3432484375 0.69383125 0.34721250000000003 0.6844609375 0.34690937499999996 0.6829828124999999 0.3447765625 0.6519140625000001 0.339603125 0.6504359375 0.3374703125 0.641065625 0.3371671875 0.6118890625 0.323715625 0.5994796874999999 0.32122968749999997 0.57203125 0.3036625 0.5316015625 0.25856875 0.5163156250000001 0.249734375 0.49593125000000005 0.2511625 0.4631453125 0.21048593750000003 0.44761093750000003 0.2078984375 0.447528125 0.20998125 0.43766249999999995 0.22217343750000002 0.43848125 0.24096718749999999 0.44439687499999997 0.2494984375 0.45507968749999994 0.2560984375 0.4698703125 0.277428125 0.47266250000000004 0.28585781250000003 0.47109218750000004 0.32542499999999996 0.4793890625 0.3528 0.49261718749999994 0.374078125 0.522528125 0.40840624999999997
5 0.6628453125 0.33995625 0.6769015625 0.340409375 0.6783796875 0.3425421875 0.7160249999999999 0.33958750000000004 0.720875 0.3355734375 0.7175125 0.30210312500000003 0.713240625 0.2915390625 0.701409375 0.27447656249999997 0.69236875 0.26584375 0.6632765625 0.250309375 0.6616328125 0.252340625 0.646015625 0.2518359375 0.6364796875 0.2556984375 0.6331921875 0.2597625 0.6268625 0.26164375 0.6122296875 0.2757671875 0.59833125 0.3107671875 0.6012062499999999 0.3171140625 0.6381078125 0.33290156249999997 0.653640625 0.3354890625 0.6628453125 0.33995625
5 0.7270390625 0.3378578125 0.7286828125 0.3358265625 0.736409375 0.3381609375 0.7429859375000001 0.3300328125 0.7442265625 0.2987953125 0.7417640624999999 0.282034375 0.731659375 0.26085625 0.72418125 0.25227499999999997 0.7134968749999999 0.245675 0.7119359375000001 0.2456234375 0.698128125 0.2389234375 0.6840734375 0.23846875 0.6665656249999999 0.2462453125 0.6648375 0.250359375 0.6802890625 0.255028125 0.696971875 0.268078125 0.7161984375 0.2958046875 0.7215359375 0.3189140625 0.72251875 0.33354218750000003 0.7270390625 0.3378578125
0 0.5587187499999999 0.284465625 0.5661140625 0.2951296875 0.5781953125 0.305946875 0.5950421875 0.31483125 0.60713125 0.28602812499999997 0.6090234375 0.27775 0.6075437499999999 0.2756171875 0.5732703124999999 0.27242500000000003 0.5605296875 0.27826875 0.557240625 0.28233281250000003 0.5587187499999999 0.284465625
0 0.7254171875 0.6151296875 0.739471875 0.615584375 0.753775 0.609790625 0.7772 0.610546875 0.7971703125 0.61953125 0.8096640624999999 0.6199343749999999 0.8113906249999999 0.6158203125 0.8275859375 0.601746875 0.8407406249999999 0.585490625 0.849540625 0.560753125 0.8528281249999999 0.5566890625 0.8553828125 0.53175 0.8539031250000001 0.5296171875 0.8545640625 0.51295625 0.8518546875 0.5024437500000001 0.8402703125000001 0.47913281249999995 0.8268765625000001 0.46201875000000003 0.8071531249999999 0.4467875 0.8024687500000001 0.44663593749999997 0.793346875 0.44008593749999997 0.791784375 0.4400359375 0.7763328125 0.43536562500000003 0.7560328125 0.43471093749999995 0.730715625 0.44223437499999996 0.7161640625000001 0.454275 0.7046546874999999 0.46849999999999997 0.688615625 0.518025 0.6889375 0.5493125 0.6917296875 0.55774375 0.702165625 0.5705921875 0.7254171875 0.6151296875
0 0.3854453125 0.710496875 0.382975 0.7333546875 0.37943906250000003 0.743665625 0.3780328125 0.7790671875 0.38164375 0.8062906249999999 0.3957734375 0.8442796875 0.4105625 0.865609375 0.4181234375 0.8721078125 0.4258484375 0.87444375 0.42749375 0.8724109375 0.4556859375 0.8712359375000001 0.4746734375 0.86559375 0.509278125 0.8604546875000001 0.5207875 0.84623125 0.531396875 0.8152953125 0.53428125 0.7820265625 0.5359265625 0.7799953125 0.5372484375 0.746675 0.5349515625000001 0.72575 0.5212359375 0.6773484375 0.49420000000000003 0.64936875 0.47275 0.63825 0.4711890625 0.6382 0.4602578125 0.6378468749999999 0.44743281250000005 0.6457734375 0.43641874999999997 0.647503125 0.42030625 0.65949375 0.410771875 0.66335625 0.39926093749999997 0.67758125 0.3974515625 0.683778125 0.3942453125 0.6857593750000001 0.3922703125 0.696121875 0.3854453125 0.710496875
1 0.151571875 0.49651875 0.16446875 0.5261265625 0.1866546875 0.5581203125 0.20185781249999998 0.5690359375 0.20958281250000002 0.5713703125 0.21122812500000002 0.5693390625 0.22840625 0.5698937500000001 0.23794062500000002 0.56603125 0.2473109375 0.5663328125 0.26046562500000003 0.5500765624999999 0.2799484375 0.5319390625 0.2871046875 0.509234375 0.29039375 0.5051703125 0.294178125 0.4886109375 0.29385625000000004 0.45732343750000004 0.28285 0.4194359375 0.260665625 0.3874421875 0.2454625 0.376525 0.2439 0.376475 0.23781875000000002 0.3721078125 0.222284375 0.369521875 0.182665625 0.3828390625 0.174609375 0.388834375 0.1647421875 0.40102656249999996 0.1528203125 0.4256640625 0.147390625 0.44425468749999997 0.1461515625 0.4754921875 0.15181875 0.4902703125 0.151571875 0.49651875
1 0.3560828125 0.42597031249999995 0.36241249999999997 0.42408906249999995 0.362659375 0.41784218749999996 0.36948593750000003 0.40346562500000005 0.385928125 0.3831453125 0.402040625 0.37115468749999997 0.40237187499999993 0.362825 0.3969515625 0.3417984375 0.3912 0.3291015625 0.3777234375 0.3140703125 0.36851875 0.309603125 0.366875 0.311634375 0.3575046875 0.3113328125 0.3447640625 0.3171765625 0.33375 0.31890625 0.306375 0.3388734375 0.29634375 0.35523125 0.2932953125 0.392665625 0.30044218749999996 0.409578125 0.3285515625 0.41048437499999996 0.34548125 0.41728750000000003 0.3560828125 0.42597031249999995
1 0.3629734375 0.488746875 0.363790625 0.5075390625 0.37701875 0.5288171875 0.3967421875 0.54405 0.42789374999999996 0.547140625 0.4295375 0.545109375 0.44203125 0.5455125 0.4502515625 0.5353515625 0.4537890625 0.525040625 0.46891718750000005 0.498421875 0.4937484375 0.4637765625 0.4912859375 0.44701562499999997 0.48405624999999997 0.4321859375 0.47995 0.4174578125 0.47765312499999996 0.39653125 0.46434218749999995 0.3773359375 0.45061718749999996 0.3685515625 0.44280937500000006 0.36829999999999996 0.4413296875 0.3661671875 0.43976875 0.3661171875 0.40516406250000003 0.3712546875 0.40023125000000004 0.3773515625 0.3939015625 0.3792328125 0.3809125 0.3913234375 0.3693203125 0.40763125 0.3641390625 0.419975 0.36175156249999996 0.44074843750000003 0.358296875 0.448978125 0.3578015625 0.4614734375 0.3629734375 0.488746875
1 0.23331249999999998 0.68265 0.24177343750000002 0.705859375 0.2535234375 0.7250046875 0.27636875 0.7403390625 0.283846875 0.7489203125 0.306775 0.762171875 0.32855625 0.764959375 0.3461484375 0.7551015624999999 0.3574921875 0.7450421875 0.372290625 0.7267546874999999 0.3775546875 0.712328125 0.3824875 0.70623125 0.38446250000000004 0.6958703125000001 0.3930140625 0.6773796875 0.40058437500000005 0.6442609375 0.40132812500000004 0.62551875 0.402971875 0.6234875 0.39944375 0.59418125 0.3882734375 0.5604578124999999 0.3672359375 0.538928125 0.36098906249999996 0.5387265625000001 0.3549078125 0.534359375 0.328690625 0.5251718750000001 0.3271296875 0.525121875 0.30041562499999996 0.5284296875 0.28290625 0.5362046874999999 0.26515 0.5502281250000001 0.2503515625 0.5685171875 0.2382625 0.59731875 0.2380140625 0.603565625 0.2327515625 0.6179921875 0.231346875 0.65339375 0.232825 0.6555265625 0.23331249999999998 0.68265
1 0.581809375 0.68764375 0.6056390625 0.71760625 0.622321875 0.7306546875000001 0.6297171875 0.7413203125 0.6342359375 0.7456359375 0.64204375 0.7458875 0.6657171875000001 0.740396875 0.6821609375000001 0.7200765625 0.685696875 0.7097640625 0.6863578125 0.6931046875 0.69186875 0.67243125 0.7037921875 0.6477937500000001 0.72031875 0.625390625 0.7135015625000001 0.60015 0.702 0.57475625 0.685565625 0.5554593750000001 0.6703625 0.54454375 0.6688015625 0.5444921875000001 0.6627203125000001 0.5401265625 0.6409390625 0.5373375 0.62671875 0.5410484375 0.6138953125 0.548975 0.5775546874999999 0.5978453125 0.5686718749999999 0.624665625 0.569903125 0.633046875 0.56809375 0.63924375 0.5717875 0.664384375 0.581809375 0.68764375
1 0.6448203125 0.8335531250000001 0.688959375 0.8245531250000001 0.6938093750000001 0.8205390625 0.7048234375 0.8188093750000001 0.7160031250000001 0.8129156249999999 0.698503125 0.7810734375 0.6916046875 0.7579140625 0.68560625 0.7514640625 0.6732781250000001 0.746896875 0.671715625 0.7468453125 0.6514140625 0.746190625 0.6324265625 0.7518328125 0.6179578125 0.7617921875 0.6064484375 0.776015625 0.5962515625 0.7965375 0.5890140625 0.8213265625 0.5884343750000001 0.835903125 0.59270625 0.8464671875 0.6052 0.8468703124999999 0.6448203125 0.8335531250000001
3 0.44037812499999995 0.5871625 0.4290328125 0.597221875 0.42401718749999995 0.6054 0.4236859375 0.6137296875 0.432478125 0.628609375 0.44020312500000003 0.6309437499999999 0.44299687499999996 0.639375 0.4492421875 0.6395765625000001 0.45738124999999996 0.6314984375 0.4637109375 0.62961875 0.465603125 0.6213390624999999 0.482046875 0.6010187499999999 0.49601875 0.6035546875 0.5007859375 0.6016234375 0.5284921875 0.573325 0.5441906249999999 0.571746875 0.545834375 0.569715625 0.559890625 0.57016875 0.56136875 0.5723015625000001 0.5723 0.5726546875 0.5877515625 0.5773234375 0.612415625 0.5468421875 0.634775 0.535053125 0.6597625 0.5358609375000001 0.6856484375 0.5533765625 0.68729375 0.5513453125 0.6851609375 0.5262546875 0.66125 0.49837499999999996 0.61555625 0.46770781250000004 0.5893390625 0.458521875 0.57865625 0.45192187500000003 0.570846875 0.45166874999999995 0.5616421875000001 0.4472015625 0.56008125 0.44715156250000004 0.5335328125000001 0.44629375 0.51610625 0.4519875 0.5096125 0.45803281250000005 0.5032828125 0.45991406250000005 0.4870046875 0.47606875000000004 0.468753125 0.5025875 0.45863906249999997 0.5210265625 0.451565625 0.54165 0.45353125 0.57090625 0.44037812499999995 0.5871625
2 0.68799375 0.730690625 0.6958765625 0.7684765625 0.7072953125 0.795953125 0.7192093749999999 0.8109328124999999 0.7316203125 0.81341875 0.7332640625 0.8113875 0.742634375 0.8116890625 0.749046875 0.8077265625000001 0.758415625 0.8080281250000001 0.7663890624999999 0.804115625 0.775759375 0.80441875 0.7837328125 0.80050625 0.794665625 0.8008578125 0.8042 0.7969953125 0.8372421875 0.7918078125 0.8452171875 0.7878937500000001 0.853603125 0.77356875 0.85220625 0.7693531250000001 0.8538515625 0.767321875 0.8564046875000001 0.7423828125 0.8526281250000001 0.7193234375 0.8473734374999999 0.6941328125 0.8331625 0.6582265625 0.8168109375 0.636846875 0.8136875 0.6367453125 0.80473125 0.62603125 0.7785953125 0.6147609375 0.777034375 0.6147109375 0.7615000000000001 0.612125 0.75985625 0.61415625 0.7504859374999999 0.6138546875 0.73930625 0.6197484375 0.729853125 0.621528125 0.7201531250000001 0.62955625 0.7053546875000001 0.6478453125 0.6916218749999999 0.678678125 0.6878375 0.6952375 0.68799375 0.730690625
0 0.1529890625 0.7759734375 0.184065625 0.7415296875 0.2065078125 0.7276578125000001 0.21924843749999998 0.7218140625 0.23018125 0.7221656249999999 0.231825 0.720134375 0.233303125 0.7222671875 0.247359375 0.7227203125 0.23166875 0.68468125 0.2292890625 0.6658390625 0.23028125 0.6408484375 0.2288015625 0.638715625 0.2292140625 0.628303125 0.230859375 0.626271875 0.22494375 0.6177406249999999 0.22338125 0.6176890625 0.20143593750000002 0.619065625 0.182365625 0.626790625 0.164525 0.642896875 0.15128906250000002 0.6612359375 0.1461078125 0.6735796875 0.1405140625 0.696334375 0.13894375 0.7359015624999999 0.1414046875 0.7526625 0.14699062499999999 0.7695234375 0.1529890625 0.7759734375
0 0.29145937499999997 0.517715625 0.31398281250000004 0.5017609375000001 0.33297187500000003 0.49611875000000005 0.35433906249999997 0.50931875 0.36033750000000003 0.51576875 0.3634609375 0.51586875 0.359684375 0.4928109375 0.3600984375 0.4823984375 0.354925 0.45512499999999995 0.3583796875 0.4468953125 0.359040625 0.4302359375 0.3453984375 0.41936875 0.3253453125 0.4124671875 0.323784375 0.41241562500000006 0.3002765625 0.4137421875 0.2954265625 0.41775624999999994 0.29074062500000003 0.4176046875 0.2858078125 0.42370156249999996 0.2941859375 0.44899374999999997 0.29673125 0.463671875 0.29565625 0.49074375000000003 0.288584375 0.5113671875 0.289896875 0.5176640625 0.29145937499999997 0.517715625
0 0.4659859375 0.37530312499999996 0.47625624999999994 0.3923171875 0.4871046875 0.3947515625 0.48875 0.3927203125 0.5043656249999999 0.3932234375 0.5044484375 0.39114218749999996 0.47486875 0.348484375 0.469365625 0.3295390625 0.46740000000000004 0.300284375 0.4658375 0.300234375 0.42507031250000005 0.3030875 0.4201359375 0.30918437499999996 0.41141875 0.3318390625 0.4089484375 0.354696875 0.41009687499999997 0.365159375 0.4147 0.3673921875 0.42735781250000004 0.36363124999999996 0.4445359375 0.3641859375 0.4507 0.3664703125 0.4659859375 0.37530312499999996
5 0.1427109375 0.7985781249999999 0.13243125 0.8211828125 0.132265625 0.8253484375 0.128978125 0.8294124999999999 0.123465625 0.8500859374999999 0.12255625 0.8729921875000001 0.1209125 0.8750249999999999 0.1223921875 0.8771578124999999 0.12164843750000001 0.8958999999999999 0.1255890625 0.91479375 0.13273593749999998 0.9317046875000001 0.1530375 0.9323609375 0.19093125 0.9231578125000001 0.2018625 0.9235109375 0.2256171875 0.9159375000000001 0.2334265625 0.9161890625 0.2398375 0.9122265625000001 0.2570984375 0.9106984375 0.2698390625 0.9048546875 0.283978125 0.903225 0.29038906249999996 0.8992625000000001 0.30503125 0.8455203125 0.3061890625 0.8163656250000001 0.2995375 0.786959375 0.28655624999999996 0.759434375 0.26708125 0.737953125 0.2594390625 0.7335359375 0.2578765625 0.7334859375 0.25491874999999997 0.7292203125000001 0.2457140625 0.724753125 0.21916562499999998 0.7238953125 0.20963125 0.7277578124999999 0.1903125 0.7417312500000001 0.1871890625 0.7416296874999999 0.1854625 0.74574375 0.1692671875 0.7598171875 0.14945312500000002 0.7862843749999999 0.1427109375 0.7985781249999999
2 0.40209374999999997 0.8820171875 0.40694375000000005 0.878003125 0.40571250000000003 0.8696234374999999 0.3983171875 0.8589578124999999 0.3824609375 0.825084375 0.3564921875 0.8096500000000001 0.3549296875 0.8096 0.3236140625 0.8106734375 0.30914687500000004 0.8206328125000001 0.3063453125 0.85181875 0.29721406250000004 0.8848859375 0.29384375 0.8910328125 0.2935125 0.8993625 0.2996765625 0.901646875 0.35014531249999997 0.890765625 0.38310625 0.8876593749999999 0.40209374999999997 0.8820171875
5 0.521565625 0.66901875 0.5264171875 0.6650046875 0.534803125 0.6506796875 0.543603125 0.6259421875 0.543034375 0.6009015625 0.540571875 0.5841406250000001 0.537696875 0.5777921874999999 0.5361343749999999 0.5777421875 0.5299703124999999 0.5754578125 0.5267640625000001 0.577440625 0.5071984375 0.597659375 0.4959359375 0.6056375 0.47875781249999994 0.6050828125 0.4605046875 0.6315999999999999 0.4851609375 0.6407359375 0.5003640625 0.6516531249999999 0.513840625 0.666684375 0.521565625 0.66901875
4 0.5305703125 0.8361203125 0.5333640625 0.8445515625000001 0.5422374999999999 0.8573484375 0.5625390625 0.8580046875 0.586459375 0.846265625 0.5857249999999999 0.825390625 0.5876171875 0.8171109375000001 0.603325 0.775915625 0.6082578125 0.76981875 0.6068609375 0.7656031249999999 0.6085890625 0.7614890625 0.60119375 0.7508250000000001 0.6017718750000001 0.736246875 0.594790625 0.7151703125 0.569646875 0.6789109375 0.5604421875 0.67444375 0.55888125 0.67439375 0.5323328125 0.6735359375 0.526003125 0.6754171875 0.52419375 0.6816140625 0.5365953125 0.7237171874999999 0.5399578125 0.7571890625 0.5383140625 0.7592203125 0.539628125 0.76551875 0.5379828125 0.7675500000000001 0.5364953125 0.805034375 0.5305703125 0.8361203125
