3 0.503459375 0.46138593749999995 0.490953125 0.4598 0.4862921875 0.47039687499999994 0.48661093749999995 0.591165625 0.45556718749999997 0.671528125 0.40413125 0.723546875 0.38389843749999997 0.7555859375 0.341784375 0.7864109375 0.34185 0.811396875 0.357515625 0.825353125 0.4074328125 0.790053125 0.44650937500000004 0.79266875 0.494859375 0.75535 0.5352578125 0.666284375 0.5460140625000001 0.5971390624999999 0.5428124999999999 0.5681109375 0.5130125 0.5276453125 0.508275 0.509090625 0.51448125 0.49218593750000006 0.503459375 0.46138593749999995
3 0.7005984375 0.5451937499999999 0.662928125 0.4842140625 0.633221875 0.47914531250000003 0.616103125 0.506896875 0.6161921875 0.5402109375 0.6240703125 0.5648875 0.64603125 0.5952531249999999 0.6602 0.6342578125 0.7228109375 0.671340625 0.7822078125 0.6752312500000001 0.799215625 0.6058359375 0.7804640625 0.6065796875 0.7586203125 0.619940625 0.7226671875 0.617203125 0.7053953125 0.5866515625 0.7005984375 0.5451937499999999
2 0.690275 0.778834375 0.6981875 0.8160046875000001 0.715459375 0.8465546875 0.7342546875 0.86246875 0.7654265625 0.829996875 0.8199046875 0.7466203124999999 0.794775 0.699721875 0.7650187500000001 0.6759125 0.72284375 0.6838328125 0.702584375 0.7054609375 0.6917109375 0.73088125 0.690275 0.778834375
5 0.596078125 0.3902890625 0.613515625 0.3684546875 0.6344921875 0.3365578125 0.62500625 0.30289375 0.5927171875 0.3446859375 0.596078125 0.3902890625
0 0.6033734374999999 0.392253125 0.605246875 0.42703125000000003 0.6221828125 0.46087656250000003 0.6400406249999999 0.4748375 0.663053125 0.47780781250000004 0.6773156250000001 0.4802625 0.6873078125000001 0.46088281249999996 0.7154171875 0.43129062500000004 0.6935828125 0.3834 0.6552109374999999 0.330128125 0.63744375 0.3506796875 0.6177374999999999 0.372171875 0.6033734374999999 0.392253125
5 0.603415625 0.43659687500000005 0.59400625 0.424475 0.5799265625000001 0.4187875 0.5752375 0.41897343749999993 0.534653125 0.4372421875 0.5128468749999999 0.465178125 0.511421875 0.5172953125 0.516153125 0.5337671875 0.534965625 0.555928125 0.5568765625000001 0.567553125 0.58655625 0.5622109375 0.608384375 0.5426031250000001 0.6129781249999999 0.5070203125 0.6223 0.48582656249999995 0.6206984375 0.47131249999999997 0.603415625 0.43659687500000005
5 0.7096828125 0.4344640625 0.6940999999999999 0.4517421875 0.6848 0.48126406250000003 0.6942921875 0.5246187499999999 0.708428125 0.5511296875 0.71934375 0.5423671875 0.736440625 0.5062875 0.7676390625 0.48422656249999996 0.7487984375 0.45165468750000004 0.728428125 0.4316375 0.7190531250000001 0.432009375 0.7096828125 0.4344640625
5 0.57941875 0.8186328125 0.613990625 0.8901468749999999 0.6296390625 0.89785625 0.6514015625 0.8532609375 0.6623171875 0.8444984375000001 0.6654046874999999 0.8297984375 0.6262765625 0.80844375 0.596465625 0.7638140625000001 0.5886515625000001 0.7641234375 0.5809046875 0.7894203125 0.57941875 0.8186328125
5 0.5841515625 0.8351046875 0.57316875 0.8188812499999999 0.549690625 0.8052359375 0.5387515625 0.80566875 0.512196875 0.8108875 0.495040625 0.8240624999999999 0.48103125 0.8454421875 0.47174375 0.8791296875000001 0.47659062499999993 0.939328125 0.4954203125 0.967734375 0.5126421875 0.9795468749999999 0.5235859375 0.9811937500000001 0.5891359375 0.9473578125 0.604653125 0.90509375 0.6045874999999999 0.8801078125 0.5841515625 0.8351046875
1 0.5964546875 0.7596499999999999 0.626271875 0.8063625 0.652875 0.819884375 0.691925 0.8120875 0.6870609375 0.7456437499999999 0.6963546875 0.7140375 0.7228328125 0.67966875 0.70559375 0.6616109375 0.6414640625 0.6412484375 0.6118453125000001 0.66949375 0.5963890625 0.7346625 0.5964546875 0.7596499999999999
1 0.8697671874999999 0.6905 0.886846875 0.6481734375 0.8523296874999999 0.5974828125 0.8195140625 0.5987843749999999 0.799265625 0.6245765624999999 0.7884703125 0.679146875 0.8245546875 0.731859375 0.841721875 0.7228484374999999 0.8697671874999999 0.6905
1 0.6642046875000001 0.9672875 0.7295890625 0.8709843749999999 0.6919421875 0.8183343750000001 0.6700875 0.82753125 0.6436375 0.8723109375 0.634365625 0.9122453125 0.6423 0.95774375 0.651709375 0.9698656250000001 0.6642046875000001 0.9672875
1 0.42945312500000005 0.8433234374999999 0.42799531249999995 0.882946875 0.435934375 0.930528125 0.44692187499999997 0.948834375 0.47191406249999995 0.9436781249999999 0.47480781250000004 0.8561015624999999 0.48880156250000006 0.8284750000000001 0.5184359374999999 0.806475 0.519978125 0.798084375 0.499590625 0.771821875 0.47459375000000004 0.7748953125 0.4402921875 0.805409375 0.42945312500000005 0.8433234374999999
1 0.48193437499999997 0.595515625 0.472509375 0.5771468750000001 0.45532031249999994 0.5778296875 0.442840625 0.5866546875 0.4210625 0.6250015624999999 0.42115468749999996 0.6603984374999999 0.439984375 0.6888062500000001 0.4664390625 0.6461078125 0.48193437499999997 0.595515625
1 0.43686406250000004 0.6910125 0.41806875000000004 0.6750984375 0.4024640625 0.684046875 0.386903125 0.709653125 0.3901109375 0.7407625 0.43686406250000004 0.6910125
1 0.5252656250000001 0.43345 0.5439796875 0.41813124999999995 0.5611578125000001 0.41328437500000004 0.5971375 0.42643437500000003 0.5986828125 0.42012499999999997 0.5829515625 0.38118281249999997 0.5485515624999999 0.37421875 0.522046875 0.3981765625 0.5064968750000001 0.42794687500000006 0.5112625000000001 0.45691249999999994 0.5252656250000001 0.43345
4 0.5477203125 0.6512140625 0.5774874999999999 0.6791875 0.604053125 0.6781328125 0.624290625 0.6481765625 0.65550625 0.6323609375 0.6397578125 0.587171875 0.6162625 0.5672796875 0.5631437499999999 0.5735515625 0.5460375 0.6054671875000001 0.5429890625 0.6347421875 0.5477203125 0.6512140625
4 0.71953125 0.6131624999999999 0.7320484375 0.6189125 0.771109375 0.61528125 0.7976375 0.5996515625 0.8209671875 0.557078125 0.7739109375 0.49230625000000006 0.761409375 0.492803125 0.73176875 0.5127203125 0.7084546875 0.561540625 0.7069640625 0.588671875 0.71953125 0.6131624999999999
4 0.563765625 0.8088421875 0.57625 0.8021 0.590159375 0.7432390625 0.5697296875 0.70031875 0.546240625 0.682509375 0.53218125 0.6851484375 0.5041859375 0.7362375 0.5026953125 0.7633687499999999 0.5246765625 0.8020625000000001 0.563765625 0.8088421875
