2 0.3640625 0.5916671874999999 0.346875 0.60625 0.3359375 0.6270828125000001 0.328125 0.65625 0.328125 0.6875 0.3328125 0.70625 0.34375 0.7333328125 0.3609375 0.7645828125 0.378125 0.7791671874999999 0.396875 0.78125 0.4109375 0.7770828125 0.43125 0.7791671874999999 0.4359375 0.7770828125 0.44375 0.7666671875 0.4625 0.71875 0.465625 0.6979171875 0.465625 0.6833328125 0.4640625 0.68125 0.4625 0.6604171875 0.4578125 0.64375 0.4453125 0.61875 0.4234375 0.5916671874999999 0.4078125 0.5833328125 0.3984375 0.5833328125 0.396875 0.58125 0.3953125 0.58125 0.378125 0.5833328125 0.3640625 0.5916671874999999
2 0.490625 0.7604171875 0.46875 0.7666671875 0.4546875 0.78125 0.4546875 0.7854171875 0.478125 0.81875 0.4828125 0.83125 0.4890625 0.85625 0.490625 0.9 0.4984375 0.9 0.515625 0.8895828124999999 0.5234375 0.8791671875 0.559375 0.85 0.5625 0.84375 0.5609375 0.8270828124999999 0.5546875 0.8104171875 0.553125 0.8 0.540625 0.7729171874999999 0.5265625 0.75625 0.515625 0.75 0.5140625 0.75 0.4953125 0.75625 0.490625 0.7604171875
2 0.7625 0.47083281250000003 0.7484375 0.475 0.7328125 0.48541718749999996 0.725 0.49583281250000005 0.70625 0.5416671875 0.7078125 0.5708328125000001 0.7109375 0.5833328125 0.7140625 0.5916671874999999 0.728125 0.6104171875 0.75 0.6291671875 0.759375 0.63125 0.7703125 0.6375 0.7859375 0.6375 0.796875 0.6291671875 0.8 0.6291671875 0.8171875 0.6125 0.8328125 0.6020828125000001 0.8578125 0.5770828125 0.865625 0.5645828125000001 0.8546875 0.5208328125 0.846875 0.5041671875 0.8359375 0.4895828125 0.8234375 0.48125 0.821875 0.48125 0.7984375 0.47083281250000003 0.7625 0.47083281250000003
3 0.203125 0.35625 0.1890625 0.3729171875 0.1828125 0.3958328125 0.1796875 0.4 0.15625 0.4125 0.146875 0.42291718749999996 0.1453125 0.4270828125 0.1453125 0.44583281250000006 0.146875 0.4479171875 0.1546875 0.4479171875 0.1953125 0.42916718749999994 0.2078125 0.425 0.2203125 0.425 0.221875 0.42291718749999996 0.24375 0.42291718749999996 0.2765625 0.43333281250000005 0.34375 0.43541718749999997 0.353125 0.43958281250000003 0.3625 0.43958281250000003 0.36875 0.44375 0.38125 0.44375 0.396875 0.42916718749999994 0.434375 0.4166671875 0.4359375 0.41458281250000006 0.4359375 0.39375 0.428125 0.3833328125 0.4125 0.375 0.396875 0.3604171875 0.340625 0.34375 0.2984375 0.3416671875 0.296875 0.3395828125 0.2828125 0.3416671875 0.28125 0.3395828125 0.2796875 0.3395828125 0.23125 0.3458328125 0.203125 0.35625
3 0.5640625 0.3208328125 0.559375 0.3395828125 0.559375 0.3583328125 0.5796875 0.3666671875 0.5984375 0.3875 0.6015625 0.40833281250000003 0.6078125 0.4270828125 0.615625 0.4270828125 0.6234375 0.42291718749999996 0.64375 0.425 0.665625 0.45208281250000004 0.671875 0.46666718749999997 0.6921875 0.49166718749999994 0.6953125 0.5041671875 0.6953125 0.5416671875 0.703125 0.5458328125 0.7078125 0.5291671874999999 0.7140625 0.5208328125 0.721875 0.49791718749999997 0.7296875 0.4875 0.7296875 0.48333281250000004 0.7203125 0.47291718749999995 0.7078125 0.44375 0.7015625 0.43541718749999997 0.6984375 0.43541718749999997 0.6703125 0.40833281250000003 0.6671875 0.40208281250000005 0.6515625 0.3854171875 0.640625 0.3666671875 0.634375 0.34375 0.6375 0.3333328125 0.6421875 0.3291671875 0.646875 0.3291671875 0.65 0.3208328125 0.646875 0.3166671875 0.64375 0.3208328125 0.6390625 0.3166671875 0.6375 0.3229171875 0.634375 0.325 0.63125 0.31875 0.634375 0.3166671875 0.63125 0.3166671875 0.628125 0.3125 0.6265625 0.3145828125 0.625 0.3083328125 0.6171875 0.3 0.60625 0.29375 0.5953125 0.2791671875 0.5859375 0.2708328125 0.5765625 0.25625 0.5703125 0.2395828125 0.5671875 0.2395828125 0.5671875 0.2416671875 0.575 0.2979171875 0.5640625 0.3208328125
0 0.6265625 0.1291671875 0.6171875 0.1333328125 0.6046875 0.14375 0.5734375 0.1833328125 0.56875 0.2 0.56875 0.23125 0.58125 0.2604171875 0.59375 0.2770828125 0.6125 0.2958328125 0.6265625 0.3041671875 0.6421875 0.3041671875 0.646875 0.3020828125 0.6484375 0.2979171875 0.6703125 0.2770828125 0.6796875 0.2645828125 0.690625 0.2354171875 0.6890625 0.2041671875 0.678125 0.16875 0.6671875 0.1479171875 0.6484375 0.13125 0.646875 0.13125 0.6375 0.1270828125 0.6265625 0.1291671875
0 0.23125 0.4270828125 0.2109375 0.4270828125 0.190625 0.43333281250000005 0.171875 0.44375 0.1640625 0.45416718749999996 0.15625 0.47708281250000006 0.1578125 0.48333281250000004 0.1578125 0.51875 0.1609375 0.53125 0.1640625 0.5354171875 0.1640625 0.5416671875 0.171875 0.5583328125 0.1859375 0.5729171875 0.1984375 0.58125 0.2140625 0.5875 0.234375 0.5895828125 0.2578125 0.58125 0.2703125 0.5708328125000001 0.2796875 0.5583328125 0.2875 0.5291671874999999 0.2890625 0.4791671875 0.284375 0.46458281250000005 0.275 0.44583281250000006 0.2625 0.43333281250000005 0.2546875 0.42916718749999994 0.253125 0.42916718749999994 0.2328125 0.425 0.23125 0.4270828125
0 0.3421875 0.7354171875 0.3265625 0.69375 0.3125 0.69375 0.30625 0.6979171875 0.3015625 0.6979171875 0.290625 0.70625 0.2765625 0.7229171875 0.265625 0.7458328125 0.2625 0.7583328125000001 0.2609375 0.7875 0.2640625 0.8041671875 0.275 0.8291671875000001 0.2984375 0.8604171875000001 0.3078125 0.8666671875 0.3203125 0.8708328125 0.33125 0.8708328125 0.340625 0.8625 0.3453125 0.84375 0.3578125 0.8145828125 0.38125 0.7854171875 0.365625 0.7708328125 0.3640625 0.7708328125 0.3546875 0.7583328125000001 0.3421875 0.7354171875
0 0.4390625 0.58125 0.4328125 0.5854171874999999 0.428125 0.59375 0.4484375 0.6208328125 0.459375 0.64375 0.4640625 0.6604171875 0.4671875 0.68125 0.465625 0.7104171874999999 0.459375 0.7333328125 0.4515625 0.7479171874999999 0.45625 0.7583328125000001 0.46875 0.7625 0.4703125 0.7604171875 0.4875 0.7583328125000001 0.5046875 0.75 0.51875 0.7333328125 0.53125 0.7083328125 0.5328125 0.6833328125 0.5375 0.6541671874999999 0.534375 0.6395828125 0.5234375 0.6145828125 0.5109375 0.5979171875 0.5 0.59375 0.4890625 0.5854171874999999 0.465625 0.5770828125 0.4640625 0.5770828125 0.4546875 0.575 0.4390625 0.58125
5 0.475 0.49375 0.45625 0.5416671875 0.45625 0.56875 0.4578125 0.5729171875 0.4859375 0.58125 0.5015625 0.5916671874999999 0.509375 0.59375 0.5234375 0.6083328125 0.5390625 0.6020828125000001 0.5546875 0.58125 0.5625 0.575 0.5640625 0.5729171875 0.5640625 0.5604171874999999 0.5609375 0.5541671874999999 0.5609375 0.5458328125 0.5578125 0.5354171875 0.559375 0.49375 0.5453125 0.48125 0.5203125 0.4791671875 0.5140625 0.475 0.5125 0.475 0.49375 0.47708281250000006 0.475 0.49375
0 0.4859375 0.3479171875 0.4640625 0.3729171875 0.4484375 0.3833328125 0.4421875 0.3958328125 0.440625 0.41458281250000006 0.4453125 0.42083281250000004 0.4515625 0.42291718749999996 0.471875 0.4479171875 0.48125 0.475 0.4859375 0.47708281250000006 0.50625 0.46875 0.4953125 0.44583281250000006 0.4875 0.41041718749999995 0.496875 0.3854171875 0.5078125 0.36875 0.525 0.3604171875 0.528125 0.35625 0.51875 0.35 0.5171875 0.35 0.5046875 0.3458328125 0.4859375 0.3479171875
0 0.3515625 0.3166671875 0.353125 0.34375 0.3859375 0.3541671875 0.390625 0.3520828125 0.3796875 0.3208328125 0.3796875 0.3125 0.3765625 0.3020828125 0.3765625 0.2770828125 0.375 0.275 0.3734375 0.2770828125 0.3640625 0.2875 0.3515625 0.3166671875
1 0.2765625 0.3375 0.2796875 0.3395828125 0.3265625 0.3416671875 0.328125 0.34375 0.3296875 0.3416671875 0.340625 0.3416671875 0.3359375 0.3354171875 0.31875 0.3270828125 0.3171875 0.3270828125 0.296875 0.3270828125 0.2765625 0.3375
1 0.453125 0.1458328125 0.4234375 0.19375 0.421875 0.2104171875 0.4234375 0.2125 0.44375 0.2145828125 0.45 0.21875 0.46875 0.2395828125 0.4890625 0.2791671875 0.5046875 0.2791671875 0.509375 0.275 0.515625 0.2625 0.5296875 0.25 0.5328125 0.2395828125 0.5328125 0.2166671875 0.5265625 0.19375 0.515625 0.1666671875 0.4984375 0.1479171875 0.48125 0.1395828125 0.4796875 0.1395828125 0.465625 0.1395828125 0.453125 0.1458328125
1 0.3109375 0.45 0.2984375 0.46458281250000005 0.2921875 0.47708281250000006 0.290625 0.49583281250000005 0.2921875 0.49791718749999997 0.290625 0.5 0.290625 0.51875 0.2875 0.5333328125000001 0.2875 0.54375 0.28125 0.5645828125000001 0.2875 0.5791671875 0.2921875 0.5854171874999999 0.2953125 0.5854171874999999 0.3015625 0.5645828125000001 0.315625 0.5416671875 0.334375 0.525 0.3484375 0.51875 0.3671875 0.5166671875 0.371875 0.50625 0.3703125 0.46875 0.3671875 0.4625 0.340625 0.44583281250000006 0.3390625 0.44583281250000006 0.31875 0.44583281250000006 0.3109375 0.45
1 0.3234375 0.5354171875 0.30625 0.5583328125 0.3046875 0.5666671875 0.296875 0.5833328125 0.29375 0.6083328125 0.3 0.6375 0.3046875 0.6479171874999999 0.30625 0.6583328125000001 0.3109375 0.6645828125000001 0.3125 0.6708328125 0.3171875 0.6770828125 0.3234375 0.6791671874999999 0.328125 0.6458328125 0.3375 0.61875 0.3484375 0.6020828125000001 0.3734375 0.5833328125 0.384375 0.5791671875 0.4 0.5791671875 0.4203125 0.5875 0.4203125 0.575 0.4171875 0.5604171874999999 0.4078125 0.5458328125 0.3859375 0.5270828125 0.365625 0.51875 0.3640625 0.51875 0.3421875 0.5229171874999999 0.3234375 0.5354171875
1 0.3078125 0.6625 0.3015625 0.6479171874999999 0.2984375 0.6291671875 0.29375 0.6166671874999999 0.29375 0.6104171875 0.290625 0.60625 0.275 0.6104171875 0.265625 0.6166671874999999 0.2609375 0.6229171874999999 0.25 0.6458328125 0.24375 0.6729171875 0.24375 0.6854171874999999 0.2484375 0.7083328125 0.259375 0.7291671875 0.2671875 0.73125 0.284375 0.7104171874999999 0.2984375 0.6979171875 0.321875 0.6875 0.3234375 0.6854171874999999 0.3234375 0.6729171875 0.321875 0.675 0.315625 0.6729171875 0.3078125 0.6625
1 0.6765625 0.5895828125 0.653125 0.6083328125 0.64375 0.61875 0.6359375 0.63125 0.63125 0.6458328125 0.6296875 0.69375 0.634375 0.70625 0.6625 0.7395828125 0.671875 0.74375 0.6796875 0.74375 0.6953125 0.73125 0.7484375 0.6729171875 0.7484375 0.6625 0.75 0.6604171875 0.7421875 0.6333328125000001 0.7296875 0.6145828125 0.715625 0.6 0.7140625 0.6 0.6921875 0.5875 0.6765625 0.5895828125
1 0.5859375 0.4479171875 0.575 0.4625 0.565625 0.48125 0.559375 0.5104171875 0.559375 0.53125 0.5625 0.55 0.5703125 0.5729171875 0.578125 0.5875 0.584375 0.59375 0.5953125 0.5979171875 0.5984375 0.6020828125000001 0.61875 0.6104171875 0.63125 0.6125 0.6328125 0.6104171875 0.646875 0.6104171875 0.6671875 0.59375 0.6796875 0.575 0.6796875 0.5708328125000001 0.6921875 0.5416671875 0.69375 0.5333328125000001 0.69375 0.50625 0.6890625 0.4895828125 0.66875 0.46458281250000005 0.6640625 0.45208281250000004 0.6546875 0.44375 0.646875 0.43125 0.6359375 0.425 0.634375 0.425 0.603125 0.43333281250000005 0.5859375 0.4479171875
1 0.5234375 0.2583328125 0.515625 0.2666671875 0.50625 0.2833328125 0.5046875 0.29375 0.50625 0.2958328125 0.5046875 0.2979171875 0.50625 0.3 0.5078125 0.325 0.515625 0.34375 0.5375 0.3583328125 0.5546875 0.3583328125 0.5578125 0.3520828125 0.5578125 0.3395828125 0.5625 0.3208328125 0.5734375 0.2979171875 0.5734375 0.2854171875 0.56875 0.2625 0.565625 0.2583328125 0.553125 0.2541671875 0.5515625 0.2541671875 0.5390625 0.2520828125 0.5234375 0.2583328125
5 0.5703125 0.13125 0.553125 0.1375 0.540625 0.1479171875 0.5328125 0.1583328125 0.5234375 0.1770828125 0.5359375 0.2229171875 0.5359375 0.2479171875 0.5578125 0.2541671875 0.5671875 0.2541671875 0.565625 0.2520828125 0.5671875 0.2166671875 0.565625 0.2083328125 0.5671875 0.1979171875 0.575 0.1770828125 0.5875 0.1645828125 0.6046875 0.1416671875 0.596875 0.1333328125 0.5953125 0.1333328125 0.590625 0.13125 0.5703125 0.13125
5 0.3984375 0.2270828125 0.3875 0.2395828125 0.378125 0.2625 0.3765625 0.275 0.378125 0.2854171875 0.3765625 0.2895828125 0.38125 0.3229171875 0.390625 0.3520828125 0.4234375 0.3791671875 0.4421875 0.38125 0.4640625 0.36875 0.48125 0.3458328125 0.4875 0.3229171875 0.4875 0.3 0.48125 0.2729171875 0.4671875 0.2395828125 0.4546875 0.225 0.4421875 0.2166671875 0.434375 0.2166671875 0.4328125 0.2145828125 0.43125 0.2145828125 0.4109375 0.21875 0.3984375 0.2270828125
5 0.371875 0.7979171875 0.3609375 0.8125 0.35 0.8354171875 0.340625 0.8729171875 0.340625 0.9125 0.3484375 0.9458328125 0.36875 0.975 0.378125 0.98125 0.3828125 0.9875 0.390625 0.9854171875000001 0.3984375 0.9875 0.41875 0.9729171875 0.475 0.9208328124999999 0.4859375 0.9083328125 0.4890625 0.8979171875 0.4859375 0.8479171875 0.4765625 0.81875 0.4703125 0.8083328125 0.45625 0.7895828125000001 0.45 0.7854171875 0.440625 0.78125 0.4203125 0.7833328125000001 0.41875 0.78125 0.4171875 0.78125 0.3875 0.7854171875 0.371875 0.7979171875
4 0.5640625 0.7125 0.5515625 0.7354171875 0.546875 0.7520828125000001 0.5484375 0.78125 0.5625 0.8208328125 0.5640625 0.83125 0.5671875 0.8354171875 0.5703125 0.8354171875 0.578125 0.8270828124999999 0.5890625 0.8229171875000001 0.625 0.7895828125000001 0.6375 0.7833328125000001 0.64375 0.7770828125 0.64375 0.76875 0.63125 0.7458328125 0.6234375 0.725 0.6109375 0.7083328125 0.6046875 0.7041671875 0.590625 0.7041671875 0.5890625 0.7020828125 0.5875 0.7020828125 0.5796875 0.7020828125 0.5640625 0.7125
4 0.553125 0.5916671874999999 0.5421875 0.6041671875 0.5375 0.6145828125 0.5390625 0.6770828125 0.54375 0.68125 0.5421875 0.6854171874999999 0.55625 0.6958328125000001 0.5765625 0.6979171875 0.578125 0.6958328125000001 0.60625 0.6916671875 0.6109375 0.6854171874999999 0.6125 0.6791671874999999 0.615625 0.68125 0.6140625 0.6770828125 0.625 0.6625 0.6296875 0.6395828125 0.6328125 0.6333328125000001 0.6296875 0.61875 0.5859375 0.5979171875 0.5703125 0.5833328125 0.56875 0.5854171874999999 0.5578125 0.5875 0.553125 0.5916671874999999
4 0.3921875 0.43541718749999997 0.3765625 0.45416718749999996 0.3734375 0.46666718749999997 0.3734375 0.49166718749999994 0.378125 0.5125 0.3890625 0.525 0.4015625 0.53125 0.409375 0.5395828125000001 0.425 0.5395828125000001 0.434375 0.5333328125000001 0.44375 0.5333328125000001 0.45625 0.5270828125 0.465625 0.5104171875 0.4671875 0.5020828125000001 0.471875 0.49375 0.4734375 0.48333281250000004 0.471875 0.47708281250000006 0.4734375 0.46875 0.46875 0.44583281250000006 0.4484375 0.42291718749999996 0.440625 0.42083281250000004 0.4390625 0.42083281250000004 0.41875 0.42291718749999996 0.3921875 0.43541718749999997
4 0.5078125 0.3708328125 0.5 0.38125 0.49375 0.3958328125 0.4890625 0.40833281250000003 0.4890625 0.41875 0.5 0.45416718749999996 0.509375 0.46875 0.5203125 0.475 0.5609375 0.47708281250000006 0.584375 0.44583281250000006 0.5984375 0.43541718749999997 0.6046875 0.4270828125 0.6046875 0.42291718749999996 0.6 0.41041718749999995 0.5953125 0.3854171875 0.5890625 0.3770828125 0.5671875 0.3645828125 0.5390625 0.3625 0.5375 0.3604171875 0.5359375 0.3604171875 0.515625 0.3645828125 0.5078125 0.3708328125
4 0.746875 0.3666671875 0.7296875 0.375 0.715625 0.39375 0.709375 0.41458281250000006 0.7078125 0.43958281250000003 0.715625 0.45625 0.715625 0.46041718749999994 0.7265625 0.47708281250000006 0.7375 0.4791671875 0.746875 0.47291718749999995 0.753125 0.47291718749999995 0.76875 0.46666718749999997 0.7703125 0.46875 0.784375 0.46666718749999997 0.7890625 0.46875 0.790625 0.46666718749999997 0.8 0.46666718749999997 0.803125 0.4625 0.8046875 0.4479171875 0.803125 0.44583281250000006 0.803125 0.43541718749999997 0.7984375 0.425 0.796875 0.4166671875 0.7984375 0.4125 0.79375 0.3958328125 0.7890625 0.39375 0.775 0.3770828125 0.765625 0.3708328125 0.7640625 0.3708328125 0.7546875 0.3666671875 0.746875 0.3666671875
