3 0.35625 0.3333328125 0.35 0.3333328125 0.3234375 0.3458328125 0.284375 0.375 0.2609375 0.40625 0.2515625 0.43333281250000005 0.2609375 0.4375 0.26875 0.4375 0.275 0.44166718749999995 0.3015625 0.475 0.315625 0.45208281250000004 0.328125 0.43958281250000003 0.3609375 0.41875 0.3859375 0.41041718749999995 0.45 0.40833281250000003 0.459375 0.40416718749999997 0.459375 0.4 0.45 0.3854171875 0.446875 0.3625 0.4421875 0.3541671875 0.4171875 0.3416671875 0.4078125 0.3291671875 0.39375 0.3291671875 0.3921875 0.3270828125 0.390625 0.3270828125 0.3703125 0.3270828125 0.35625 0.3333328125
3 0.415625 0.3166671875 0.4171875 0.3375 0.440625 0.35 0.4484375 0.3583328125 0.4515625 0.3833328125 0.4609375 0.4 0.496875 0.42291718749999996 0.503125 0.42916718749999994 0.5078125 0.42916718749999994 0.51875 0.43541718749999997 0.525 0.43541718749999997 0.53125 0.43958281250000003 0.5484375 0.44166718749999995 0.5578125 0.44583281250000006 0.5703125 0.44583281250000006 0.571875 0.4479171875 0.6453125 0.45 0.6484375 0.4479171875 0.65 0.45 0.659375 0.44583281250000006 0.6765625 0.41875 0.6921875 0.40416718749999997 0.703125 0.3979171875 0.721875 0.39375 0.7296875 0.3875 0.7328125 0.3791671875 0.7328125 0.36875 0.7234375 0.3604171875 0.70625 0.3541671875 0.659375 0.3541671875 0.6515625 0.35625 0.65 0.3541671875 0.64375 0.3583328125 0.6421875 0.35625 0.6234375 0.35625 0.621875 0.3541671875 0.5796875 0.3520828125 0.5734375 0.3479171875 0.534375 0.3395828125 0.484375 0.3125 0.475 0.3125 0.46875 0.31875 0.459375 0.3229171875 0.4296875 0.3041671875 0.428125 0.3041671875 0.4203125 0.3083328125 0.415625 0.3166671875
3 0.471875 0.45208281250000004 0.4609375 0.46875 0.4515625 0.49791718749999997 0.4484375 0.5020828125000001 0.434375 0.5020828125000001 0.425 0.5145828125 0.425 0.5229171874999999 0.4296875 0.5291671874999999 0.43125 0.5354171875 0.4453125 0.5520828125 0.4515625 0.5520828125 0.4609375 0.5458328125 0.4703125 0.54375 0.471875 0.5458328125 0.4828125 0.5458328125 0.496875 0.5541671874999999 0.5328125 0.55 0.5453125 0.5541671874999999 0.55 0.5583328125 0.559375 0.5604171874999999 0.5625 0.5583328125 0.578125 0.5229171874999999 0.609375 0.4875 0.6 0.4791671875 0.540625 0.45 0.528125 0.4479171875 0.5203125 0.44375 0.50625 0.44375 0.5046875 0.44166718749999995 0.503125 0.44375 0.490625 0.44375 0.471875 0.45208281250000004
5 0.59375 0.3229171875 0.575 0.3375 0.571875 0.34375 0.5734375 0.3458328125 0.6046875 0.35 0.60625 0.3520828125 0.6609375 0.3520828125 0.665625 0.35 0.665625 0.3479171875 0.6515625 0.3395828125 0.6328125 0.3229171875 0.61875 0.31875 0.6171875 0.31875 0.603125 0.31875 0.59375 0.3229171875
1 0.2203125 0.44375 0.2015625 0.45 0.1828125 0.4791671875 0.1765625 0.49791718749999997 0.1765625 0.5083328125000001 0.175 0.5104171875 0.1765625 0.5166671875 0.175 0.51875 0.175 0.5354171875 0.1796875 0.5458328125 0.178125 0.55 0.184375 0.56875 0.190625 0.5729171875 0.1921875 0.5770828125 0.1953125 0.5770828125 0.1984375 0.58125 0.196875 0.5833328125 0.2015625 0.5895828125 0.215625 0.6 0.21875 0.6020828125000001 0.2328125 0.6020828125000001 0.234375 0.6 0.2546875 0.6 0.25625 0.5958328125000001 0.25625 0.5625 0.2625 0.5333328125000001 0.275 0.5104171875 0.2890625 0.49375 0.2953125 0.4895828125 0.2984375 0.48333281250000004 0.2984375 0.47708281250000006 0.29375 0.46875 0.2765625 0.44583281250000006 0.265625 0.43958281250000003 0.25625 0.43958281250000003 0.2453125 0.43541718749999997 0.24375 0.43541718749999997 0.2296875 0.4375 0.2203125 0.44375
1 0.3359375 0.4375 0.315625 0.45416718749999996 0.3046875 0.47291718749999995 0.303125 0.4791671875 0.3078125 0.48125 0.3234375 0.475 0.3484375 0.475 0.3609375 0.4791671875 0.365625 0.47291718749999995 0.3734375 0.4479171875 0.378125 0.44166718749999995 0.3765625 0.4375 0.3640625 0.43125 0.3625 0.43125 0.3515625 0.43125 0.3359375 0.4375
1 0.4015625 0.42083281250000004 0.3875 0.43125 0.371875 0.45208281250000004 0.3640625 0.47708281250000006 0.3734375 0.4875 0.3890625 0.49791718749999997 0.4015625 0.5166671875 0.409375 0.5395828125000001 0.4109375 0.5645828125000001 0.4140625 0.5708328125000001 0.425 0.5604171874999999 0.434375 0.5583328125 0.4390625 0.5541671874999999 0.4390625 0.5479171875 0.4234375 0.525 0.4234375 0.5145828125 0.43125 0.5020828125000001 0.45 0.49583281250000005 0.4578125 0.47291718749999995 0.46875 0.45208281250000004 0.4640625 0.43958281250000003 0.453125 0.425 0.4375 0.4166671875 0.4359375 0.4166671875 0.4125 0.4166671875 0.4015625 0.42083281250000004
1 0.3125 0.48333281250000004 0.3015625 0.48541718749999996 0.2796875 0.50625 0.2640625 0.5354171875 0.2578125 0.5604171874999999 0.2578125 0.5875 0.259375 0.5895828125 0.259375 0.6020828125000001 0.2640625 0.6104171875 0.265625 0.61875 0.2890625 0.6270828125000001 0.3046875 0.6395828125 0.3203125 0.6583328125000001 0.3328125 0.6791671874999999 0.35625 0.68125 0.36875 0.675 0.3875 0.6541671874999999 0.3921875 0.6416671875 0.39375 0.6291671875 0.4015625 0.60625 0.4046875 0.5895828125 0.409375 0.5791671875 0.409375 0.55 0.40625 0.5333328125000001 0.4 0.5166671875 0.3890625 0.5 0.365625 0.48333281250000004 0.3453125 0.47708281250000006 0.34375 0.47708281250000006 0.31875 0.4791671875 0.3125 0.48333281250000004
1 0.60625 0.49375 0.5796875 0.525 0.5671875 0.55 0.565625 0.5583328125 0.5625 0.5625 0.5640625 0.5916671874999999 0.5703125 0.6125 0.5734375 0.6166671874999999 0.5796875 0.6166671874999999 0.66875 0.58125 0.6703125 0.56875 0.66875 0.5645828125000001 0.675 0.5375 0.6796875 0.5270828125 0.6796875 0.51875 0.6640625 0.5 0.634375 0.48541718749999996 0.6328125 0.48541718749999996 0.6171875 0.4875 0.60625 0.49375
0 0.696875 0.40416718749999997 0.6796875 0.41875 0.671875 0.42916718749999994 0.665625 0.44375 0.65625 0.4583328125 0.65 0.4583328125 0.6515625 0.4625 0.6453125 0.47291718749999995 0.6453125 0.48541718749999996 0.6625 0.49583281250000005 0.68125 0.5166671875 0.7 0.49791718749999997 0.71875 0.49166718749999994 0.7546875 0.49375 0.75625 0.49583281250000005 0.771875 0.49791718749999997 0.790625 0.5083328125000001 0.796875 0.5083328125000001 0.7984375 0.4895828125 0.8015625 0.4791671875 0.8015625 0.46041718749999994 0.7984375 0.45208281250000004 0.7921875 0.4375 0.7765625 0.4166671875 0.76875 0.40833281250000003 0.75 0.3979171875 0.7484375 0.3979171875 0.7234375 0.3958328125 0.696875 0.40416718749999997
2 0.7171875 0.49583281250000005 0.7078125 0.49583281250000005 0.6953125 0.5041671875 0.6828125 0.51875 0.6734375 0.55 0.671875 0.5791671875 0.6796875 0.5791671875 0.7078125 0.5666671875 0.7140625 0.5666671875 0.765625 0.5479171875 0.771875 0.5479171875 0.7984375 0.5354171875 0.803125 0.5354171875 0.80625 0.5291671874999999 0.7953125 0.5125 0.7765625 0.5020828125000001 0.7546875 0.49583281250000005 0.753125 0.49583281250000005 0.71875 0.49375 0.7171875 0.49583281250000005
0 0.465625 0.5479171875 0.4515625 0.55625 0.4265625 0.5645828125000001 0.4203125 0.56875 0.4125 0.5791671875 0.403125 0.60625 0.396875 0.6479171874999999 0.396875 0.66875 0.3984375 0.6708328125 0.4109375 0.6708328125 0.4296875 0.6625 0.453125 0.65625 0.4640625 0.65 0.490625 0.64375 0.496875 0.6395828125 0.5046875 0.6395828125 0.5109375 0.6354171875 0.53125 0.6333328125000001 0.5375 0.6291671875 0.5375 0.6145828125 0.534375 0.6125 0.53125 0.6 0.521875 0.5854171874999999 0.515625 0.5708328125000001 0.509375 0.5625 0.4921875 0.5541671874999999 0.490625 0.5541671874999999 0.4765625 0.5479171875 0.465625 0.5479171875
0 0.196875 0.6625 0.2109375 0.6458328125 0.2265625 0.6333328125000001 0.2578125 0.6229171874999999 0.2625 0.6166671874999999 0.2609375 0.6104171875 0.25625 0.6041671875 0.240625 0.6020828125000001 0.2140625 0.6104171875 0.190625 0.6291671875 0.184375 0.6395828125 0.178125 0.6604171875 0.175 0.7 0.175 0.7020828125 0.1953125 0.66875 0.196875 0.6625
5 0.2484375 0.6291671875 0.2359375 0.63125 0.209375 0.65 0.1875 0.6833328125 0.1828125 0.6958328125000001 0.1734375 0.7104171874999999 0.1671875 0.7270828125000001 0.165625 0.7458328125 0.16875 0.75 0.178125 0.75 0.33125 0.6958328125000001 0.33125 0.6854171874999999 0.3265625 0.675 0.309375 0.6479171874999999 0.2890625 0.63125 0.275 0.625 0.2734375 0.625 0.25625 0.625 0.2484375 0.6291671875
0 0.453125 0.42291718749999996 0.4640625 0.4375 0.46875 0.45 0.4734375 0.45 0.4890625 0.44166718749999995 0.4984375 0.44166718749999995 0.5 0.4375 0.4953125 0.4270828125 0.46875 0.40833281250000003 0.4671875 0.40833281250000003 0.4390625 0.41458281250000006 0.453125 0.42291718749999996
