5 0.126696875 0.675890625 0.1238375 0.6963625 0.12526718750000002 0.69864375 0.1408625 0.7007734375 0.15047968750000001 0.6979140625 0.1613953125 0.6994046875000001 0.169453125 0.69633125 0.1867375 0.6966046875 0.19479531249999998 0.6935328125 0.22156718749999998 0.6930140625 0.2359921875 0.688725 0.27069062499999996 0.687203125 0.285115625 0.6829140625 0.303959375 0.6834 0.31994531249999997 0.6793234375 0.3293015625 0.6806015624999999 0.337359375 0.677528125 0.3394390625 0.6694671875 0.3346296875 0.6458609375 0.33501875000000003 0.6396546875 0.3255328125 0.6154109375 0.31565468750000003 0.597371875 0.3025296875 0.580975 0.27705625 0.5608078125 0.27549687500000003 0.5605953125 0.25379375 0.5555453124999999 0.25210468750000004 0.5574015625000001 0.2254640625 0.5558500000000001 0.2061 0.5636375 0.189725 0.5739203125000001 0.1778984375 0.5869093750000001 0.1707515625 0.6005390625 0.13644375 0.6459265624999999 0.13280468750000002 0.653775 0.126696875 0.675890625
0 0.138521875 0.6378640625 0.15359687500000002 0.6232328125000001 0.155546875 0.6172390625 0.1691921875 0.600325 0.17802968749999998 0.5848421874999999 0.1915453125 0.569996875 0.22078437499999998 0.5552109375 0.2602921875 0.552259375 0.2575625 0.545628125 0.25561406249999996 0.5265859374999999 0.2527546875 0.522021875 0.24209687500000002 0.5163953125 0.2405375 0.51618125 0.22195468749999997 0.5115578125 0.19011406250000001 0.51764375 0.1672421875 0.5312109375 0.1571046875 0.5423453125 0.14631875 0.563821875 0.1396921875 0.5942125 0.136053125 0.6020609375 0.1346234375 0.6248140624999999 0.1355328125 0.6353703125 0.138521875 0.6378640625
0 0.4701765625 0.666453125 0.47823281250000005 0.6633796875 0.49863749999999996 0.6640796875 0.5225500000000001 0.6589984375 0.582459375 0.6567453125 0.5873984375 0.653246875 0.5880484375 0.6429046875 0.5845390625 0.6236484375 0.5850593749999999 0.615375 0.5822 0.6108109374999999 0.5814203124999999 0.5981875 0.5681640625 0.5588234375 0.5568562499999999 0.538503125 0.5429515625 0.5345187499999999 0.5218984375 0.5191265625 0.5078625 0.5172109375 0.49187812500000005 0.5212875 0.48576874999999997 0.5183671875 0.48290937500000003 0.5138046875 0.48135000000000006 0.513590625 0.4718640625 0.5143828125 0.43989375 0.547571875 0.43963437499999997 0.5517078125 0.4232609375 0.5870265625 0.4128640625 0.6273328125 0.41078593750000003 0.66043125 0.4135140625 0.6670625 0.43066875 0.6694046874999999 0.46081874999999994 0.665175 0.4701765625 0.666453125
0 0.730090625 0.459925 0.727490625 0.47626093750000004 0.7241125 0.47997187500000005 0.7178734375 0.4791203125 0.7191734375000001 0.4834703125 0.7170953124999999 0.49153125 0.7393171875 0.5133421874999999 0.7536140625 0.5361578125 0.759071875 0.5494203125 0.763490625 0.5541953125 0.783634375 0.5339968749999999 0.8046875 0.524353125 0.8327578125 0.5281859375 0.8418546875 0.5336000000000001 0.8588796875 0.5380109375 0.8770734375 0.5488390625 0.884871875 0.5499046875 0.8865609375 0.5480484375 0.8888999999999999 0.53585 0.8943578125 0.5240765625 0.895396875 0.507528125 0.8892890625 0.47957343750000003 0.8712249999999999 0.4416390625 0.8549796875 0.42481718749999997 0.836784375 0.4139875 0.835225 0.41377499999999995 0.8306765625000001 0.41106718750000004 0.810403125 0.4083 0.799096875 0.413015625 0.7913 0.4119515625 0.7848015625 0.4152359375 0.7801234375 0.4145984375 0.76231875 0.42259843750000003 0.7524421875 0.42959531249999994 0.7355484375 0.4481515625 0.730090625 0.459925
5 0.727359375 0.32811406249999997 0.724759375 0.31941406250000004 0.7161828125 0.30572499999999997 0.6938296875 0.2859828125 0.6922703125 0.2857703125 0.6705671875 0.280721875 0.6641984375 0.2819375 0.64145625 0.2934375 0.638078125 0.29714843750000003 0.6378171874999999 0.3012859375 0.6514640625 0.3094078125 0.6745953124999999 0.3167390625 0.6821328125 0.321940625 0.72385 0.33389375 0.727359375 0.32811406249999997
3 0.2492421875 0.30248125 0.24885312499999998 0.3086859375 0.253271875 0.31346250000000003 0.265746875 0.315165625 0.2779640625 0.32100625 0.302265625 0.359790625 0.309934375 0.3629234375 0.31851093750000004 0.35157656249999997 0.3430734375 0.336153125 0.3477515625 0.3367921875 0.3688046875 0.3271484375 0.3814109375 0.32678281249999996 0.3879078125 0.32349843749999996 0.42390625000000004 0.3263265625 0.4392421875 0.3325921875 0.448728125 0.33180156250000004 0.4501578125 0.3340828125 0.47809999999999997 0.339984375 0.500321875 0.336759375 0.5007125 0.330553125 0.4938234375 0.3150078125 0.49109375 0.283340625 0.4765390625 0.26466406249999996 0.46731249999999996 0.2613171875 0.45288593749999995 0.24057187500000002 0.44391875000000003 0.23308749999999998 0.442359375 0.232875 0.41935625 0.2234765625 0.38972656250000004 0.21943125000000002 0.370621875 0.22308124999999998 0.362825 0.22201718750000002 0.3211078125 0.23509843749999998 0.304734375 0.24538125000000002 0.301615625 0.2449546875 0.2769234375 0.262446875 0.25288125 0.2946328125 0.2492421875 0.30248125
3 0.49291406249999997 0.2794171875 0.49629375 0.300740625 0.4955140625 0.31315312500000003 0.503571875 0.335115625 0.506690625 0.33554218750000003 0.5478875000000001 0.38080625 0.560103125 0.386646875 0.58570625 0.40474531249999995 0.6330109375 0.42789374999999996 0.6423671875 0.42917187500000004 0.653025 0.43479999999999996 0.6578328124999999 0.4333703125 0.68694375 0.44568906249999996 0.6964312500000001 0.4448984375 0.697859375 0.4471796875 0.724371875 0.45079843750000004 0.7307390625 0.44958125000000004 0.7493234375 0.4291703125 0.7608890625 0.42031718749999997 0.7835015624999999 0.41088593749999996 0.8009171875 0.409090625 0.809234375 0.40188125 0.8146921875 0.390109375 0.8152109375000001 0.381834375 0.8140421874999999 0.375415625 0.8054640624999999 0.3617265625 0.7949375 0.35403125 0.7796031250000001 0.34776406249999997 0.75478125 0.3422890625 0.7533515625 0.3400078125 0.723590625 0.33803125 0.7190421875 0.335325 0.7157921875000001 0.3369671875 0.7098140625 0.331978125 0.6803140625 0.3258640625 0.6636796875 0.3152484375 0.6389875 0.3077046875 0.631709375 0.298365625 0.625471875 0.2975140625 0.5936312499999999 0.2785625 0.556203125 0.2484171875 0.5519140625000001 0.2415734375 0.536709375 0.2332375 0.5125375 0.24245624999999998 0.4978515625 0.225846875 0.4799171875 0.21088125 0.4783578125 0.2106671875 0.47367968749999995 0.2100296875 0.46718125 0.21331406249999998 0.4604234375 0.22073749999999998 0.4576953125 0.2391421875 0.4588640625 0.24555937499999997 0.4677015625 0.25511249999999996 0.47536875 0.2582453125 0.48407656250000003 0.269865625 0.48719531250000003 0.270290625 0.49291406249999997 0.2794171875
3 0.48005156250000003 0.509240625 0.49057812500000003 0.5169374999999999 0.49837499999999996 0.5180015625000001 0.5033140625 0.514503125 0.511240625 0.5135 0.5221578124999999 0.5149890625 0.5416515625 0.53016875 0.5620546875 0.53086875 0.5773906249999999 0.537134375 0.595325 0.5521 0.6075406250000001 0.557940625 0.635090625 0.5199765625 0.6683609374999999 0.49113749999999995 0.6701796875 0.48721249999999994 0.6644609375 0.4780875 0.6093578125 0.42883750000000004 0.5987015625 0.42321093750000005 0.577778125 0.40575 0.5640031249999999 0.399696875 0.56244375 0.399484375 0.53905 0.396290625 0.5311234375 0.39729375 0.5196875000000001 0.404078125 0.5024031250000001 0.42884062500000003 0.4916171875 0.45031718749999994 0.4882375 0.45402812499999995 0.4818703125 0.45524531250000005 0.46848437499999995 0.468021875 0.4661453125 0.4802203125 0.48005156250000003 0.509240625
2 0.80105 0.63234375 0.8088468750000001 0.633409375 0.8311999999999999 0.6281156250000001 0.9117734375 0.622425 0.9246390625 0.6179218750000001 0.925159375 0.6096484375 0.9213906250000001 0.5945296875 0.903975 0.5712890625 0.8814921874999999 0.5536156250000001 0.857190625 0.539865625 0.8462734375000001 0.538375 0.8248296875 0.5291890625 0.8232703125 0.5289765625 0.7997484375 0.5278515625 0.7818140625 0.5379203125 0.76323125 0.5583328125 0.7485453125 0.5917953125000001 0.744128125 0.6120546874999999 0.74555625 0.6143375 0.7458171874999999 0.6352359375 0.747246875 0.6375171875000001 0.75504375 0.63858125 0.80105 0.63234375
1 0.6124796875 0.6295499999999999 0.620796875 0.6473765625000001 0.6267750000000001 0.6523640625 0.6454890625 0.65491875 0.68525625 0.6478312500000001 0.6930546875 0.6488953125 0.7043609375 0.6441796875 0.7121578125 0.64524375 0.7250234375 0.6407421875 0.7376296875 0.6403765625 0.74256875 0.636878125 0.7426984375 0.6097734375 0.7443875 0.60791875 0.7450375 0.597575 0.7599812499999999 0.5599765624999999 0.754653125 0.54464375 0.7406171875 0.5176921875 0.7212531249999999 0.5004453125 0.7046187500000001 0.489828125 0.703059375 0.489615625 0.6827859375 0.486846875 0.6683609374999999 0.49113749999999995 0.6631625 0.49877343749999997 0.63665 0.5201890625 0.610659375 0.5583671875 0.6102703125 0.5645718750000001 0.6067609375 0.570353125 0.6052015625 0.595175 0.6061109375 0.60573125 0.6124796875 0.6295499999999999
1 0.1535953125 0.3979109375 0.152425 0.41652812499999997 0.15762343750000002 0.433928125 0.159703125 0.4509015625 0.1782875 0.48056093750000006 0.189075 0.4841203125 0.20804843750000002 0.5075734375 0.23936875 0.5097640625000001 0.2439171875 0.5124703125 0.250284375 0.511253125 0.2536640625 0.5075421875 0.2549625 0.48685625000000005 0.25665312500000004 0.48500156250000004 0.25964062499999996 0.462459375 0.26886875 0.44077031250000004 0.277575 0.4273546875 0.29446875 0.40879843749999994 0.30772499999999997 0.3980890625 0.30967500000000003 0.392096875 0.3087640625 0.381540625 0.30460625 0.372628125 0.303565625 0.364140625 0.28368125 0.33013125 0.27328437499999997 0.3203671875 0.26236875 0.31887656249999996 0.25015312500000003 0.31303593749999997 0.24859218749999998 0.31282343749999997 0.245734375 0.3082609375 0.23481718749999997 0.3067703125 0.226759375 0.30984218750000003 0.2015484375 0.3105734375 0.1901125 0.3173578125 0.17321718749999998 0.3359140625 0.1625609375 0.355321875 0.15866249999999998 0.3673078125 0.15762343750000002 0.38385625 0.1535953125 0.3979109375
1 0.3157828125 0.39501718750000003 0.34138437499999996 0.38808125000000004 0.3818015625 0.395684375 0.3962265625 0.366359375 0.3967453125 0.3580859375 0.38816875 0.344396875 0.3745234375 0.336275 0.3729625 0.33606250000000004 0.3572375 0.3360015625 0.3523 0.3395 0.3460625 0.3386484375 0.3380046875 0.3417203125 0.3116234375 0.36106875 0.3081140625 0.36684843749999996 0.3075953125 0.375121875 0.3103234375 0.3817546875 0.311234375 0.392309375 0.3157828125 0.39501718750000003
1 0.44145312499999995 0.47267656249999995 0.44418281249999997 0.50434375 0.4423640625 0.5333046875 0.4454828125 0.5337296874999999 0.4570484375 0.5248781250000001 0.47238281249999997 0.5061078125 0.47004375 0.4932703125 0.4670546875 0.49077656249999996 0.4673140625 0.4866390625 0.46445625 0.48207656249999997 0.466925 0.467809375 0.48044062500000007 0.4529640625 0.48680781250000005 0.451746875 0.493565625 0.44432499999999997 0.497334375 0.43440781250000005 0.5112390625 0.41335625 0.5116296874999999 0.40715 0.5039609375 0.37898125 0.494084375 0.36094218749999996 0.474590625 0.34576406249999997 0.46367343749999995 0.3442734375 0.4622453125 0.3419921875 0.46068437500000003 0.341778125 0.435603125 0.340440625 0.41455000000000003 0.350084375 0.396096875 0.368428125 0.38505 0.39404218750000003 0.3877796875 0.40067343749999995 0.39518749999999997 0.40794375 0.407403125 0.413784375 0.42078906250000003 0.42604375 0.43352500000000005 0.44864531249999995 0.44145312499999995 0.47267656249999995
1 0.25873124999999997 0.47693906249999996 0.2565234375 0.5121046875 0.257953125 0.5143875 0.257303125 0.5247296875 0.2600328125 0.5313609375 0.2593828125 0.5417046875 0.26497031249999997 0.5528984375 0.2864140625 0.562084375 0.30421875 0.5791203125 0.3243625 0.6089921875 0.335409375 0.6334500000000001 0.3537328125 0.642209375 0.36776875000000003 0.6441265625 0.38232343750000003 0.63776875 0.3955796875 0.627059375 0.405715625 0.6159265625 0.409484375 0.606009375 0.41988125 0.5907375 0.438984375 0.537015625 0.442753125 0.5020625 0.43729375 0.4637640625 0.42351875000000005 0.432675 0.408703125 0.418134375 0.4010359375 0.4150015625 0.39518749999999997 0.40794375 0.38751875 0.4048109375 0.3831 0.400034375 0.381540625 0.399821875 0.3769921875 0.3971140625 0.3380046875 0.3917921875 0.330078125 0.392796875 0.3251390625 0.3962953125 0.3140921875 0.3968734375 0.2975890625 0.4092234375 0.275625 0.43334687499999996 0.2630203125 0.4587484375 0.2625 0.46702187500000003 0.25873124999999997 0.47693906249999996
0 0.5291734375 0.37825156249999997 0.51955625 0.35607500000000003 0.5092890625 0.3442421875 0.5077296875 0.3440296875 0.48264843749999997 0.342690625 0.477709375 0.34618906250000003 0.49265468749999997 0.3586609375 0.5040921875000001 0.3769125 0.510459375 0.40073125000000004 0.51331875 0.4052953125 0.5164375 0.4057203125 0.5313828125 0.39315625 0.5316421874999999 0.3890203125 0.5291734375 0.37825156249999997
