3 0.83735625 0.5121749999999999 0.9014515624999999 0.5016984375 0.9176640624999999 0.4951359375 0.92504375 0.4833078125 0.9219109375000001 0.4711140625 0.8608734374999999 0.44358593749999997 0.8487765625 0.4245734375 0.846596875 0.3989359375 0.85789375 0.3592015625 0.88935625 0.3101 0.88813125 0.271015625 0.931390625 0.21271718750000002 0.9057796874999999 0.1827015625 0.8911140625 0.1828109375 0.8812625000000001 0.190215625 0.859915625 0.235021875 0.8407390625 0.2560453125 0.794309375 0.27705 0.7747375 0.29341249999999997 0.7618265625 0.338821875 0.7335906249999999 0.376571875 0.7581828125000001 0.41925625 0.7492921875 0.4626359375 0.7987968750000001 0.50246875 0.83735625 0.5121749999999999
3 0.5932593749999999 0.6985875 0.6084906250000001 0.7297921875 0.7547625 0.6502859375 0.7321890625 0.656009375 0.6999906250000001 0.64714375 0.6688859375 0.6758078125 0.644765625 0.687984375 0.5932593749999999 0.6985875
5 0.4632875 0.1313796875 0.48381875 0.32358125000000004 0.549196875 0.30354375 0.5918328125000001 0.2625765625 0.605271875 0.2233828125 0.6024984375 0.1907515625 0.5712828125 0.14411875000000002 0.546859375 0.1280875 0.5127171875000001 0.1210125 0.48144375000000006 0.12302500000000001 0.4632875 0.1313796875
5 0.8976000000000001 0.53038125 0.8634578125000001 0.5233078124999999 0.842696875 0.525684375 0.8083281250000001 0.5406015625 0.82329375 0.5686984374999999 0.8221796875 0.6049125 0.7977000000000001 0.6375265625 0.827821875 0.646628125 0.8694765625 0.643428125 0.9142265625 0.6273234375000001 0.9339296875 0.612515625 0.9446703125000001 0.5908890625 0.9304593750000001 0.547015625 0.8976000000000001 0.53038125
5 0.6609203124999999 0.730065625 0.6784546875 0.739040625 0.6949687499999999 0.7606843750000001 0.7056125 0.7626031249999999 0.72554375 0.7258046874999999 0.7232984375 0.6993890625 0.7136734375 0.6848015625 0.6965359375 0.6804875 0.617190625 0.733503125 0.6609203124999999 0.730065625
5 0.5298484375 0.47050156249999997 0.4913265625 0.4858953125 0.492553125 0.524978125 0.537640625 0.562178125 0.5459453125 0.561228125 0.58473125 0.5489421875 0.6120796875 0.5254140625 0.6229515625000001 0.5053421874999999 0.619421875 0.4884875 0.585940625 0.4891828125 0.5298484375 0.47050156249999997
0 0.6301984375 0.49196093750000003 0.6216671875 0.514903125 0.5929031250000001 0.5464375 0.6326140625 0.5450296875 0.6667562499999999 0.552103125 0.7255109375 0.5281171875 0.7332859375 0.5209515625 0.73156875 0.5007515625 0.719603125 0.48329374999999997 0.6774390625 0.49282812500000006 0.6301984375 0.49196093750000003
0 0.89643125 0.44265156250000004 0.895734375 0.409784375 0.86844375 0.3846671875 0.8517015625000001 0.3850140625 0.8505874999999999 0.421228125 0.86295 0.44334843749999997 0.8890515625000001 0.4544796875 0.89643125 0.44265156250000004
0 0.7352000000000001 0.1488859375 0.69331875 0.174078125 0.7016609375 0.19822656249999998 0.6982062499999999 0.23157031250000001 0.746728125 0.251640625 0.7735484375 0.2794265625 0.8221859374999999 0.2597375 0.84600625 0.21935625 0.8463265625 0.17381875 0.8368343749999999 0.160784375 0.8037109375 0.1410421875 0.7352000000000001 0.1488859375
0 0.6220328125 0.149290625 0.5961953125 0.141265625 0.5732265625 0.1423265625 0.6019703125 0.1845359375 0.6058 0.22959843750000003 0.591965625 0.2641296875 0.5555578125 0.30438437500000004 0.5822828125 0.2981875 0.6101593750000001 0.280875 0.641 0.24910312499999998 0.6536828125 0.225684375 0.654665625 0.1879171875 0.64464375 0.1686671875 0.6220328125 0.149290625
0 0.729703125 0.38015468750000003 0.7078484375 0.34500156249999997 0.666025 0.3215484375 0.6277296875 0.31495 0.5945125 0.318753125 0.5482140625 0.3413125 0.5757703125 0.36953749999999996 0.5811484375 0.4081453125 0.5688609375 0.43622500000000003 0.5377562499999999 0.4648890625 0.59216875 0.48847031249999995 0.6316140625 0.4839546875 0.6797234375000001 0.45804999999999996 0.710828125 0.429384375 0.7289484374999999 0.39593124999999996 0.729703125 0.38015468750000003
0 0.8860281249999999 0.690171875 0.8819703125 0.6671015625 0.8633796874999999 0.6456953125 0.825878125 0.6484203125 0.7855078125 0.642059375 0.714825 0.6736859374999999 0.70899375 0.6790609375 0.7255078125 0.7007046875 0.7290734375000001 0.742659375 0.759328125 0.753315625 0.7907328125 0.7528578125000001 0.8342 0.7463124999999999 0.8687015625000001 0.7329484374999999 0.8820453125000001 0.7173 0.8860281249999999 0.690171875
1 0.8230875 0.516946875 0.806875 0.5235093749999999 0.8033828125 0.5317546875 0.80793125 0.5359406250000001 0.8406203124999999 0.525921875 0.8760468749999999 0.523434375 0.92811875 0.5441453125 0.9335546875 0.534109375 0.922871875 0.507090625 0.91183125 0.500509375 0.8230875 0.516946875
1 0.8601046875 0.18793125 0.849459375 0.1860109375 0.8478171874999999 0.21601093750000003 0.8242625 0.2595 0.846175 0.246009375 0.8649546875 0.2203234375 0.8601046875 0.18793125
1 0.6862781250000001 0.2392125 0.6415656249999999 0.2804171875 0.606403125 0.2860125 0.5961921875 0.313853125 0.6658921875 0.31999374999999997 0.7099234375 0.3447640625 0.7308546875 0.3690390625 0.76143125 0.334159375 0.77186875 0.2843265625 0.7528828125 0.258259375 0.7027546874999999 0.23575624999999997 0.6862781250000001 0.2392125
1 0.6699328125 0.24422031249999998 0.6958656249999999 0.2287 0.7007734375 0.21244843750000003 0.6969796875000001 0.1924859375 0.66748125 0.166053125 0.6463234375 0.16376875 0.6584578125 0.20787968750000002 0.65071875 0.2401453125 0.6699328125 0.24422031249999998
1 0.5392265625 0.580825 0.5284125000000001 0.552253125 0.5038578125 0.5346671875 0.49334531249999997 0.5343015624999999 0.4887390625 0.5787609375 0.49923124999999996 0.6528703124999999 0.53046875 0.625759375 0.5392265625 0.580825
1 0.6694921875000001 0.559634375 0.63910625 0.5474234375 0.5787671875 0.5527640625 0.546209375 0.5643359375 0.5344890625 0.6237296875 0.5055921875 0.6537109375 0.508328125 0.6612421875 0.5446796875000001 0.6696328125 0.5910515625 0.697271875 0.6221921874999999 0.69370625 0.662790625 0.678075 0.6994625 0.6409281250000001 0.6832703125 0.573746875 0.6694921875000001 0.559634375
1 0.5615125 0.8183265625 0.5187062499999999 0.832640625 0.5227999999999999 0.8808109375000001 0.5523578125 0.8585984375000001 0.5615125 0.8183265625
2 0.5184421875 0.8295328124999999 0.5390703125 0.825603125 0.589125 0.79790625 0.6083000000000001 0.7768828125 0.6054890625 0.719153125 0.57559375 0.6880578125000001 0.5211812499999999 0.664478125 0.5023640625 0.6650625 0.5018734375 0.683946875 0.5184421875 0.8295328124999999
2 0.47824999999999995 0.3320640625 0.488721875 0.4799171875 0.537625 0.4633359375 0.564840625 0.438253125 0.5792046875 0.4099375 0.5791671875 0.3848375 0.566540625 0.3596109375 0.54600625 0.33999531250000004 0.511203125 0.32515312500000004 0.48408281249999996 0.32668906249999996 0.47824999999999995 0.3320640625
4 0.690803125 0.4897296875 0.725171875 0.47481093750000003 0.74655625 0.4551046875 0.7571625 0.431925 0.744140625 0.4020359375 0.73115625 0.397246875 0.7072046875 0.43607500000000005 0.6361625 0.48814062500000005 0.690803125 0.4897296875
4 0.735759375 0.525375 0.6709078125 0.5516281249999999 0.700709375 0.60626875 0.6998593750000001 0.6455890625 0.7279046874999999 0.6549296874999999 0.7874515625 0.6402687499999999 0.8072874999999999 0.6270140625 0.8184234375000001 0.61005 0.82148125 0.57204375 0.806515625 0.5439468749999999 0.7566515625 0.524553125 0.735759375 0.525375
4 0.6545609375 0.729225 0.6357437499999999 0.729809375 0.6135671874999999 0.74019375 0.6086968749999999 0.7815453125 0.5694203124999999 0.8127140624999999 0.5882734375 0.837228125 0.61424375 0.84680625 0.639421875 0.8470609375 0.6739234374999999 0.8336984375000001 0.7006109375 0.8024015625 0.697309375 0.7635546875 0.6785859375000001 0.74059375 0.6545609375 0.729225
