5 0.3421875 0.79375 0.3328125 0.76875 0.2984375 0.7270828125000001 0.2671875 0.7145828125 0.228125 0.7166671874999999 0.1875 0.7395828125 0.153125 0.7833328125000001 0.140625 0.8208328125 0.1390625 0.8645828124999999 0.1453125 0.8895828124999999 0.34375 0.83125 0.3421875 0.79375
0 0.315625 0.7416671874999999 0.340625 0.78125 0.3453125 0.7708328125 0.3453125 0.7395828125 0.33125 0.7020828125 0.2984375 0.6666671875 0.265625 0.65 0.2359375 0.65 0.2046875 0.6666671875 0.184375 0.6916671875 0.1734375 0.7208328125000001 0.171875 0.75 0.2203125 0.7166671874999999 0.278125 0.7145828125 0.315625 0.7416671874999999
2 0.4734375 0.7166671874999999 0.44375 0.7020828125 0.3953125 0.7125 0.3671875 0.7416671874999999 0.3484375 0.7854171875 0.35 0.83125 0.5078125 0.7875 0.49375 0.7395828125 0.4734375 0.7166671874999999
0 0.453125 0.7020828125 0.4921875 0.73125 0.51875 0.66875 0.5140625 0.61875 0.5 0.5916671874999999 0.4625 0.5541671874999999 0.4328125 0.5416671875 0.4109375 0.5416671875 0.3859375 0.55625 0.36875 0.5770828125 0.346875 0.6270828125000001 0.3484375 0.6854171874999999 0.371875 0.73125 0.41875 0.7 0.453125 0.7020828125
1 0.6671875 0.7041671875 0.615625 0.7 0.5875 0.7145828125 0.5625 0.75 0.559375 0.7770828125 0.625 0.76875 0.696875 0.7395828125 0.6671875 0.7041671875
5 0.5109375 0.7854171875 0.553125 0.7770828125 0.5640625 0.7458328125 0.603125 0.7020828125 0.5796875 0.63125 0.546875 0.6145828125 0.5171875 0.6229171874999999 0.51875 0.6729171875 0.5078125 0.7104171874999999 0.49375 0.73125 0.5109375 0.7854171875
1 0.6984375 0.7333328125 0.709375 0.6770828125 0.7375 0.61875 0.728125 0.5729171875 0.7046875 0.5354171875 0.678125 0.51875 0.6375 0.5270828125 0.5984375 0.5541671874999999 0.5828125 0.58125 0.5828125 0.63125 0.609375 0.6979171875 0.6625 0.7 0.6984375 0.7333328125
2 0.878125 0.6791671874999999 0.865625 0.6479171874999999 0.8375 0.6104171875 0.809375 0.5958328125000001 0.771875 0.6020828125000001 0.74375 0.6166671874999999 0.7234375 0.64375 0.7078125 0.6875 0.7015625 0.7208328125000001 0.7046875 0.7375 0.8734375 0.6895828125000001 0.878125 0.6791671874999999
1 0.9109375 0.6291671875 0.8921875 0.6229171874999999 0.859375 0.6291671875 0.88125 0.6854171874999999 0.94375 0.6666671875 0.9296875 0.64375 0.9109375 0.6291671875
4 0.8515625 0.625 0.8703125 0.61875 0.9 0.5770828125 0.89375 0.5291671874999999 0.8703125 0.49166718749999994 0.853125 0.4791671875 0.81875 0.47708281250000006 0.7890625 0.49791718749999997 0.7734375 0.5208328125 0.7703125 0.54375 0.7859375 0.5916671874999999 0.8328125 0.6020828125000001 0.8515625 0.625
5 0.7734375 0.5166671875 0.8125 0.475 0.790625 0.4625 0.759375 0.46041718749999994 0.721875 0.4875 0.7359375 0.5208328125 0.775 0.5666671875 0.76875 0.54375 0.7734375 0.5166671875
3 0.703125 0.53125 0.7203125 0.5541671874999999 0.740625 0.6166671874999999 0.7828125 0.5979171875 0.7765625 0.575 0.721875 0.5020828125000001 0.6984375 0.45 0.6796875 0.43541718749999997 0.6765625 0.44166718749999995 0.6921875 0.48333281250000004 0.6828125 0.51875 0.703125 0.53125
4 0.678125 0.5166671875 0.690625 0.4895828125 0.690625 0.475 0.6703125 0.425 0.6453125 0.40208281250000005 0.5984375 0.40625 0.56875 0.4270828125 0.5609375 0.45208281250000004 0.559375 0.49375 0.5953125 0.5520828125 0.6421875 0.5229171874999999 0.678125 0.5166671875
0 0.521875 0.6145828125 0.55 0.6125 0.5796875 0.6291671875 0.58125 0.5854171874999999 0.5921875 0.5541671874999999 0.5578125 0.49583281250000005 0.5234375 0.5125 0.5171875 0.5208328125 0.5296875 0.56875 0.528125 0.6020828125000001 0.521875 0.6145828125
4 0.5265625 0.6041671875 0.5265625 0.5479171875 0.515625 0.5208328125 0.4953125 0.5 0.45625 0.49375 0.428125 0.5229171874999999 0.425 0.5395828125000001 0.475 0.5625 0.515625 0.6166671874999999 0.5265625 0.6041671875
1 0.3421875 0.6416671875 0.3546875 0.6020828125000001 0.384375 0.55625 0.4078125 0.5395828125000001 0.3828125 0.5145828125 0.3328125 0.5083328125000001 0.2953125 0.5354171875 0.2734375 0.5833328125 0.271875 0.6458328125 0.3203125 0.6833328125 0.3453125 0.6916671875 0.3421875 0.6416671875
1 0.26875 0.6395828125 0.2703125 0.59375 0.234375 0.6 0.215625 0.61875 0.2046875 0.6458328125 0.203125 0.6645828125000001 0.2390625 0.6479171874999999 0.2734375 0.65 0.26875 0.6395828125
0 0.21875 0.6 0.2703125 0.5875 0.284375 0.55 0.325 0.5083328125000001 0.303125 0.4625 0.278125 0.44583281250000006 0.2203125 0.45625 0.19375 0.49375 0.1890625 0.5229171874999999 0.1953125 0.5625 0.209375 0.59375 0.21875 0.6
0 0.715625 0.48125 0.721875 0.48333281250000004 0.7515625 0.46041718749999994 0.775 0.45625 0.7921875 0.43541718749999997 0.796875 0.41875 0.79375 0.3729171875 0.7671875 0.3145828125 0.7578125 0.3083328125 0.7140625 0.3125 0.6796875 0.3395828125 0.684375 0.3791671875 0.6734375 0.4270828125 0.69375 0.43958281250000003 0.715625 0.48125
0 0.496875 0.3479171875 0.453125 0.3520828125 0.43125 0.375 0.425 0.3958328125 0.4265625 0.41041718749999995 0.4609375 0.4 0.484375 0.3791671875 0.496875 0.3479171875
3 0.296875 0.4479171875 0.3140625 0.48333281250000004 0.3359375 0.50625 0.3734375 0.5083328125000001 0.4015625 0.5270828125 0.4203125 0.5291671874999999 0.459375 0.4895828125 0.49375 0.49583281250000005 0.509375 0.48125 0.54375 0.41875 0.5484375 0.3625 0.5375 0.3208328125 0.525 0.3104171875 0.5078125 0.325 0.4796875 0.3875 0.4484375 0.40833281250000003 0.4 0.4125 0.3546875 0.3958328125 0.3015625 0.40208281250000005 0.25625 0.3770828125 0.2453125 0.3791671875 0.225 0.40416718749999997 0.2234375 0.4166671875 0.2296875 0.425 0.2625 0.42916718749999994 0.296875 0.4479171875
1 0.5625 0.3895828125 0.5578125 0.3520828125 0.5671875 0.3166671875 0.5828125 0.29375 0.5671875 0.29375 0.540625 0.3125 0.55625 0.42083281250000004 0.565625 0.42291718749999996 0.5734375 0.41041718749999995 0.5625 0.3895828125
1 0.3859375 0.3791671875 0.3609375 0.3791671875 0.3390625 0.3895828125 0.3359375 0.39375 0.41875 0.41041718749999995 0.4109375 0.3895828125 0.3859375 0.3791671875
1 0.2328125 0.44166718749999995 0.2296875 0.45 0.2921875 0.4479171875 0.2546875 0.42916718749999994 0.2328125 0.44166718749999995
5 0.640625 0.3979171875 0.66875 0.4166671875 0.68125 0.3854171875 0.68125 0.3583328125 0.665625 0.3125 0.653125 0.2916671875 0.634375 0.2791671875 0.609375 0.2791671875 0.584375 0.29375 0.5671875 0.31875 0.559375 0.3458328125 0.5578125 0.36875 0.5765625 0.41458281250000006 0.603125 0.40208281250000005 0.640625 0.3979171875
