3 0.7465421875 0.588734375 0.745659375 0.5793546875 0.6550109375 0.543865625 0.625059375 0.5127453125 0.6139546874999999 0.48308906250000005 0.6191765625000001 0.45021875 0.6054234375 0.39242499999999997 0.6185171875 0.354821875 0.59404375 0.337746875 0.5833609375 0.3346765625 0.575490625 0.339409375 0.5715921875000001 0.38634843750000003 0.52555 0.42725625 0.524296875 0.50233125 0.5560328125 0.5303140625 0.5582390625 0.5537609375 0.6049609375 0.5863562499999999 0.6545140625 0.6048609375 0.69829375 0.60619375 0.7368890625 0.5966046875 0.7465421875 0.588734375
3 0.6407578125 0.72379375 0.63899375 0.7050359375 0.630240625 0.700390625 0.5886671875 0.72250625 0.5658109375 0.7226281250000001 0.5398484375 0.7118171875 0.5138484375 0.7447984375 0.4596609375 0.7654171875 0.4694046875 0.8247953125 0.49242656250000005 0.8043421875 0.5285031250000001 0.7900750000000001 0.5654796875 0.7632921875 0.629615625 0.737928125 0.6407578125 0.72379375
0 0.4658296875 0.3227875 0.4496296875 0.3494609375 0.4588046875 0.380690625 0.4847671875 0.3915015625 0.5227359375 0.41945156250000004 0.5620859375 0.39578281249999997 0.575178125 0.3581796875 0.5665921875000001 0.3332015625 0.5272796875 0.313078125 0.5084328124999999 0.3116140625 0.4658296875 0.3227875
0 0.7232796875 0.7171000000000001 0.69359375 0.72195 0.6524890625 0.7159125000000001 0.63763125 0.7347578125 0.6119453125 0.7489703125 0.611190625 0.76305 0.6359390625 0.8051453125 0.658334375 0.8222296874999999 0.7021140625 0.8235609374999999 0.761946875 0.7966562500000001 0.76463125 0.781003125 0.7456750000000001 0.7341859375 0.7232796875 0.7171000000000001
0 0.473715625 0.472884375 0.4191234375 0.4450234375 0.39181875 0.442040625 0.36317187500000003 0.44688437499999994 0.329909375 0.46895468749999997 0.3502078125 0.507946875 0.3506296875 0.53453125 0.338290625 0.55805625 0.394371875 0.579653125 0.4495890625 0.5699765625000001 0.4705328125 0.549534375 0.48643749999999997 0.5197359374999999 0.48586875 0.49158749999999996 0.473715625 0.472884375
0 0.28254687500000003 0.31906875 0.3153109375 0.3579921875 0.320625 0.392371875 0.309021875 0.4237125 0.287784375 0.441028125 0.3155296875 0.4487 0.3461078125 0.44228281249999996 0.3713546875 0.42338125 0.38965 0.37480156249999996 0.36712656250000003 0.33425937499999997 0.325884375 0.3157109375 0.28254687500000003 0.31906875
0 0.7028187499999999 0.521715625 0.6869515625 0.507725 0.6676624999999999 0.501571875 0.6304109375 0.5033328125 0.629509375 0.5158484375 0.6570890625 0.5438546875 0.712728125 0.5607624999999999 0.7028187499999999 0.521715625
0 0.45295312499999996 0.627825 0.48456093750000007 0.63235 0.5108171875 0.6462859375 0.5676890625000001 0.6100140625 0.5552421875 0.588184375 0.53358125 0.5789156249999999 0.5015140625 0.591596875 0.46396718750000004 0.5902328125 0.45295312499999996 0.627825
5 0.38175781249999996 0.5781562499999999 0.3342828125 0.559640625 0.30265624999999996 0.5770125 0.3054515625 0.6067125 0.337646875 0.6174890625 0.3846625 0.6532109375 0.45444218750000004 0.6215609375 0.4562453125 0.5965296875 0.4375640625 0.5747328125 0.417375 0.5810953125 0.38175781249999996 0.5781562499999999
5 0.1696125 0.31184687499999997 0.2166984375 0.43671249999999995 0.2325671875 0.45070468750000003 0.283775 0.44261249999999996 0.30694374999999996 0.42372343749999997 0.318840625 0.395509375 0.31338125 0.3595671875 0.2963359375 0.33307031249999997 0.2414515625 0.3020828125 0.19366250000000002 0.3023359375 0.1696125 0.31184687499999997
5 0.636825 0.6377984375 0.6448031249999999 0.67841875 0.6385515625 0.7003468749999999 0.6692578124999999 0.7173875 0.7149687499999999 0.7171453125 0.764265625 0.6887328125 0.7604421875 0.648090625 0.7485828125 0.6325140625000001 0.7137203125 0.6154953125 0.669940625 0.6141625000000001 0.636825 0.6377984375
5 0.7554937500000001 0.7059828125000001 0.7468890625 0.7029 0.7250640625 0.7139640625 0.7428625 0.72638125 0.7588578125 0.7638296875 0.7694124999999999 0.74344375 0.7554937500000001 0.7059828125000001
5 0.53651875 0.7869046875000001 0.5825046875 0.8116843749999999 0.602509375 0.8475484375000001 0.6200328125000001 0.8349437500000001 0.6294109375 0.8020515625 0.623196875 0.7801890625000001 0.6002140625 0.7568515625 0.5895296875 0.7537812500000001 0.5754265625 0.7585468750000001 0.53651875 0.7869046875000001
2 0.3751 0.72833125 0.3460109375 0.7284843750000001 0.3339859375 0.733240625 0.3347203125 0.74105625 0.385815625 0.8643375000000001 0.41104375 0.86733125 0.43524062499999994 0.8593828125 0.4622703125 0.8373437499999999 0.4711890625 0.8216578125 0.46320937500000003 0.7810374999999999 0.455359375 0.763875 0.4307390625 0.7452390624999999 0.3751 0.72833125
2 0.24749531249999998 0.521003125 0.2753515625 0.5740296875 0.3241890625 0.562821875 0.34840468750000003 0.5329796875 0.34235625000000003 0.49078437499999994 0.32382187500000004 0.4705515625 0.2889609375 0.45353281250000005 0.2512671875 0.4506046875 0.22706875 0.458553125 0.24749531249999998 0.521003125
4 0.5516515625 0.7930796875 0.5286500000000001 0.7916375 0.502521875 0.8011609375000001 0.4725125 0.8357265625 0.4727875 0.8607484375000001 0.486871875 0.8778765625 0.517725 0.8964796875 0.5488921875 0.8963156250000001 0.564925 0.8899734374999999 0.5958171875 0.8647875 0.594659375 0.8303859375 0.57805625 0.8085796875 0.5516515625 0.7930796875
4 0.6145765625 0.6222765625 0.5929171875 0.6130078125 0.5699140625 0.611565625 0.5457156249999999 0.6195140625 0.5130421875 0.6478375 0.5348296875 0.6805656250000001 0.5416328125 0.7086796875 0.5656640625 0.7210640625 0.5965359375 0.7177734375 0.6321718749999999 0.6988171875 0.639453125 0.6878296875000001 0.6418437499999999 0.66905 0.630590625 0.63783125 0.6145765625 0.6222765625
4 0.4478046875 0.5731140625 0.45714531249999996 0.5840124999999999 0.4826671875 0.5901328125 0.507453125 0.5884375000000001 0.54695 0.5663328125 0.5541031249999999 0.5318890625 0.5158390625 0.5008125 0.491053125 0.5025078125 0.47989218749999996 0.5385375 0.4478046875 0.5731140625
1 0.4567265625 0.3807015625 0.448140625 0.35572499999999996 0.41061249999999994 0.3324640625 0.3714296875 0.3358 0.38847343749999996 0.362296875 0.389190625 0.3920078125 0.41338749999999996 0.384059375 0.4567265625 0.3807015625
1 0.4634015625 0.385359375 0.42169999999999996 0.384015625 0.3893375 0.39357031249999996 0.37357968750000003 0.4249328125 0.37311875 0.4421390625 0.406215625 0.4404 0.45132031250000004 0.4558 0.49239531249999996 0.49468125 0.512290625 0.48519218750000004 0.521209375 0.4695046875 0.5211 0.42415156249999997 0.4893640625 0.39616875 0.4634015625 0.385359375
1 0.6344937500000001 0.41416718750000003 0.613715625 0.4142765625 0.6240296875 0.501803125 0.6566859375 0.49537343749999996 0.6711015625 0.4718375 0.6635640625 0.4359078125 0.6344937500000001 0.41416718750000003
1 0.747425 0.5981124999999999 0.69888125 0.6124453125 0.7328609375 0.6200859375000001 0.7484359375 0.63095 0.7703703125 0.665240625 0.770996875 0.627703125 0.747425 0.5981124999999999
1 0.471946875 0.630853125 0.42460000000000003 0.6357953125 0.383025 0.6579109375 0.37824375 0.6954703125 0.363975 0.7205703125 0.4218390625 0.7390296875 0.4572890625 0.7623015625 0.5019703125 0.7511171875 0.521425 0.7369390625000001 0.5374765625 0.7087015625 0.5205984375 0.6618734374999999 0.49345937500000003 0.6385578125 0.471946875 0.630853125
1 0.335621875 0.7285390625 0.36546406249999996 0.71430625 0.380046875 0.6704390625000001 0.3600421875 0.6345734375000001 0.31628124999999996 0.611346875 0.28733906249999996 0.6130640625 0.290134375 0.6427640625000001 0.3268703125 0.72389375 0.335621875 0.7285390625
1 0.3907078125 0.87213125 0.41039843749999994 0.9267640625 0.42167031250000003 0.9360875 0.45165937500000003 0.9234171874999999 0.4685953125 0.9045609375 0.4696625 0.8717124999999999 0.45987968749999997 0.8561249999999999 0.451128125 0.8514796875 0.42544062499999996 0.865690625 0.3907078125 0.87213125
