3 0.6169671875 0.7030640625 0.6115781250000001 0.6864484375 0.5917671875 0.6616671875 0.54371875 0.6351453125 0.48724531249999997 0.6316609375 0.45501250000000004 0.64665 0.43251249999999997 0.6698593749999999 0.43364531250000005 0.6969531250000001 0.46796249999999995 0.69445 0.5125359375 0.7126750000000001 0.5533703125 0.7163484375 0.5746578125 0.7390265625 0.593690625 0.7825828125000001 0.601425 0.8179359375 0.6112437500000001 0.8282421875000001 0.6172390625 0.8219140625 0.6226234374999999 0.800996875 0.6168875 0.7760453125 0.6169671875 0.7030640625
3 0.51399375 0.5229078125 0.5426671875 0.5350703125 0.5493546874999999 0.50788125 0.5658593749999999 0.491 0.5783703124999999 0.49084843749999996 0.5945328125 0.5031625 0.6000046875 0.4843296875 0.6255453125 0.45899687499999997 0.6235453125 0.4485953125 0.6167671875 0.4361671875 0.605734375 0.43421562500000005 0.5911390625 0.459415625 0.51399375 0.5229078125
2 0.702175 0.458065625 0.7042578125000001 0.43301718749999996 0.6986953125 0.412234375 0.678796875 0.38536875 0.662984375 0.381390625 0.6461296875 0.3899359375 0.631796875 0.42138749999999997 0.6347546875 0.4547140625 0.670553125 0.4876421875 0.702175 0.458065625
2 0.79654375 0.6195593749999999 0.796540625 0.5820265625000001 0.7780328125 0.5509734374999999 0.7496203125 0.5450640625000001 0.7272953125 0.5724421875 0.736771875 0.649478125 0.7638812500000001 0.6616593749999999 0.7769109375000001 0.6364796875 0.79654375 0.6195593749999999
2 0.7608406249999999 0.66378125 0.743115625 0.6514859375000001 0.7323421875 0.6557875 0.705846875 0.695728125 0.7111484375 0.7102593749999999 0.73086875 0.6954234375 0.762059375 0.692959375 0.7608406249999999 0.66378125
5 0.43068125 0.5885609374999999 0.4588296875 0.58821875 0.4613484375 0.5735921875 0.4590875 0.5569390624999999 0.42798125000000004 0.5239546875000001 0.40339375000000005 0.5346796875 0.38897499999999996 0.5640468750000001 0.38810781250000004 0.5807375 0.403575 0.6139125 0.43068125 0.5885609374999999
5 0.49497656250000005 0.6294828125 0.5356375 0.6289875 0.5542265625 0.5870578125 0.542928125 0.5413218750000001 0.5221625000000001 0.53115 0.49262187500000004 0.5356796875 0.47203437499999995 0.56720625 0.4716890625 0.5964031249999999 0.4805546875 0.6213171875 0.49497656250000005 0.6294828125
5 0.5403984375 0.4433515625 0.5248468749999999 0.445625 0.5068640624999999 0.4646109375 0.5168609375 0.5166171875 0.551959375 0.4953390625 0.5668140625 0.4763921875 0.564815625 0.465990625 0.5403984375 0.4433515625
5 0.6623921875 0.554465625 0.6318109375 0.57151875 0.6232109375 0.5903890625 0.6222578125 0.604996875 0.6450218750000001 0.625571875 0.6548375 0.5983453125 0.68785 0.56458125 0.6623921875 0.554465625
5 0.798728125 0.7467265624999999 0.8264421875 0.7359640625 0.858065625 0.7063875000000001 0.8569328125 0.67929375 0.8464171875 0.6523156250000001 0.8153984375000001 0.621415625 0.7921140624999999 0.62586875 0.7755203125000001 0.640665625 0.76553125 0.663725 0.7668375000000001 0.6949859375 0.798728125 0.7467265624999999
0 0.792821875 0.7551390625 0.78030625 0.717759375 0.75901875 0.69508125 0.72035625 0.7059765625 0.7061984375 0.741596875 0.7056796875 0.766625 0.727490625 0.8018078125000001 0.7703203125 0.77835 0.792821875 0.7551390625
0 0.716271875 0.683090625 0.7309515625 0.659975 0.7347734375 0.6390765625 0.7284265624999999 0.5995359375 0.6974078125000001 0.5686359375000001 0.6652625 0.5857078125 0.6478890625 0.61928125 0.65128125 0.6630281250000001 0.6962890625 0.6916734375 0.716271875 0.683090625
0 0.5121687500000001 0.516675 0.502434375 0.4709203125 0.47984375 0.45451406250000004 0.450565625 0.4652953125 0.43301718749999996 0.49470156249999997 0.4325859375 0.5218125 0.46377968750000004 0.55688125 0.4746390625 0.5546640625 0.5121687500000001 0.516675
0 0.49438125 0.765025 0.5158406249999999 0.7543375 0.5143609375 0.7189078125 0.4902921875 0.7046046875 0.4493703125 0.698846875 0.43877187500000003 0.707315625 0.43468906250000006 0.7219625 0.43790781250000005 0.7615406250000001 0.46302031250000003 0.800853125 0.49438125 0.765025
0 0.588896875 0.630425 0.614525 0.6071765625000001 0.6172171875 0.59671875 0.6054 0.5760109375 0.584028125 0.58878125 0.5603953125000001 0.5848984374999999 0.54615 0.618434375 0.5499734375 0.6350687500000001 0.5818609375 0.6492765625 0.588896875 0.630425
0 0.5819734375000001 0.914090625 0.6502578125 0.8632156249999999 0.642434375 0.825778125 0.6275765625 0.8071921874999999 0.6128953125 0.8303078125000001 0.5932578125 0.8096953125 0.5854390625 0.809790625 0.570496875 0.826653125 0.565025 0.8454859375 0.5666796875 0.8850843749999999 0.5819734375000001 0.914090625
4 0.605559375 0.4300484375 0.6045140625000001 0.40503906250000005 0.586528125 0.38649062500000003 0.5602031249999999 0.39306718749999997 0.545609375 0.418265625 0.545003125 0.441209375 0.5681171875000001 0.4701203125 0.597134375 0.4530875 0.605559375 0.4300484375
4 0.5823765625 0.586715625 0.5974062499999999 0.5719375 0.6040062500000001 0.5426656249999999 0.5980953125 0.5135453125 0.589753125 0.5011359375 0.5675109375 0.493065625 0.5466609375 0.518340625 0.5462296875 0.545453125 0.561784375 0.5807109374999999 0.5823765625 0.586715625
4 0.6302515625 0.6090703125 0.605315625 0.611459375 0.5904609375 0.63040625 0.5850765625000001 0.6513234375 0.6148796875 0.690578125 0.6435484375 0.6652078125 0.64198125 0.6276937499999999 0.6302515625 0.6090703125
1 0.6529046875 0.3648328125 0.6371781249999999 0.3629390625 0.608596875 0.3903921875 0.609728125 0.41748593749999996 0.6297140625 0.4464359375 0.6401359375 0.3962640625 0.6628093749999999 0.3772234375 0.6529046875 0.3648328125
1 0.6591781250000001 0.5524203125 0.673684375 0.5251359375 0.6707265625 0.491809375 0.6574328125 0.4732046875 0.63979375 0.46299375 0.61346875 0.46956875 0.5973984375 0.49687187499999996 0.6055703125 0.5426453125 0.62373125 0.5653609375 0.6591781250000001 0.5524203125
1 0.7402375 0.545178125 0.7448390625 0.5055046875 0.72789375 0.4744328125 0.7010468750000001 0.4685046875 0.6755921875 0.4959203125 0.6775078125 0.5417703125 0.6892390625 0.5603953125000001 0.7113953125 0.56638125 0.7402375 0.545178125
1 0.6212234375000001 0.6925859375 0.6213171875 0.7697359374999999 0.629659375 0.7821453125 0.6426921875 0.7944984374999999 0.655203125 0.7943453125 0.6830046875 0.7856671875 0.69499375 0.7730109374999999 0.7057625 0.7311765625 0.7049796875000001 0.71241875 0.6932484375 0.6937953125 0.6594484375 0.6712703125 0.6361656250000001 0.6757234375000001 0.6212234375000001 0.6925859375
1 0.690825 0.785571875 0.649034375 0.79650625 0.6446921875 0.8049 0.6439984375 0.825759375 0.6563390625000001 0.8589718749999999 0.711071875 0.8207734375 0.7073343750000001 0.806221875 0.690825 0.785571875
1 0.57728125 0.9141468749999999 0.565028125 0.88301875 0.5633734375 0.8434203124999999 0.5287109375 0.8751203125 0.5129890625 0.9107593749999999 0.5145562499999999 0.948271875 0.5227234375 0.9565140624999999 0.5745015625 0.9225218749999999 0.57728125 0.9141468749999999
1 0.47831875 0.8673921874999999 0.49343750000000003 0.8922296875000001 0.5062109375 0.8983296875000001 0.53618125 0.8666890625000001 0.5506890624999999 0.8394046875000001 0.5494687500000001 0.8102281250000001 0.5306124999999999 0.7708390625 0.5209671874999999 0.7647015625 0.491515625 0.7713140625 0.47370625000000005 0.7944671875 0.46823437500000004 0.8133015625000001 0.47831875 0.8673921874999999
1 0.5650140625 0.7328875 0.55554375 0.7309187500000001 0.5396468750000001 0.7623890624999999 0.5424296875 0.791546875 0.5612 0.8288515625 0.5914328125 0.8034625 0.590475 0.7805375 0.5650140625 0.7328875
1 0.477775 0.6296906250000001 0.4689109375 0.6047765625 0.45578906249999995 0.590340625 0.42616250000000006 0.5927859375 0.40105781250000005 0.6285390625 0.405578125 0.661846875 0.42400000000000004 0.6908140625 0.433728125 0.6615046875 0.477775 0.6296906250000001
