3 0.5522421875 0.6946125000000001 0.56330625 0.6814015625 0.573403125 0.59336875 0.5627203125 0.5588968750000001 0.5115390625 0.49886093750000005 0.455434375 0.46729374999999995 0.38818281250000003 0.4593046875 0.3709453125 0.46140781249999996 0.3598984375 0.4725453125 0.35979843749999996 0.4849859375 0.3830765625 0.510578125 0.46244218750000005 0.5698109375 0.49651875 0.6153625 0.4944578125 0.677371875 0.4865390625 0.6888828124999999 0.486290625 0.71998125 0.492396875 0.7393828124999999 0.5032625000000001 0.75105 0.5110984375000001 0.74990625 0.5223953125 0.7076687500000001 0.5522421875 0.6946125000000001
4 0.6242234375 0.3068046875 0.6366359375 0.32073125 0.6553703125 0.3271078125 0.694653125 0.308946875 0.7076109374999999 0.25445625 0.692203125 0.22357343749999997 0.6750499999999999 0.215309375 0.6452515625 0.2221453125 0.61838125 0.25423125 0.6150546875 0.2787390625 0.6242234375 0.3068046875
4 0.56071875 0.41754687500000004 0.5698375 0.4518328125 0.5979234375 0.4634703125 0.638803125 0.4413484375 0.643975 0.3817828125 0.63485625 0.347496875 0.6240078125 0.3337578125 0.6021609375 0.3249359375 0.5833609375 0.326853125 0.56916875 0.33969375 0.56115 0.3636421875 0.56071875 0.41754687500000004
4 0.5763484375 0.6165453125 0.5825546875 0.6235078125 0.6155640625000001 0.606678125 0.65468125 0.6092500000000001 0.6599703124999999 0.535171875 0.6491374999999999 0.5193578125 0.6053796874999999 0.510009375 0.5786421875000001 0.5255093750000001 0.564384375 0.5466421875 0.5750328125 0.5852609375 0.5763484375 0.6165453125
2 0.7370125 0.297378125 0.7336359375 0.3281046875 0.7397265625 0.3495796875 0.7753015624999999 0.403609375 0.8098750000000001 0.386965625 0.8349140625 0.387865625 0.8460281249999999 0.3684328125 0.8493890625 0.3397796875 0.843446875 0.2996453125 0.8326984375 0.2734671875 0.8125312499999999 0.25031875000000003 0.7702875 0.2473765625 0.7370125 0.297378125
2 0.80209375 0.5769578125 0.7999171875 0.6534796875 0.8184859375 0.6805890625 0.8578671874999999 0.6499890625 0.9111265625 0.6459406249999999 0.9223390625000001 0.61406875 0.9164312499999999 0.5697890625 0.9026031250000001 0.53701875 0.8746015625 0.515015625 0.8464499999999999 0.5116703125 0.8181640625 0.5249125 0.807084375 0.540196875 0.80209375 0.5769578125
2 0.8200171875000001 0.6849203125 0.8013984375 0.6640328125 0.7937937500000001 0.6361515625 0.759021875 0.677675 0.7260609375 0.6882859375 0.728990625 0.7135359375 0.7681734375 0.7078140625 0.8148937500000001 0.7382671875 0.8200171875000001 0.6849203125
3 0.5455421874999999 0.3576390625 0.556309375 0.38174375 0.5612 0.3574234375 0.5455421874999999 0.3576390625
3 0.6944874999999999 0.329678125 0.730425 0.3380984375 0.7180953125 0.31380625 0.7040203125 0.31213437499999996 0.633375 0.33694531250000004 0.6455890625 0.37575 0.658315625 0.350284375 0.67566875 0.33366875 0.6944874999999999 0.329678125
0 0.437759375 0.32823281249999997 0.45479843750000004 0.35100937499999996 0.49091874999999996 0.3366234375 0.5455765625 0.3534921875 0.54906875 0.308253125 0.5445249999999999 0.2890375 0.5275375 0.26004062499999997 0.513528125 0.2500765625 0.466590625 0.246575 0.4460609375 0.2690390625 0.434846875 0.300909375 0.437759375 0.32823281249999997
0 0.7119125000000001 0.4998390625 0.6835953124999999 0.5172265625 0.6630484375 0.5417625 0.6565765625 0.5679703125 0.6548140625000001 0.5926640625 0.66241875 0.6205437500000001 0.71669375 0.6850968749999999 0.7417515625 0.6839234375000001 0.77006875 0.6665359375000001 0.78429375 0.6495484375 0.7970875000000001 0.615790625 0.7974359375 0.572253125 0.7897968750000001 0.54851875 0.7619609374999999 0.505784375 0.7463703125000001 0.49770624999999996 0.7119125000000001 0.4998390625
0 0.6891125 0.80633125 0.6951359375 0.8361000000000001 0.814165625 0.8294874999999999 0.8346140625 0.817390625 0.8194874999999999 0.7512640625 0.796209375 0.7256703124999999 0.7728328125 0.71251875 0.749371875 0.70973125 0.72739375 0.7174953125 0.7052828124999999 0.741846875 0.690925 0.7754187499999999 0.6891125 0.80633125
0 0.438359375 0.8408734375 0.4429359375 0.8559421875 0.5682703124999999 0.8438546875 0.5609140625 0.7848765625 0.5470046875000001 0.762471875 0.526771875 0.7476171875000001 0.5047937499999999 0.75538125 0.49392812499999994 0.743715625 0.47041875 0.7471484375 0.4515015625 0.7635765625000001 0.44191874999999997 0.787340625 0.438359375 0.8408734375
0 0.4040109375 0.633425 0.443028125 0.6484359375000001 0.45727031250000005 0.6293765625 0.46084531249999994 0.5737703125 0.386171875 0.5150953125 0.3625953125 0.526821875 0.3466078125 0.5685 0.3431484375 0.6095937499999999 0.36166718750000004 0.6429203125 0.4040109375 0.633425
5 0.4500890625 0.35252500000000003 0.43308437499999997 0.3256015625 0.4111890625 0.3230015625 0.3876296875 0.332653125 0.3733375 0.3579328125 0.371559375 0.3846984375 0.4106921875 0.385196875 0.4371296875 0.40701406249999994 0.4500890625 0.35252500000000003
5 0.5612328125 0.3532765625 0.5880859375 0.3232640625 0.6068703125 0.32342031250000003 0.6286828125 0.3363875 0.6381171875 0.33128281249999997 0.614971875 0.28910468749999996 0.602509375 0.2813984375 0.580596875 0.2808703125 0.5506328125 0.3084390625 0.5487046875 0.3538640625 0.5612328125 0.3532765625
5 0.4563453125 0.3532671875 0.442021875 0.38269375 0.44022500000000003 0.41153281249999996 0.447796875 0.443559375 0.4757171875 0.47592968750000003 0.494434375 0.484378125 0.52105625 0.483390625 0.541503125 0.47129374999999996 0.5557624999999999 0.4501609375 0.5562750000000001 0.385890625 0.526840625 0.347115625 0.49246718749999996 0.33888281249999996 0.467359375 0.346275 0.4563453125 0.3532671875
5 0.5379953125 0.51860625 0.561221875 0.5504171875 0.5739328125000001 0.527025 0.6006875 0.5094515625 0.64760625 0.5150265625 0.6384875 0.4807390625 0.624528125 0.4645546875 0.5869421874999999 0.466315625 0.561984375 0.45505000000000007 0.552534375 0.46222812500000005 0.5397578125 0.4939125 0.5379953125 0.51860625
5 0.66966875 0.49689531249999996 0.6538625 0.51576875 0.6630812500000001 0.537615625 0.6930625 0.507975 0.737003125 0.49451875 0.7010640625 0.48609843750000004 0.66966875 0.49689531249999996
5 0.82630625 0.6815171875 0.819884375 0.70150625 0.8180390624999999 0.736565625 0.8270921875000001 0.77914375 0.8471093749999999 0.8209500000000001 0.9535921875 0.8169984375 0.9708953125 0.806603125 0.9743718749999999 0.7634375 0.9622578125000001 0.71219375 0.9391125 0.6700171874999999 0.9220078125000001 0.6555328125 0.8845046875 0.646928125 0.8562703125000001 0.65395 0.82630625 0.6815171875
1 0.3538046875 0.8432796874999999 0.355203125 0.864196875 0.43508281249999997 0.859159375 0.4403546875 0.7871546875 0.3760484375 0.8023421875000001 0.3618234375 0.8193296875 0.3538046875 0.8432796874999999
1 0.343553125 0.754903125 0.3543515625 0.7748625 0.37922656250000003 0.7964953125 0.43882343749999997 0.7828234375 0.45792343750000003 0.7435890625 0.452246875 0.6702828125 0.4383203125 0.6499515625 0.4180546875 0.63924375 0.40399531250000004 0.6354984375 0.3663265625 0.647625 0.340871875 0.6985546874999999 0.343553125 0.754903125
1 0.3457890625 0.4750203125 0.35811875 0.4993125 0.373659375 0.5136093749999999 0.38151250000000003 0.5103921875 0.3582515625 0.4827265625 0.36625312499999996 0.46085000000000004 0.45235624999999996 0.46070312500000005 0.4386453125 0.4134203125 0.40287187500000005 0.38426875 0.36681718750000003 0.3903609375 0.34612031249999997 0.43355625 0.3457890625 0.4750203125
1 0.5584984375000001 0.69535625 0.530246875 0.7044515625 0.519084375 0.7301031250000001 0.5205484375 0.742728125 0.55324375 0.7652875 0.5689 0.7650734375 0.5736578125 0.7573375 0.5584984375000001 0.69535625
1 0.48490781250000003 0.696990625 0.49291093750000003 0.6751140625 0.49322499999999997 0.635721875 0.47277812499999994 0.6478203125 0.4552921875 0.6810203125000001 0.45502656249999995 0.7141921875 0.46574218749999996 0.7445171875 0.4876890625 0.7408984375000001 0.48490781250000003 0.696990625
1 0.6390078124999999 0.6115375000000001 0.6186765624999999 0.609121875 0.593553125 0.6185890625 0.576134375 0.6434968750000001 0.5665015624999999 0.6734796875 0.56465625 0.7085390625 0.576853125 0.7494156249999999 0.5954390625 0.7744515625 0.6157046875 0.785159375 0.657915625 0.7922484375 0.6752015625000001 0.7839265625 0.690975 0.7691984374999999 0.711753125 0.7156374999999999 0.7041984375 0.6815375 0.6872109375 0.6525421875 0.6577265625 0.6199874999999999 0.6390078124999999 0.6115375000000001
1 0.6031921875 0.7836734375 0.5874859375 0.7901078125 0.5779687499999999 0.805578125 0.5715640625 0.8234937499999999 0.574509375 0.846671875 0.6763515625000001 0.8359421875 0.6484984375 0.79528125 0.6031921875 0.7836734375
1 0.6598796874999999 0.3504703125 0.647153125 0.37593437500000004 0.6452078125 0.42343281250000003 0.6497671875 0.4405765625 0.6683359375 0.467684375 0.6901328125 0.482725 0.7324265624999999 0.4794484375 0.7497640624999999 0.46490625 0.76571875 0.4273734375 0.7644031250000001 0.39608906250000003 0.7567484375 0.374428125 0.7210421874999999 0.336984375 0.678796875 0.334040625 0.6598796874999999 0.3504703125
1 0.7894265625 0.3990625 0.77205625 0.41775 0.7640374999999999 0.4417 0.7622421875 0.4705390625 0.7683 0.4961609375 0.7837734375000001 0.5187515625 0.8024749999999999 0.5292734375 0.8386296874999999 0.5107421875 0.8636859375 0.50956875 0.8747828125 0.492209375 0.8796734374999999 0.4678890625 0.8690906249999999 0.420978125 0.8395734375 0.39256875 0.8129859375 0.389409375 0.7894265625 0.3990625
1 0.7386765625 0.2851234375 0.754515625 0.262103125 0.7703046875 0.245303125 0.803196875 0.24298437499999997 0.78609375 0.22850156250000003 0.7516515625 0.2285609375 0.720040625 0.26630937499999996 0.719759375 0.301553125 0.733653125 0.32603125 0.7386765625 0.2851234375
