5 0.2065296875 0.5199015625000001 0.2210734375 0.5297546875 0.241665625 0.5351953125 0.25103437500000003 0.5348234374999999 0.284896875 0.52305 0.299628125 0.5036890625 0.31094374999999996 0.4782078125 0.3086953125 0.46369375 0.2738453125 0.42126875 0.27325625 0.40877656250000005 0.27715625 0.3919328125 0.27480937499999997 0.3753359375 0.26670781250000003 0.3694 0.24757812499999998 0.36181562500000003 0.24601718749999998 0.3618765625 0.2195703125 0.3650125 0.1907859375 0.3849296875 0.18346875 0.3956515625 0.176446875 0.41261875000000003 0.17596406250000002 0.43558593749999996 0.17450000000000002 0.43772968749999996 0.17548125 0.4585515625 0.1830015625 0.48537187499999995 0.18993437500000002 0.4997 0.2065296875 0.5199015625000001
5 0.6256703124999999 0.45111093750000003 0.6322109375 0.45710937500000004 0.6344578125 0.4716234375 0.637875 0.4777453125 0.6382671875 0.4860734375 0.64549375 0.5066484375 0.6555500000000001 0.5208515625000001 0.6603328125 0.5227484375 0.6702890625 0.53486875 0.681415625 0.5386 0.684734375 0.542640625 0.691078125 0.544475 0.719184375 0.543359375 0.7406531249999999 0.5341625 0.7586062499999999 0.5167609375 0.7703125 0.4996078125 0.78865 0.45715781250000004 0.7897203125 0.44668437499999997 0.7880609375 0.44466406249999996 0.7872765625 0.42800625 0.7763390625000001 0.3950625 0.764428125 0.374675 0.7464671875 0.3586984375 0.74490625 0.3587609375 0.7415875 0.35472031249999997 0.7241171875 0.34915625 0.6913265625 0.3504578125 0.6698578125 0.3596546875 0.65483125 0.3727671875 0.6401984374999999 0.39420937500000003 0.6311312499999999 0.4342046875 0.631425 0.4404515625 0.6269375 0.4448015625 0.6256703124999999 0.45111093750000003
2 0.2886828125 0.43736875 0.293465625 0.439265625 0.3101578125 0.46155 0.321284375 0.4652796875 0.33504375 0.45847499999999997 0.34392187500000004 0.44769218750000006 0.3575828125 0.43880625 0.40354375 0.41820625 0.40959375 0.41379374999999996 0.4168125 0.40099062500000004 0.4190515625 0.3821265625 0.41739218749999996 0.38010625 0.41650937499999996 0.3613671875 0.4129953125 0.3531625 0.41230781250000004 0.3385859375 0.389075 0.310303125 0.3619421875 0.29886406249999997 0.3603796875 0.2989265625 0.3308109375 0.3021859375 0.3186140625 0.308928125 0.2976359375 0.3285359375 0.2830015625 0.349978125 0.277540625 0.36688437500000004 0.27871718749999996 0.3918703125 0.2750140625 0.41287812500000004 0.2753078125 0.419125 0.2788234375 0.4273296875 0.2886828125 0.43736875
2 0.2316421875 0.6545015624999999 0.2540828125 0.6327499999999999 0.25720624999999997 0.6326265624999999 0.26774375 0.6238625 0.29438749999999997 0.6248921875 0.3020953125 0.6224999999999999 0.314784375 0.6261687499999999 0.31810312500000004 0.6302078125 0.33576875 0.6399375 0.342015625 0.6396890625 0.3449421875 0.6354015625 0.3491359375 0.6248046875 0.34678906249999997 0.608209375 0.3381984375 0.5918609375 0.3146703125 0.5573312500000001 0.31193125 0.53240625 0.30539218749999997 0.5264078125 0.3038296875 0.5264703125 0.28353125 0.527275 0.246546875 0.539175 0.23298437500000002 0.5501437499999999 0.224203125 0.5630078125 0.220009375 0.57360625 0.21777031249999998 0.59246875 0.20928437500000002 0.61158125 0.2097734375 0.6219921875 0.21514531250000002 0.63638125 0.2316421875 0.6545015624999999
0 0.5426031250000001 0.38139531249999997 0.5532390625 0.3747140625 0.5703171874999999 0.37195 0.57178125 0.36980625 0.5891531249999999 0.3732890625 0.5955953125 0.3772046875 0.601840625 0.37695625 0.6047671875 0.37266875 0.610121875 0.320303125 0.609534375 0.307809375 0.6162625 0.2845953125 0.617334375 0.2741234375 0.6019078125 0.2455296875 0.5903890625 0.2334703125 0.5790656249999999 0.225575 0.5775046875000001 0.2256375 0.5710625 0.22172031250000002 0.5601328125 0.2221546875 0.5327124999999999 0.237846875 0.5209078125 0.2529171875 0.51408125 0.27405 0.509503125 0.30969531250000004 0.512634375 0.3429484375 0.5198609375000001 0.363521875 0.5346984375 0.379621875 0.5426031250000001 0.38139531249999997
3 0.6103500000000001 0.4579765625 0.612009375 0.459996875 0.6126953125 0.4745734375 0.6207078125 0.5118046875 0.64735 0.5128328125 0.647153125 0.50866875 0.6349484375000001 0.482034375 0.6309437499999999 0.4634171875 0.6307390625 0.42587656249999994 0.634540625 0.40695 0.6415640625 0.3899828125 0.659221875 0.366334375 0.6819578125 0.3508296875 0.6902468749999999 0.327553125 0.6904359375 0.29834062499999997 0.6850640625 0.28395000000000004 0.6829140625 0.27151875 0.6779359375 0.265459375 0.676375 0.26552031249999997 0.6747156249999999 0.26349999999999996 0.6575390624999999 0.2641828125 0.656075 0.26632656250000003 0.6281656250000001 0.27160625 0.6177265625 0.28245156250000003 0.61119375 0.3098296875 0.6109078125 0.3369609375 0.6066234374999999 0.378853125 0.6085765624999999 0.3871203125 0.6103500000000001 0.4579765625
3 0.5227671875000001 0.690925 0.4742796875 0.75751875 0.474475 0.7616828124999999 0.5045359375 0.768834375 0.51741875 0.7766671875 0.530596875 0.790746875 0.5352812499999999 0.7905609375 0.5536265625000001 0.7814890625 0.5614343749999999 0.7811781250000001 0.565921875 0.776828125 0.5859265625 0.769775 0.6149078125 0.7540218750000001 0.6824359375 0.726309375 0.6853625 0.7220203125 0.68350625 0.7158359375 0.68223125 0.6887671875 0.683303125 0.67829375 0.6860328124999999 0.669840625 0.685640625 0.6615125 0.69149375 0.6529359375 0.6911015625 0.64460625 0.693734375 0.634071875 0.684071875 0.628196875 0.6762640625 0.62850625 0.6746046875 0.6264859375 0.6730437499999999 0.6265484375 0.632346875 0.626078125 0.630884375 0.628221875 0.6168312499999999 0.6287796875 0.6153671875 0.630925 0.5998515624999999 0.6336265625 0.5662843750000001 0.6516484375 0.5482328125 0.6669671875 0.545109375 0.6670906249999999 0.527353125 0.68865625 0.5227671875000001 0.690925
1 0.87310625 0.622778125 0.8782796875000001 0.633003125 0.8892109375 0.6325703125000001 0.9057000000000001 0.6173124999999999 0.9158453124999999 0.6002203125000001 0.9255984375 0.5748 0.9303734374999999 0.5433203125 0.929490625 0.5245796875 0.9234328125 0.49561406249999995 0.9199171875 0.48740937500000003 0.9066421874999999 0.4712484375 0.8794109375 0.4577265625 0.876090625 0.45368593749999997 0.8519828125 0.44004062499999996 0.8472984374999999 0.44022656250000003 0.8360749999999999 0.4344140625 0.8345125 0.43447500000000006 0.8158734375 0.43730156249999996 0.8036765625 0.44404374999999996 0.7846515625 0.47191875000000005 0.7693390625000001 0.5121625 0.7644671875 0.5415609375 0.765153125 0.5561375 0.7979437500000001 0.554834375 0.8219546875000001 0.5663984375 0.8382546874999999 0.5803546875000001 0.87310625 0.622778125
1 0.4445421875 0.4583015625 0.4620203125 0.49724375 0.46875625000000004 0.5074062500000001 0.47841875 0.51328125 0.4798828125 0.5111359375 0.4876890625 0.5108265624999999 0.498325 0.504146875 0.4992 0.489509375 0.49734531249999997 0.4833234375 0.5010484374999999 0.462315625 0.5126578125 0.44307968750000004 0.53226875 0.4276984375 0.5317796875 0.41728750000000003 0.5225984375 0.38844687499999997 0.505709375 0.3619984375 0.49750937500000003 0.3539796875 0.4814046875 0.3441875 0.46871718749999997 0.3405203125 0.4671546875 0.34058125 0.45163906249999997 0.343284375 0.43817500000000004 0.356334375 0.425878125 0.3609953125 0.421390625 0.3653453125 0.41983750000000003 0.398784375 0.41700781249999996 0.40515468749999994 0.4146703125 0.4219375 0.41994218749999995 0.43424375 0.434584375 0.44617968750000003 0.4445421875 0.4583015625
1 0.58545625 0.42767343750000003 0.608690625 0.45595625 0.606140625 0.40181875 0.607603125 0.399675 0.6071140625 0.3892640625 0.603696875 0.3831421875 0.58290625 0.37353593749999997 0.5813453125 0.3735984375 0.5548984375 0.376734375 0.5368484375 0.392053125 0.53099375 0.40062968750000005 0.533634375 0.423471875 0.539978125 0.42530625000000005 0.5474921875 0.41875 0.5568609375 0.418378125 0.5585203125 0.4203984375 0.57579375 0.4217984375 0.58545625 0.42767343750000003
0 0.3674734375 0.5823546875 0.3777171875 0.5673453125 0.38669375 0.55864375 0.400353125 0.5497578125 0.4128453125 0.5492609374999999 0.41430937500000004 0.5471171874999999 0.4346078125 0.5463109375 0.44885624999999996 0.54991875 0.45480937499999996 0.5434234375 0.46027031249999995 0.5265171875 0.4572375 0.49534687499999996 0.44991250000000005 0.472690625 0.4429796875 0.45836249999999995 0.4232625 0.438284375 0.4041328125 0.4307 0.40257031249999997 0.4307609375 0.37466093749999996 0.4360421875 0.3487046875 0.4495890625 0.3221671875 0.48402031250000005 0.313878125 0.507296875 0.31398281250000004 0.5427562499999999 0.31564375 0.5447765625 0.31623125 0.55726875 0.34991249999999996 0.608084375 0.3577203125 0.607775 0.3674734375 0.5823546875
4 0.5362828125 0.4796921875 0.5456515625 0.47932031249999996 0.560971875 0.47245312500000003 0.5687796875 0.47214375000000003 0.583225 0.479915625 0.594840625 0.49405625000000003 0.6052890625 0.5165890625 0.6116328125 0.5184234375 0.6158265625 0.5078265625 0.6152375 0.49533281249999994 0.611625 0.48504531249999994 0.608984375 0.462203125 0.60546875 0.4539984375 0.5838953124999999 0.42773593749999994 0.5726718749999999 0.4219234375 0.561740625 0.42235625 0.5521765624999999 0.41856406249999994 0.5506140625 0.41862656249999997 0.523390625 0.43848125 0.52026875 0.43860625000000003 0.5069015625 0.45373906249999996 0.5001734375 0.476953125 0.5015468750000001 0.5061046874999999 0.5033046875 0.51020625 0.5066234374999999 0.514246875 0.5097453125 0.5141234375 0.52125625 0.49280468749999995 0.5362828125 0.4796921875
4 0.5367140625 0.6549078125000001 0.5479390625 0.6607203125 0.5556484375 0.6583281249999999 0.558575 0.654040625 0.579846875 0.640678125 0.6013140625 0.6314828125 0.6084359375 0.616596875 0.6143796874999999 0.5767249999999999 0.6131046875 0.54965625 0.6076343750000001 0.533184375 0.6053875 0.5186703125000001 0.5932796875 0.49411875 0.5816625 0.4799765625 0.572 0.4741015625 0.5704390625 0.4741640625 0.5595078124999999 0.47459843749999997 0.5426265625 0.48152656250000003 0.53481875 0.4818359375 0.52281875 0.49274375 0.510040625 0.5203703125 0.5049718750000001 0.5456046875 0.505665625 0.5935578125000001 0.5108406249999999 0.6037828125 0.5184593750000001 0.6326859375 0.5367140625 0.6549078125000001
5 0.50535625 0.52055625 0.50379375 0.5206171875 0.4834953125 0.5214234375 0.468371875 0.5324546875 0.45500468749999995 0.5475875 0.4568609375 0.553771875 0.4808703125 0.5653359375 0.499028125 0.5854765625 0.50215 0.5853515625 0.5033125 0.543584375 0.5074078125 0.5309046875 0.50535625 0.52055625
0 0.6871937499999999 0.6280734375 0.6950015625 0.6277625 0.7077796875 0.6001359374999999 0.7053359375 0.5814578125 0.6898109375 0.5507828124999999 0.6736078125 0.538909375 0.6704859375 0.5390343750000001 0.6491078124999999 0.5169359375 0.647546875 0.516996875 0.6178781250000001 0.518175 0.60870625 0.5227109375000001 0.6169140625 0.5641078125 0.6136999999999999 0.5955265625 0.6109703125 0.6039796875000001 0.6113625 0.6123078125 0.6085328125 0.6186796875 0.6089249999999999 0.6270078125 0.6681625 0.6225703125 0.6871937499999999 0.6280734375
0 0.6862375000000001 0.7073828125 0.6847734375 0.7095265625 0.6864328125 0.711546875 0.6869234375 0.7219578125 0.700878125 0.71931875 0.7161015625 0.71036875 0.7284937499999999 0.707790625 0.745278125 0.69878125 0.7622578125 0.693934375 0.789775 0.6803250000000001 0.796021875 0.680078125 0.828125 0.6642 0.8757453125 0.6456203125 0.8768171875 0.6351484375 0.86490625 0.614759375 0.841671875 0.5864765625 0.8237125000000001 0.5705015625 0.802825 0.5588140625 0.7699359375 0.5580328125 0.768471875 0.5601765624999999 0.7668125 0.55815625 0.76535 0.5603015625000001 0.74690625 0.5672921875 0.7348078124999999 0.576115625 0.710903125 0.6000125 0.70231875 0.6170421875 0.6952953125 0.634009375 0.694225 0.6444828125 0.6899328125 0.652996875 0.688959375 0.665553125 0.6861312500000001 0.6719234375 0.6862375000000001 0.7073828125
4 0.2383859375 0.6980421875 0.24853125 0.6809499999999999 0.27877968750000004 0.6588890625 0.2850265625 0.658640625 0.2926375 0.6541671874999999 0.306690625 0.653609375 0.332065625 0.6609453125 0.33704375 0.66700625 0.34006875000000003 0.6648 0.3405515625 0.641834375 0.3262046875 0.6361453125 0.3116609375 0.6262921875 0.29438749999999997 0.6248921875 0.28823906250000003 0.627221875 0.2771125 0.623490625 0.2755515625 0.623553125 0.2678421875 0.6259453125000001 0.24813125 0.63924375 0.23174062499999998 0.656584375 0.22900937500000002 0.6650375000000001 0.226965625 0.688065625 0.2226734375 0.6965796875 0.22355624999999998 0.7153203125 0.22541250000000002 0.7215046875 0.228534375 0.7213796875 0.2383859375 0.6980421875
1 0.3486609375 0.6811484375 0.3503203125 0.68316875 0.35100625 0.69774375 0.3546203125 0.70803125 0.3595984375 0.714090625 0.3691640625 0.717884375 0.38224375 0.72988125 0.40567343749999996 0.762328125 0.42470468749999996 0.76783125 0.4387578125 0.7672734375 0.4448078125 0.7628609375 0.4587625 0.7602218749999999 0.4709609375 0.753478125 0.5006203124999999 0.7189234375 0.5120328125 0.6955234375 0.5166109375 0.659878125 0.51563125 0.63905625 0.5115265625000001 0.6183578125 0.5042015625 0.5957015625000001 0.48096875 0.5674187500000001 0.4698421875 0.5636875 0.45529843750000004 0.553834375 0.44105 0.5502281250000001 0.4394890625 0.5502906249999999 0.403575 0.551715625 0.3808390625 0.5672203125 0.36766875 0.58651875 0.360646875 0.6034859375 0.3582109375 0.6181859375000001 0.354015625 0.6287828125 0.3478765625 0.664490625 0.3495359375 0.6665109375 0.348071875 0.6686546875 0.3486609375 0.6811484375
1 0.2845515625 0.714984375 0.3061171875 0.7078703125 0.3201703125 0.7073125 0.32163437500000003 0.7051671875000001 0.3310015625 0.7047953125 0.3437875 0.710546875 0.3499359375 0.7082171875000001 0.3420234375 0.6730671874999999 0.333725 0.662965625 0.32904062500000003 0.6631515625 0.32093906250000004 0.657215625 0.31303437500000003 0.6554421875 0.311471875 0.6555046875 0.2911734375 0.6563109375 0.2773171875 0.6610328125 0.2516546875 0.6808265625 0.24141093749999998 0.6958359375 0.235753125 0.7085765625 0.22483124999999998 0.7423890625 0.224446875 0.7674375 0.2264 0.7757031249999999 0.2619140625 0.732571875 0.2845515625 0.714984375
4 0.4049125 0.845803125 0.41115781250000005 0.8455546875 0.43106406249999996 0.8364203124999999 0.43555312500000004 0.8320703125 0.44638437499999994 0.829553125 0.473903125 0.8159453125 0.4801484375 0.8156968750000001 0.5275734375 0.792953125 0.5175171875 0.7787499999999999 0.5061953124999999 0.7708546875 0.476134375 0.7637031249999999 0.4745734375 0.763765625 0.461984375 0.7621796875 0.46052031250000003 0.7643234375 0.45115156250000005 0.7646953125 0.43446562499999997 0.7757890625 0.4331015625 0.7800140625 0.4270515625 0.7844265625 0.4124171875 0.8058687499999999 0.411346875 0.8163421874999999 0.40295781249999996 0.8375359375 0.4049125 0.845803125
2 0.2125671875 0.8805578125 0.20983593749999999 0.8890109374999999 0.20896093750000003 0.9036484375 0.21267343749999998 0.9160171874999999 0.2176515625 0.922078125 0.23014375 0.9215828125 0.256196875 0.9101171875 0.26859062499999997 0.9075390625 0.2884 0.8963218749999999 0.29464531250000003 0.8960750000000001 0.3068421875 0.88933125 0.31767500000000004 0.886815625 0.3283109375 0.8801359375000001 0.33455625 0.8798875 0.351340625 0.8708765625 0.356025 0.8706906249999999 0.36509843750000004 0.8640718749999999 0.3942765625 0.8524828125000001 0.39866718749999996 0.8460515624999999 0.3984703125 0.8418859375000001 0.409490625 0.8101578125 0.4083140625 0.7851703125 0.4026484375 0.764534375 0.39405625 0.7481875 0.37258125 0.72400625 0.348471875 0.7103609375 0.340665625 0.7106703125 0.33266249999999997 0.7068156250000001 0.3093375 0.709828125 0.307875 0.7119718749999999 0.306215625 0.7099515625 0.304653125 0.7100140625 0.2892359375 0.7147984375 0.286309375 0.7190875 0.281625 0.7192734375 0.2726484375 0.7279734375 0.2665 0.730303125 0.2442546875 0.7562203125 0.2148890625 0.797021875 0.20855312499999998 0.8285640624999999 0.21071093749999997 0.8743734375000001 0.2125671875 0.8805578125
