3 0.5708984375 0.525196875 0.5595453125 0.51185625 0.5511234375 0.4925265625 0.5509265625 0.486290625 0.54753125 0.4777265625 0.5469359375 0.45901718750000003 0.5555343749999999 0.434815625 0.564528125 0.42308593749999995 0.5642640625 0.41477031249999996 0.5555796875000001 0.3871265625 0.55295625 0.35374062500000003 0.5446015625 0.33649062500000004 0.5349468749999999 0.32743125 0.5333812499999999 0.3273078125 0.51799375 0.334384375 0.505803125 0.34378593749999997 0.5029359375 0.351853125 0.5037953125 0.378878125 0.5180359375 0.4339203125 0.540234375 0.49373750000000005 0.558575 0.5304421875 0.5649015625 0.533015625 0.5710296875 0.5293546874999999 0.5708984375 0.525196875
3 0.534475 0.75455625 0.5377375 0.7589609375 0.5468640625 0.7513890625 0.5654484375 0.7466406250000001 0.585928125 0.7524093749999999 0.6002578125 0.712071875 0.6107515625 0.6983875 0.627571875 0.687278125 0.6380656250000001 0.67359375 0.6342749999999999 0.6525578125 0.6308796875 0.64399375 0.6296906250000001 0.6065750000000001 0.628125 0.6064515625 0.61566875 0.6075390625 0.59571875 0.6184000000000001 0.5927203125 0.622309375 0.589590625 0.6220625 0.575965625 0.6354984375 0.562540625 0.655171875 0.5467109375 0.6974640625 0.5414421875000001 0.7281500000000001 0.5357109375 0.7442859375 0.534475 0.75455625
2 0.41188906249999996 0.483575 0.31954375 0.47626406250000003 0.323509375 0.60099375 0.4158546875 0.6083062499999999 0.41188906249999996 0.483575
2 0.333603125 0.7220625 0.33530000000000004 0.7263437500000001 0.346653125 0.7396843750000001 0.3513484375 0.7400562500000001 0.36250312500000004 0.7471593750000001 0.3655671875 0.745328125 0.37429843749999997 0.725284375 0.3832921875 0.7135546875000001 0.4001125 0.7024453125 0.412634375 0.7034359375 0.4171984375 0.69965 0.41660312499999996 0.6809406250000001 0.3989890625 0.6671046875 0.3974234375 0.66698125 0.3926625 0.6645296875 0.38287499999999997 0.6513140625 0.37934843749999997 0.6385921875 0.371521875 0.6379734375 0.3591984375 0.6432187500000001 0.3336484375 0.6743718750000001 0.3309140625 0.686596875 0.33137656249999997 0.7011499999999999 0.334771875 0.7097125 0.333603125 0.7220625
2 0.4661328125 0.912959375 0.481321875 0.899646875 0.52173125 0.844784375 0.5209390625 0.8198390625 0.517478125 0.8091968749999999 0.51708125 0.7967234375000001 0.5136859375 0.7881609375 0.5022671875 0.7727421875 0.4832203125 0.7629390625 0.48165625 0.762815625 0.46756875000000003 0.7617 0.4567453125 0.7649890625 0.4445546875 0.7743921874999999 0.437059375 0.7841671875 0.42422812499999996 0.82255 0.420259375 0.8450453124999999 0.42241875 0.8638781249999999 0.440759375 0.9005812499999999 0.44885 0.9095171875 0.4661328125 0.912959375
0 0.4764375 0.4513625 0.49775468749999996 0.4343875 0.5070796875 0.43305156250000004 0.5130765625 0.4252328125 0.5022968750000001 0.3808328125 0.49993906250000003 0.3557640625 0.48219218750000004 0.3377703125 0.48062812499999996 0.33764531249999996 0.478996875 0.33544375 0.45864843750000006 0.33383124999999997 0.4509546875 0.3373703125 0.43596406249999997 0.35691875 0.43166562500000005 0.3690203125 0.43428750000000005 0.40240468749999997 0.44447187499999996 0.4280953125 0.4510640625 0.438984375 0.463915625 0.45037031250000004 0.4764375 0.4513625
0 0.586459375 0.6218140625 0.60634375 0.6088734375 0.6279921875000001 0.6022937500000001 0.630990625 0.598384375 0.6336578125 0.5840796874999999 0.63339375 0.5757640625 0.6282359375000001 0.560840625 0.6151859375 0.5432187500000001 0.586946875 0.538909375 0.585315625 0.53670625 0.58375 0.5365828125000001 0.5711625 0.5335125 0.5665328125 0.5352187500000001 0.5604046874999999 0.53888125 0.552909375 0.5486546875 0.5530406250000001 0.5528125 0.56765625 0.570559375 0.5779734375000001 0.60040625 0.5800671875 0.6171609375 0.5817640625 0.6214421875 0.586459375 0.6218140625
0 0.652284375 0.6788671875000001 0.7033859375 0.6165578125 0.7273046875 0.5831999999999999 0.6872499999999999 0.5509984375 0.685684375 0.550875 0.6684671875 0.5495109375 0.657709375 0.5548796874999999 0.6562765625 0.5589140625 0.653146875 0.5586656249999999 0.642653125 0.5723499999999999 0.6352890625 0.5862828125 0.631453125 0.6129359375 0.6342078124999999 0.650478125 0.6426953125 0.6718859375 0.652284375 0.6788671875000001
0 0.413340625 0.6765359375 0.42279687499999996 0.6793578124999999 0.439684375 0.6703265625 0.445415625 0.6541921875 0.45590937499999995 0.6405078125 0.465103125 0.6350140625 0.46613906250000003 0.6185078125000001 0.46893906249999995 0.6083624999999999 0.4652140625 0.5894046875 0.45685937499999996 0.5721546875 0.44387499999999996 0.5566109375 0.428025 0.5491343750000001 0.42645937500000003 0.5490109375000001 0.41550312500000003 0.54814375 0.407809375 0.55168125 0.3824578125 0.5890718749999999 0.376659375 0.603128125 0.37758437499999997 0.6322328125000001 0.38254375 0.64091875 0.384440625 0.6514375 0.392596875 0.6624515625 0.40688124999999997 0.6698031249999999 0.413340625 0.6765359375
1 0.6055984375000001 0.3890125 0.592746875 0.377628125 0.59118125 0.377503125 0.5739640625 0.376140625 0.5585765625 0.383215625 0.5589078125 0.3936109375 0.5658953125 0.4169734375 0.570590625 0.4173453125 0.5812828125 0.409896875 0.5921078125 0.4066078125 0.6172156249999999 0.41066874999999997 0.6170171875 0.40443281249999996 0.6055984375000001 0.3890125
1 0.6808578125 0.5463453125 0.6967734375 0.5559000000000001 0.7061640625 0.55664375 0.720053125 0.5515218749999999 0.7335453125 0.533928125 0.7374468750000001 0.509353125 0.7368515625 0.49064375 0.731296875 0.463246875 0.723009375 0.4480765625 0.714984375 0.44122031249999993 0.7070921875 0.438521875 0.69150625 0.43936093749999994 0.689875 0.4371578125 0.6883109375 0.437034375 0.6648328125 0.435175 0.65420625 0.4447015625 0.6498421875 0.454725 0.6458078125 0.475140625 0.6467328125 0.50424375 0.6505234375 0.52528125 0.65391875 0.5338437500000001 0.662075 0.5448578125 0.6730968749999999 0.5478046875 0.6808578125 0.5463453125
1 0.488846875 0.4979640625 0.4979078125 0.4883125 0.5134937500000001 0.4874734375 0.5149921875000001 0.48551875000000005 0.537103125 0.493490625 0.5369046875000001 0.48725312499999995 0.51816875 0.438078125 0.5166031249999999 0.43795312500000005 0.514971875 0.43574999999999997 0.5071453125 0.43513124999999997 0.49475625 0.438296875 0.48556406250000006 0.443790625 0.47806875 0.45356406250000003 0.47376874999999996 0.465665625 0.47409999999999997 0.476059375 0.48225625 0.4870734375 0.4857171875 0.497715625 0.488846875 0.4979640625
1 0.46918125 0.566909375 0.478440625 0.5634953125 0.47987343750000006 0.5594609375 0.47725156249999995 0.5260765625 0.4844828125 0.5079859375 0.4841515625 0.4975921875 0.47912499999999997 0.4868265625 0.46933749999999996 0.473609375 0.45811718749999997 0.46442656250000003 0.447028125 0.45940156249999997 0.4454640625 0.459278125 0.42824687499999997 0.4579140625 0.41748906249999995 0.4632828125 0.4010640625 0.48686562499999997 0.39976406249999996 0.49505781249999997 0.411315625 0.514634375 0.41504062499999994 0.5335921875 0.42163125 0.54448125 0.4406125 0.5522046875 0.4550296875 0.5637140625 0.46918125 0.566909375
1 0.44753125000000005 0.7207140625 0.44772968750000003 0.7269515625 0.4527546875 0.7377171875 0.46737031250000005 0.7554624999999999 0.48948125 0.763434375 0.50356875 0.7645500000000001 0.51895625 0.7574734375000001 0.5325140625 0.741959375 0.5397453125 0.7238687500000001 0.539546875 0.7176328125 0.5424125 0.709565625 0.5416859374999999 0.6866984375 0.5346968750000001 0.663334375 0.518384375 0.6413078125 0.5087953125 0.6343265625 0.5072296875 0.634203125 0.49464218750000005 0.6311328125 0.4621046875 0.638925 0.45147812500000006 0.6484515625 0.44411562499999996 0.6623828125 0.44138124999999995 0.6746078125 0.443078125 0.678890625 0.4419765625 0.69331875 0.4436078125 0.6955203125 0.4441359375 0.7121515625 0.44753125000000005 0.7207140625
1 0.4268296875 0.8061671875 0.43549375 0.78404375 0.45361406249999997 0.7647421875 0.467503125 0.7596203125 0.44799375 0.7352671875000001 0.4400359375 0.7304890625 0.43847031249999996 0.730365625 0.4306453125 0.7297453125 0.4198203125 0.7330359375 0.41069374999999997 0.7406078125 0.401765625 0.754415625 0.3960328125 0.77055 0.397421875 0.81420625 0.40427656250000005 0.8334109375000001 0.41406406249999994 0.846628125 0.41719531249999997 0.846875 0.4268296875 0.8061671875
4 0.39446875000000003 0.7704265625 0.4061296875 0.74439375 0.415190625 0.7347421875 0.43214375 0.727790625 0.4320109375 0.7236328125 0.42372343749999997 0.7084609375 0.4095046875 0.7031890625 0.4079390625 0.7030640625 0.3986140625 0.7043999999999999 0.38179375000000004 0.715509375 0.365634375 0.7474078125 0.3647296875 0.768071875 0.368125 0.776634375 0.3779125 0.7898515625 0.3874359375 0.794753125 0.3907640625 0.8012375 0.3951953125 0.79329375 0.39446875000000003 0.7704265625
4 0.5844953125 0.7564421875 0.57340625 0.7514171875 0.5718421874999999 0.75129375 0.5577546875 0.7501781249999999 0.5423015625 0.755175 0.5361734375 0.7588375 0.524246875 0.7765546875 0.5200796875 0.7928140625 0.5206078125 0.8094453125 0.5259640625 0.8306046874999999 0.5307921875 0.835134375 0.5878234375 0.7629265625 0.5844953125 0.7564421875
4 0.556478125 0.6609125 0.5773984375000001 0.6314656249999999 0.5765390625 0.604440625 0.5677890624999999 0.5747171875 0.5499109375 0.552565625 0.541953125 0.5477875 0.5403875 0.5476640625 0.5387562499999999 0.5454609375 0.5277999999999999 0.54459375 0.5231703125 0.5463 0.508046875 0.5616921875 0.5053140625 0.5739171875 0.5063046875 0.6051 0.5132265625 0.626384375 0.523146875 0.6437578125 0.5360640625 0.6572218750000001 0.556478125 0.6609125
4 0.50648125 0.56156875 0.520040625 0.546053125 0.5277328125 0.5425140625 0.5402546874999999 0.54350625 0.5482125 0.5482843749999999 0.5572078125 0.5365546875 0.55368125 0.5238328125 0.5454578125 0.5107406250000001 0.5436953124999999 0.5043796875 0.5371703125 0.49556875 0.5260812500000001 0.49054374999999995 0.524515625 0.49042031250000007 0.5119281250000001 0.48735 0.49490937500000004 0.4922234375 0.4845484375 0.510065625 0.4846796875 0.5142218749999999 0.47888281250000003 0.528278125 0.47941093749999997 0.544909375 0.48456875000000005 0.5598328125 0.494290625 0.5709703125 0.5021828125 0.5736687500000001 0.50648125 0.56156875
5 0.7171875 0.5595890625 0.7143875000000001 0.5697359375 0.71928125 0.57634375 0.73036875 0.58136875 0.7649140625 0.5384859375 0.7647828125 0.534328125 0.7429359375 0.534671875 0.72161875 0.5516453125 0.7216843749999999 0.553725 0.7171875 0.5595890625
5 0.6402265625 0.6924265625 0.6338984375 0.6898515625 0.6200109375 0.6949734375000001 0.610884375 0.7025453125000001 0.600390625 0.7162296875 0.590425 0.7465437500000001 0.59075625 0.7569390625 0.592321875 0.7570625 0.6404234375 0.6986640625 0.641790625 0.69255 0.6402265625 0.6924265625
5 0.26599375 0.60888125 0.2663234375 0.619275 0.27311406250000003 0.6364015625 0.2845328125 0.651821875 0.3069078125 0.6681078125 0.3288859375 0.671921875 0.3425765625 0.6605640625 0.3590671875 0.6390609375 0.3613375 0.6122828124999999 0.3563109375 0.6015171875 0.34991875 0.5968640625 0.348353125 0.596740625 0.33733124999999997 0.59379375 0.329175 0.5827796875 0.3272125 0.5701828124999999 0.3203578125 0.550978125 0.300009375 0.5493671875 0.2815578125 0.5582734375 0.2740625 0.5680484375 0.2653984375 0.590171875 0.2643625 0.606678125 0.26599375 0.60888125
5 0.513490625 0.6346984375 0.514990625 0.63274375 0.50480625 0.6070546875 0.504475 0.5966609375 0.50284375 0.5944578125 0.50434375 0.592503125 0.503946875 0.5800296875 0.50075 0.577703125 0.499184375 0.5775796875 0.4944890625 0.5772078125 0.49149062499999996 0.5811171875000001 0.4883609375 0.5808687499999999 0.4733703125 0.60041875 0.4678359375 0.6227890625 0.4681 0.6311046874999999 0.4728625 0.63355625 0.491446875 0.62880625 0.5055328125 0.629921875 0.513490625 0.6346984375
