2 0.7381921874999999 0.9176921874999999 0.74814375 0.9359546875 0.785053125 0.9643203124999999 0.8079765625 0.9696390625 0.8098296875000001 0.9677906249999999 0.8141703124999999 0.97050625 0.8160234375 0.9686578125 0.8299593749999999 0.9706093750000001 0.8367625000000001 0.9673453125 0.8414078125 0.9679968750000001 0.8649140624999999 0.9586359375000001 0.8871249999999999 0.9259000000000001 0.892659375 0.9098062499999999 0.9031421875 0.8922968750000001 0.9061875 0.8716375 0.9043093750000001 0.8629390625 0.892809375 0.8444593749999999 0.8896859375 0.8334781250000001 0.8784906250000001 0.8129328125 0.8645296874999999 0.800434375 0.86298125 0.8002171875 0.8573953124999999 0.7952171875 0.8406671875 0.7907656249999999 0.8394234375 0.7884828125000001 0.798553125 0.786975 0.7750468749999999 0.7963359375 0.7611359375 0.8049296874999999 0.7478609374999999 0.8199390624999999 0.7410828125 0.8337515625 0.7325296875 0.8810515625 0.7381921874999999 0.9176921874999999
2 0.46573906249999997 1.0 0.46533125000000003 0.9996656249999999 0.44921249999999996 0.9910828125 0.4476640625 0.990865625 0.4433234375 0.9881484374999999 0.41699843750000004 0.9844625 0.4021484375 0.9887078125000001 0.38764375 1.0 0.46573906249999997 1.0
0 0.5735125 0.6732171874999999 0.5889984375 0.6753859375 0.6026046875 0.6688578125 0.6127828125 0.6534140625 0.627303125 0.6406875000000001 0.635325 0.629159375 0.6423546875 0.5921875 0.6401453125 0.5750093749999999 0.6261328125000001 0.5414171875 0.6171203125 0.527503125 0.6031578125 0.5150046875000001 0.58983125 0.5089203125 0.5882828124999999 0.508703125 0.57744375 0.507184375 0.565690625 0.5118640625 0.5416000000000001 0.535903125 0.5203031250000001 0.562440625 0.5147953125 0.58908125 0.51951875 0.6213734375 0.53848125 0.65355 0.546859375 0.66105 0.5561499999999999 0.6623515624999999 0.5735125 0.6732171874999999
0 0.4442328125 0.8533234375 0.4495390625 0.8709359375 0.44801562500000003 0.8812656249999999 0.4486515625 0.8876796875 0.4502 0.887896875 0.468425 0.8714718749999999 0.49068750000000005 0.8598296875000001 0.4897484375 0.8554812500000001 0.4801265625 0.8456984375 0.47515156249999996 0.8365671875 0.46545312499999997 0.79514375 0.46573281250000004 0.78253125 0.468803125 0.77241875 0.481140625 0.7530593750000001 0.47895625 0.746428125 0.4774078125 0.7462109375 0.45108437500000004 0.7425234374999999 0.4346859375 0.7465531249999999 0.41338749999999996 0.773090625 0.3979296875 0.7814687499999999 0.388359375 0.79278125 0.385009375 0.81550625 0.3859484375 0.8198546875 0.414734375 0.8175609375 0.4277578125 0.8257109375 0.4442328125 0.8533234375
0 0.333171875 0.759746875 0.332840625 0.751265625 0.32349843749999996 0.7288703125 0.3215953125 0.7096265625 0.31910625000000004 0.7050609375 0.320603125 0.684184375 0.31872500000000004 0.6754859375 0.3171765625 0.6752687500000001 0.3072765625 0.6780999999999999 0.294609375 0.688978125 0.27085 0.7214968749999999 0.2699375 0.7276953125000001 0.2659265625 0.733459375 0.26379375 0.7479203125 0.26628281249999997 0.7524859375 0.274025 0.7535703125000001 0.27587812500000003 0.751721875 0.333171875 0.759746875
0 0.059273437500000005 0.9238125 0.0543484375 0.9357749999999999 0.050720312499999996 0.9711140625000001 0.21795625 0.9945390625 0.22133124999999998 0.982359375 0.2200875 0.9800765625000001 0.2237421875 0.955284375 0.223690625 0.9341906249999999 0.221203125 0.929625 0.21681093749999997 0.9058140625 0.2015796875 0.8804859374999999 0.20003125000000002 0.8802687499999999 0.19754375 0.875703125 0.1888609375 0.8702703125 0.176778125 0.8664687499999999 0.174925 0.86831875 0.159440625 0.8661484375 0.13035000000000002 0.8705093749999999 0.104990625 0.8817171874999999 0.080265625 0.899340625 0.065440625 0.914134375 0.059273437500000005 0.9238125
0 0.5220281250000001 1.0 0.5092734375 0.9910609375 0.507725 0.99084375 0.49564062499999995 0.9870421875 0.4937875 0.9888921875 0.4767546875 0.98650625 0.4600515625 0.9926015625 0.46408750000000004 0.9973828125 0.467184375 0.9978171874999999 0.468375 1.0 0.5220281250000001 1.0
1 0.401528125 0.6069546875 0.41983125 0.6221703125 0.42635625 0.63151875 0.440978125 0.6609796875 0.4416125 0.6673953125 0.44440625 0.6698953125 0.45273125 0.6563 0.46385 0.64520625 0.4662609375 0.61813125 0.4544046875 0.5806234375 0.444453125 0.5623609375 0.43173593749999994 0.55214375 0.4301875 0.5519265625 0.42460156250000003 0.546928125 0.401375 0.543675 0.3794171875 0.55325 0.35966875 0.5800062500000001 0.3510375 0.595665625 0.34644375 0.616109375 0.34768750000000004 0.6183921875 0.35479531249999996 0.6130609375 0.3783015625 0.6037015625000001 0.401528125 0.6069546875
1 0.44549843750000007 0.737525 0.44984062500000005 0.740240625 0.48390625 0.7450125 0.49873124999999996 0.7302203125 0.5089359375 0.7253234375 0.51198125 0.7046640625 0.51690625 0.6927015625 0.517184375 0.6800890625 0.5022578125 0.65269375 0.500709375 0.6524765625 0.48243125 0.6478078125 0.48057812499999997 0.6496578125 0.46478906249999996 0.6495546875 0.45397499999999996 0.6585828125 0.44534531250000003 0.67424375 0.44443124999999994 0.6804421875 0.4478578125 0.68935625 0.44851875 0.7063171875 0.443315625 0.7308921875000001 0.44549843750000007 0.737525
1 0.263378125 1.0 0.27735625 0.9775546875 0.29218125 0.9627625 0.3187578125 0.9432890625000001 0.31748906250000003 0.9304593750000001 0.3128171875 0.9192625 0.2982203125 0.9003484374999999 0.29667187500000003 0.9001312499999999 0.294184375 0.895565625 0.2737234375 0.8842656249999999 0.2532890625 0.8835109375 0.23628125 0.8916718749999999 0.22145625 0.906465625 0.221178125 0.9190781250000001 0.2259 0.95136875 0.221053125 0.9949718750000001 0.25695 1.0 0.263378125 1.0
1 0.38609218749999996 1.0 0.39349218750000003 0.9938218750000001 0.39625937499999997 0.985775 0.3953203125 0.981425 0.3887953125 0.9720765625000001 0.3856984375 0.9716437499999999 0.3704921875 0.9568609374999999 0.3481796875 0.947409375 0.34663125 0.94719375 0.329596875 0.9448078125 0.3131984375 0.9488359375 0.2844640625 0.9722234375 0.26513749999999997 1.0 0.38609218749999996 1.0
1 0.563796875 0.8785046875000001 0.565040625 0.8807875 0.5628828125 0.884703125 0.564178125 0.9080796875000001 0.566996875 0.921125 0.5729109375 0.9346062500000001 0.5918484375 0.9562359375 0.59806875 0.9676500000000001 0.6021046875 0.9724328124999999 0.6197734374999999 0.981234375 0.6306125 0.9827515625000001 0.645184375 0.99111875 0.6597296874999999 0.9889390625000001 0.6702375 0.9819765625000001 0.6733359375 0.9824109375000001 0.69618125 0.9560890625 0.7023484375 0.946409375 0.7057249999999999 0.9342312500000001 0.712503125 0.9204203124999999 0.717984375 0.88323125 0.716740625 0.8809484375000001 0.7188984375 0.877034375 0.7182125 0.8495250000000001 0.709175 0.8250640625000001 0.6821640625 0.79386875 0.666984375 0.789634375 0.651778125 0.7748515625 0.6502296875 0.774634375 0.6362921874999999 0.7726828125 0.622990625 0.7771453125 0.599815625 0.7949859375 0.5883921875 0.808146875 0.5738984375 0.8314203125 0.57113125 0.8394671875 0.5668671875 0.868390625 0.5650140625 0.8702406249999999 0.5659546875 0.8745890624999999 0.563796875 0.8785046875000001
1 0.8017015625000001 1.0 0.7950046875 0.9825828124999999 0.7832 0.9661687499999999 0.7661421875000001 0.9532359375 0.7515703125 0.9448703125 0.7438281250000001 0.9437843750000001 0.7397921875 0.9390031249999999 0.7286484375 0.93955 0.7243062499999999 0.9368328125 0.7230624999999999 0.93455 0.7249156250000001 0.9327015624999999 0.73171875 0.9294375 0.72676875 0.930853125 0.725525 0.9285703125 0.7239765625000001 0.9283531249999999 0.716234375 0.92726875 0.71438125 0.9291171874999999 0.7153203125 0.933465625 0.710065625 0.936946875 0.70113125 0.9546734375 0.6878546875 0.9696828125 0.6832359375 0.9795796875 0.67551875 0.9890421875 0.6719203125 1.0 0.8017015625000001 1.0
5 0.6902109375000001 0.7928875 0.69658125 0.7389546874999999 0.7082828125 0.71318125 0.6998796875 0.6951343750000001 0.6905625 0.6832859375 0.67195625 0.6701374999999999 0.6704078124999999 0.6699203125000001 0.6471796875 0.6666671875 0.6205765624999999 0.6755921875 0.5967921875 0.6975640624999999 0.5937203125 0.7076781249999999 0.5971484375 0.7165921875000001 0.6142328125 0.740071875 0.6434 0.767353125 0.656728125 0.7734359375000001 0.6675921875 0.7855015625 0.6902109375000001 0.7928875
5 0.47778593750000004 0.6471578124999999 0.4796390625 0.6453078125 0.49512343750000004 0.647478125 0.49758593749999996 0.641496875 0.4963421875 0.6392140625 0.49786562500000003 0.6288828125 0.5034234375 0.6233359375 0.5179703124999999 0.6211562500000001 0.513246875 0.5888656250000001 0.5159875 0.570271875 0.5249234375 0.5525453125 0.51964375 0.5454796875000001 0.5078640625 0.5396124999999999 0.5063156249999999 0.5393953125000001 0.4923796875 0.53744375 0.48557656250000003 0.5407078125 0.48093125 0.54005625 0.46021718749999996 0.551915625 0.44879375 0.5650765625 0.4519171875 0.5760578125 0.460625 0.5920375 0.46750468749999996 0.6204140625 0.46539843750000004 0.645421875 0.47778593750000004 0.6471578124999999
5 0.3215953125 0.7096265625 0.33065781250000004 0.744634375 0.340609375 0.762896875 0.3474375 0.7701796875 0.3614 0.782678125 0.3734828125 0.7864796875 0.39483125 0.7810359375 0.41399687500000004 0.768959375 0.43313750000000006 0.7463359374999999 0.44237656249999996 0.72654375 0.446640625 0.6976203125 0.4381859375 0.6584796875000001 0.4248078125 0.631303125 0.40680937500000003 0.6140203125 0.40526093750000003 0.6138046875 0.399675 0.6088046874999999 0.3795453125 0.605984375 0.3646953125 0.61023125 0.345834375 0.620240625 0.33195 0.6393828125 0.32240625 0.661240625 0.320578125 0.6736375 0.322153125 0.6844 0.3206296875 0.69473125 0.3215953125 0.7096265625
5 0.5424765625 1.0 0.554128125 0.9762562499999999 0.5581125 0.9599453125 0.55686875 0.9576625 0.5589999999999999 0.9432015625 0.5549125 0.917325 0.550546875 0.9040609375 0.5328265625 0.8741671875 0.5312781249999999 0.87395 0.522596875 0.868515625 0.490078125 0.8639609374999999 0.46441406250000006 0.8772359375000001 0.44743281250000005 0.89594375 0.44316875 0.9248671875 0.4363921875 0.9386796875 0.42496875 0.9518390625 0.42037500000000005 0.9722828124999999 0.4238015625 0.981196875 0.4377375 0.98315 0.44951718749999997 0.9890171875 0.45291875 0.9873843750000001 0.45416249999999997 0.9896671874999999 0.4619046875 0.9907515625000001 0.4656109375 0.9870531250000001 0.4718046875 0.9879203125 0.48820312499999996 0.9838921875000001 0.48944687499999995 0.986175 0.50648125 0.9885609375 0.5221234375 1.0 0.5424765625 1.0
3 0.5163734375 0.7284734375 0.538965625 0.7253125 0.5621937499999999 0.728565625 0.5693265625 0.7337828125 0.577703125 0.74128125 0.5876546874999999 0.75954375 0.5933171875000001 0.7961843749999999 0.607228125 0.7875890625 0.6183453125 0.7764953125 0.641546875 0.7692015624999999 0.60181875 0.727790625 0.5760015625 0.6777828125 0.5586375 0.6669171875 0.5477984375 0.6653984375 0.540665625 0.6601828125 0.518909375 0.6255046875 0.5173609375 0.6252875 0.5062171875 0.6258359375 0.4994140625 0.6291 0.49850000000000005 0.6352984375 0.499134375 0.6417125 0.5131218750000001 0.664759375 0.5199765625 0.6825875 0.51815 0.694984375 0.5135296874999999 0.7048796875 0.510484375 0.725540625 0.5163734375 0.7284734375
3 0.15735625 0.7730765625 0.1149890625 0.792446875 0.099225 0.8028906250000001 0.08039062500000001 0.8234468749999999 0.07145625 0.8411734375 0.06901874999999999 0.8577015625 0.0510984375 0.8720609375 0.034090625 0.8802218749999999 0.0164734375 0.8925140624999999 0.0031968749999999996 0.907525 0.0013703125 0.9199203125000001 0.004796875 0.9288343749999999 0.0116265625 0.9361171875000001 0.016271874999999998 0.9367671874999999 0.0419359375 0.9234937499999999 0.045032812500000005 0.9239265624999999 0.05244375 0.91653125 0.0589421875 0.9153328125 0.0731578125 0.904671875 0.08983593749999999 0.8880296875000001 0.100040625 0.8831328125000001 0.1056 0.8775859374999999 0.113646875 0.8766046875000001 0.1309578125 0.8663765625 0.1467484375 0.8664796875 0.152003125 0.8629984374999999 0.1597453125 0.8640828125000001 0.1615984375 0.8622343750000001 0.1863734375 0.8657046875000001 0.1978484375 0.8736375000000001 0.21488125 0.8760234375 0.240875 0.8712296875 0.2675046875 0.87285 0.29319375000000003 0.8701234375 0.32540625 0.8767437499999999 0.3343421875 0.8590171874999999 0.34576406249999997 0.84585625 0.3513234375 0.840309375 0.37543906250000003 0.8268187499999999 0.37851093750000003 0.8167046875 0.3769359375 0.8059406250000001 0.372265625 0.7947437500000001 0.36916875 0.794309375 0.3471328125 0.7722453125000001 0.3384515625 0.7668125 0.33690312499999997 0.7665953125 0.3276125 0.76529375 0.32636875 0.7630109375 0.278365625 0.7562875 0.2765125 0.7581375 0.2517359375 0.7546671875000001 0.23533750000000003 0.7586953125 0.2214015625 0.7567437499999999 0.2016015625 0.7624046875 0.1954078125 0.7615375 0.15735625 0.7730765625
4 0.334546875 0.9433921875 0.3364 0.9415437499999999 0.33764375 0.9438265625 0.354678125 0.9462109375000001 0.3925015625 0.9683781249999999 0.414459375 0.958803125 0.42928437500000005 0.944009375 0.441925 0.9225843749999999 0.444665625 0.9039906249999999 0.443421875 0.9017078125 0.44738125 0.87485 0.44268437499999996 0.8531062500000001 0.4327328125 0.8348437499999999 0.4246609375 0.825278125 0.41288125000000003 0.8194109375 0.4113328125 0.8191937499999999 0.394934375 0.8232234375 0.3871921875 0.8221390625 0.38038906250000004 0.825403125 0.357821875 0.8391109374999999 0.3374390625 0.8594515625 0.3269546875 0.8769609375 0.31995 0.924478125 0.3240125 0.9398078125 0.3268046875 0.9423078125 0.334546875 0.9433921875
4 0.6385796874999999 1.0 0.637771875 0.9985156249999999 0.632490625 0.99145 0.623809375 0.9860171875000001 0.6055328125 0.9813484375 0.6042875000000001 0.9790656249999999 0.6027390625 0.9788484375 0.5881937500000001 0.9810281249999999 0.5758062500000001 0.9792937500000001 0.5690031249999999 0.9825578125 0.5643578125000001 0.98190625 0.547984375 0.9964828125 0.546259375 1.0 0.6385796874999999 1.0
4 0.73768125 0.8353828125 0.7466171875 0.81765625 0.7561859375 0.8063453125000001 0.7685484375 0.797534375 0.79545625 0.7865421875 0.7991625 0.78284375 0.80038125 0.7745796875 0.7975625 0.7615328124999999 0.79383125 0.754684375 0.787890625 0.7306578125 0.7698921875 0.713375 0.76834375 0.713159375 0.74448125 0.7034906249999999 0.7200359375 0.7085015625 0.7113796875 0.7136140625 0.6981296875 0.739171875 0.6957187499999999 0.7662453124999999 0.693865625 0.7680953125000001 0.6923421875 0.778425 0.6939171875000001 0.7891890625 0.719709375 0.8286484375000001 0.73768125 0.8353828125
4 0.5170125 0.8635171875 0.5269125 0.8606859375000001 0.5346546875 0.8617703125 0.5637187499999999 0.8468640625000001 0.567425 0.8431656249999999 0.5769703125000001 0.8213078125 0.5890015625 0.8040140625 0.59019375 0.7852046875 0.5848625000000001 0.7570453125000001 0.57460625 0.7408484375 0.5587921875 0.7301984375 0.55724375 0.72998125 0.5083265625 0.7294546875 0.49657343750000005 0.734134375 0.483296875 0.7491453124999999 0.4678890625 0.7786171875 0.46636718750000006 0.7889468749999999 0.468271875 0.8081906249999999 0.47545624999999997 0.8345015625000001 0.48167499999999996 0.845915625 0.49408906249999995 0.858196875 0.5170125 0.8635171875
2 0.571465625 0.9765765625 0.5869500000000001 0.9787453125000001 0.598703125 0.974065625 0.5940328125 0.9628687499999999 0.57385 0.9389546875000001 0.5654484375 0.9209093749999999 0.5632390625 0.9037296874999999 0.5607515624999999 0.8991640625 0.5607249999999999 0.8886171875000001 0.5665375 0.8599109374999999 0.565903125 0.8534953125 0.5643546875000001 0.8532781249999999 0.559709375 0.8526281250000001 0.542396875 0.8628546874999999 0.5359234374999999 0.8746 0.554278125 0.9109093749999999 0.5605484374999999 0.9434171875 0.558721875 0.9558140625 0.559990625 0.96864375 0.5634187500000001 0.9775578125 0.5696125000000001 0.978425 0.571465625 0.9765765625
