2 0.5245703125000001 0.15480312499999999 0.5157984375 0.1639046875 0.513196875 0.1747765625 0.4956515625 0.1929828125 0.4931984375 0.200728125 0.496915625 0.21024062500000001 0.5028625 0.216696875 0.5387671875 0.25074375 0.566346875 0.28451875000000004 0.5784640624999999 0.2927421875 0.6055234375 0.29363125 0.6223984375 0.2894890625 0.637415625 0.28059218750000003 0.643734375 0.27923437500000003 0.665590625 0.2580390625 0.6726515625 0.2410546875 0.6727265625000001 0.2394921875 0.6716859375 0.21754531250000003 0.6639546875 0.2047703125 0.664253125 0.19851875000000002 0.656446875 0.18730625 0.63645 0.1694328125 0.5998015624999999 0.1510125 0.568653125 0.1484234375 0.5580234374999999 0.1527703125 0.5309640625000001 0.15188125 0.5245703125000001 0.15480312499999999
2 0.27471718749999996 0.1481625 0.288990625 0.1548921875 0.32504374999999996 0.18581406250000002 0.3263828125 0.20150937500000002 0.3340390625 0.2158484375 0.330321875 0.250159375 0.3344109375 0.251859375 0.363625 0.25125312499999997 0.37663437499999997 0.240725 0.392096875 0.22244999999999998 0.40287656250000003 0.21497812500000002 0.41982656250000006 0.2092734375 0.42205624999999997 0.2062171875 0.42213124999999996 0.20465468750000002 0.42480624999999994 0.1922203125 0.41767031250000003 0.16694375 0.40778437500000003 0.15566249999999998 0.3962609375 0.1349375 0.3883078125 0.12685 0.3619171875 0.111896875 0.33285 0.10937656250000001 0.32861406249999997 0.110803125 0.274940625 0.143475 0.27471718749999996 0.1481625
2 0.148340625 0.219140625 0.14001406249999998 0.21886718749999998 0.1315390625 0.22172031250000002 0.099425 0.239446875 0.065378125 0.25398125 0.05251718749999999 0.261384375 0.0501375 0.26756718749999997 0.0601 0.27728437499999997 0.07764375 0.302903125 0.10351250000000001 0.328796875 0.12113125 0.3528515625 0.176809375 0.40946249999999995 0.2122703125 0.40906093749999994 0.2459453125 0.402340625 0.27166718749999996 0.387534375 0.28266874999999997 0.3753734375 0.29411718750000004 0.35383749999999997 0.2941921875 0.352275 0.2959015625 0.31633125 0.29411718750000004 0.31001249999999997 0.274715625 0.2796375 0.2587328125 0.265025 0.24252656250000001 0.255103125 0.22617343750000002 0.24830468749999998 0.22424062500000003 0.24511093750000001 0.20996718749999999 0.23838125 0.1772578125 0.2247859375 0.148340625 0.219140625
3 0.5515515625 0.5078515625 0.538690625 0.51525625 0.5385421874999999 0.51838125 0.54396875 0.5357765624999999 0.54813125 0.5359125 0.565378125 0.5239578125000001 0.5803203124999999 0.5166234375000001 0.6119140625 0.509834375 0.64930625 0.512628125 0.681940625 0.5277859375 0.6902671875 0.528059375 0.7072171875000001 0.5223546875 0.7556859375 0.511425 0.762078125 0.5085046875 0.7686953125 0.500896875 0.76876875 0.499334375 0.7614109375 0.47874531249999996 0.7498875 0.45801875000000003 0.729146875 0.4557734375 0.6640265624999999 0.46615624999999994 0.6429140624999999 0.4717234375 0.6366703125 0.47151875 0.6028453125000001 0.48136406249999997 0.5839624999999999 0.48387343749999995 0.562553125 0.4956921875 0.5515515625 0.5078515625
3 0.326528125 0.46133281249999997 0.29381875 0.4477375 0.2898046875 0.444475 0.28564218750000003 0.4443390625 0.28534375 0.45059062499999997 0.29315 0.461803125 0.29612343750000003 0.48694218749999996 0.2981296875 0.48857343750000004 0.2971640625 0.5088890625 0.2836328125 0.5303578124999999 0.2915140625 0.5400078125000001 0.31396406250000003 0.5501359375 0.346003125 0.5777953124999999 0.347490625 0.590365625 0.345334375 0.5918609375 0.3553703125 0.6000156249999999 0.3510578125 0.6030046875 0.3573765625 0.6016468749999999 0.359384375 0.603278125 0.35700468750000003 0.6094609375 0.3630265625 0.6143531249999999 0.368825 0.6239359375 0.3809421875 0.632159375 0.3871859375 0.6323640625 0.4230171875 0.62415 0.456246875 0.62680625 0.460559375 0.6238171875 0.46093124999999996 0.616003125 0.4630859375 0.614509375 0.4631609375 0.612946875 0.4621203125 0.591 0.45104375 0.5608984375 0.43952187499999995 0.540171875 0.43550781250000004 0.536909375 0.43565624999999997 0.533784375 0.41781562499999997 0.5144171875 0.389715625 0.49158125 0.36540625000000004 0.476696875 0.3368609375 0.46323749999999997 0.326528125 0.46133281249999997
5 0.40756249999999994 0.07270156250000001 0.39611406250000003 0.0942375 0.3928421875 0.1191734375 0.39834375 0.13500625 0.4099390625 0.15416875000000002 0.4257734375 0.17190468750000001 0.437965625 0.178565625 0.4482984375 0.1804703125 0.45439375000000004 0.1838015625 0.49171250000000005 0.18815781250000002 0.508959375 0.17620156250000002 0.5137171875 0.1638375 0.5246453125 0.1532390625 0.5310374999999999 0.15031875 0.5414453124999999 0.1506609375 0.5436015624999999 0.1491671875 0.553934375 0.15107187500000002 0.5624828125 0.14665625 0.569396875 0.13279687499999998 0.5722968749999999 0.115675 0.5744515625 0.11418124999999998 0.5745265625 0.11261874999999999 0.575046875 0.1016796875 0.5658296875 0.0763328125 0.5540093749999999 0.06185937500000001 0.537953125 0.048809375 0.5134203125 0.038614062500000004 0.480190625 0.035957812500000005 0.46963437499999994 0.038740625 0.44391406250000004 0.053548437500000004 0.4269640625 0.0592515625 0.40756249999999994 0.07270156250000001
5 0.6013578125000001 0.51261875 0.5928828125 0.5154703125 0.5866390625 0.515265625 0.565303125 0.5255203125000001 0.5437453125 0.5404640625 0.5321484375 0.5651265624999999 0.531478125 0.5791906250000001 0.5293234375 0.5806859375 0.5347500000000001 0.59808125 0.5503609375 0.62050625 0.590875 0.6453140625 0.6074531249999999 0.6474234375 0.6135484375 0.650753125 0.6385265625 0.6515734375 0.68298125 0.63738125 0.6981453125 0.625359375 0.71390625 0.6008328125 0.71398125 0.5992703125000001 0.714946875 0.5789546875 0.7113796875 0.5663171874999999 0.6979234375 0.542396875 0.6818671875 0.5293484375 0.66766875 0.52105625 0.6409812500000001 0.5123546875 0.638825 0.5138484375 0.6368171874999999 0.5122171875 0.6118406249999999 0.511396875 0.6013578125000001 0.51261875
0 0.6276015625 0.399221875 0.6415765625 0.412203125 0.6490843749999999 0.429665625 0.6481921875000001 0.44841875 0.6520578125000001 0.45480625 0.6601609374999999 0.45976875 0.6788203125 0.4619453125 0.739703125 0.45298906250000004 0.7655000000000001 0.43661874999999994 0.7832671875 0.413725 0.783340625 0.4121625 0.7863140625 0.393478125 0.7805156249999999 0.38389687499999997 0.7566531249999999 0.3596359375 0.729965625 0.3509328125 0.6966625 0.34983906249999996 0.6672234375 0.3551328125 0.6502749999999999 0.36083750000000003 0.6240328125 0.386584375 0.623809375 0.391271875 0.6276015625 0.399221875
0 0.363403125 0.2559421875 0.362659375 0.27156875 0.3683828125 0.28271250000000003 0.3862984375 0.30051875 0.411053125 0.3060265625 0.42941406249999997 0.31445625 0.44153125 0.3226796875 0.45543281249999995 0.337221875 0.460934375 0.3530546875 0.4670296875 0.35638593749999997 0.48167499999999996 0.3553015625 0.5262781249999999 0.337984375 0.5371312500000001 0.32894843749999997 0.543821875 0.31977812499999997 0.5531890625 0.29817343749999997 0.5532640625 0.2966109375 0.5444171875 0.2634515625 0.5146828125 0.23117187499999997 0.5005578125000001 0.221315625 0.48829218750000003 0.21621875 0.4615296875 0.209078125 0.4260703125 0.2094796875 0.419678125 0.2124 0.40919531249999996 0.21362031250000002 0.40064687499999996 0.2180359375 0.363403125 0.2559421875
0 0.4474765625 0.548259375 0.46070781250000004 0.5768671875 0.4656890625 0.6036390625 0.469703125 0.6069 0.4761703125 0.6024171875000001 0.4845703125 0.601128125 0.50590625 0.590871875 0.5211453125000001 0.5772859375 0.5325203125 0.5573125 0.53259375 0.55575 0.5395078125 0.541890625 0.540028125 0.5309515625000001 0.534378125 0.51824375 0.5302156250000001 0.5181078125 0.506725 0.5298578125 0.48985 0.5339984375 0.4439828125 0.5340578125000001 0.44197499999999995 0.5324265625 0.439596875 0.538609375 0.4474765625 0.548259375
0 0.4768390625 0.632178125 0.45401718750000003 0.6298625 0.452009375 0.6282328125000001 0.4332765625 0.6276171875000001 0.43126875 0.6259859375 0.39766875 0.63114375 0.3871125 0.6339265625 0.3827265625 0.638478125 0.3904578125 0.651253125 0.5131140624999999 0.7898859375 0.5213656249999999 0.791721875 0.5278343750000001 0.7872390625000001 0.5301390625 0.7826187499999999 0.5409921875 0.773584375 0.5411406249999999 0.770459375 0.545453125 0.7674703125 0.5611375 0.7445078125 0.5612125 0.7429453125000001 0.5641125 0.7258234375 0.5662671875 0.7243296875 0.5670859375 0.7071390625 0.5635171875 0.6945 0.5558609375 0.6801625 0.5459734375 0.66888125 0.5218890625 0.649309375 0.5056078125 0.6409484375 0.48910468749999997 0.6372765625000001 0.4768390625 0.632178125
4 0.21257031249999997 0.1836859375 0.22483593750000003 0.188784375 0.23316093750000003 0.1890578125 0.2620046875 0.196265625 0.27627812500000004 0.2029953125 0.30638437500000004 0.2274609375 0.3200625 0.24669218750000002 0.3198390625 0.25138125 0.321846875 0.2530125 0.326159375 0.2500234375 0.32623281249999997 0.24846093749999998 0.33069375 0.24234687500000002 0.3319578125 0.21577968749999998 0.3243 0.2014421875 0.3229625 0.18574531249999998 0.2828203125 0.153125 0.2704796875 0.14958906249999998 0.2620796875 0.150878125 0.22557968750000001 0.17315624999999998 0.2149484375 0.177503125 0.21257031249999997 0.1836859375
4 0.49743281250000004 0.41842499999999994 0.5035296875 0.42175624999999994 0.51594375 0.42372812499999996 0.530290625 0.4288953125 0.5485046875 0.44044999999999995 0.5661968749999999 0.46294375 0.5697640625 0.47558125 0.56931875 0.4849578125 0.5777187500000001 0.48366875 0.5841859375 0.47918593749999994 0.6018796875 0.45785468749999997 0.601953125 0.4562921875 0.604109375 0.454796875 0.6047781249999999 0.4407328125 0.5995 0.4202125 0.58336875 0.40872656249999995 0.577496875 0.4007078125 0.5530390625 0.38894843749999997 0.5280609375 0.388128125 0.5111125000000001 0.39383124999999997 0.498103125 0.4043609375 0.49743281250000004 0.41842499999999994
4 0.48888437500000004 0.42284062499999997 0.48672812499999996 0.42433437500000004 0.4616765625 0.4250765625 0.45282968749999997 0.4357421875 0.435509375 0.44926093749999996 0.40138749999999995 0.46535624999999997 0.390384375 0.4775171875 0.38793125 0.4852625 0.4378125 0.532290625 0.48152343750000004 0.533725 0.5025609375 0.5297203125000001 0.5302156250000001 0.5181078125 0.5496187499999999 0.5046578125 0.56508125 0.486384375 0.5651546875 0.484821875 0.565825 0.47075625 0.5638921875 0.4675625 0.555640625 0.4657265625 0.5540796875 0.45471874999999995 0.5460499999999999 0.44819531250000005 0.542259375 0.4402453125 0.536015625 0.4400390625 0.5281359375 0.43039062499999997 0.5220390625 0.42705937499999996 0.48888437500000004 0.42284062499999997
1 0.548059375 0.3183515625 0.5348265624999999 0.33356875 0.49401406249999996 0.3588359375 0.4936421875 0.36665000000000003 0.497434375 0.3746 0.511484375 0.38601874999999997 0.54694375 0.38561718749999996 0.5674609375 0.3925515625 0.581659375 0.40084375000000005 0.5858218749999999 0.40098124999999996 0.6113203125 0.3908625 0.6307234375 0.37741250000000004 0.6461859375000001 0.3591375 0.6508703125 0.3483359375 0.6509437499999999 0.3467734375 0.6519109375000001 0.3264578125 0.64819375 0.31694374999999997 0.644328125 0.31055625 0.6382328125 0.3072265625 0.622325 0.29105156249999997 0.60329375 0.2966875 0.5699890625 0.29559375 0.5636703125 0.2969515625 0.555046875 0.3029296875 0.548059375 0.3183515625
1 0.6039609375 0.457921875 0.5862671875000001 0.4792546875 0.58611875 0.48237968750000004 0.630425 0.47131249999999997 0.6391234375 0.4637734375 0.64380625 0.4529703125 0.64388125 0.4514078125 0.64670625 0.43584843749999996 0.6432859375 0.42008437499999995 0.6374875 0.41050312499999997 0.6255203125000001 0.3991546875 0.611246875 0.39242499999999997 0.5878296875 0.40261250000000004 0.5854515625000001 0.40879374999999996 0.599575 0.41864999999999997 0.6067859375 0.4423640625 0.6039609375 0.457921875
1 0.5280578125 0.6510765625 0.527909375 0.6542015625000001 0.53809375 0.6592328125 0.556009375 0.6770375 0.5655984375 0.69456875 0.5691671875 0.7072078125 0.5656734375 0.73683125 0.560915625 0.749196875 0.5431484375 0.7720906249999999 0.54493125 0.7784093750000001 0.5614343749999999 0.78208125 0.5905765625 0.7830390625 0.6073765625 0.7804609375 0.6306453125 0.7733984375 0.6435796875 0.7644328125000001 0.6525000000000001 0.7522031250000001 0.6596375 0.73365625 0.6629078125000001 0.7087203125 0.6650640625 0.7072265625 0.6651390625 0.7056640625 0.66595625 0.6884734375 0.6622390625000001 0.6789609375000001 0.64633125 0.6627859375 0.6340656250000001 0.6576875 0.6257390625 0.6574140625 0.6073031249999999 0.6505484375 0.5948140625 0.6501390625 0.58455625 0.646671875 0.5491703125 0.6455093749999999 0.5280578125 0.6510765625
1 0.3237046875 0.30159375 0.2983546875 0.3085859375 0.29605000000000004 0.31320625 0.2980578125 0.3148375 0.296125 0.35546875 0.280290625 0.38155625 0.26059062499999996 0.40125625 0.2603671875 0.4059453125 0.266090625 0.4170890625 0.275978125 0.42837031249999996 0.3000640625 0.44794375000000003 0.32868437500000003 0.45983906250000006 0.334928125 0.46004375 0.3431046875 0.46344375 0.37425312499999996 0.46603125 0.3952171875 0.4635890625 0.43350156249999994 0.4476296875 0.4508234375 0.4341109375 0.4601890625 0.41250625 0.4602640625 0.41094375000000005 0.463684375 0.3828828125 0.4616765625 0.38125156250000003 0.46249531250000003 0.3640625 0.455209375 0.3419109375 0.4474046875 0.3306984375 0.43335468749999995 0.3192796875 0.4048078125 0.305821875 0.35923906250000004 0.2996296875 0.35708281249999996 0.3011234375 0.3237046875 0.30159375
1 0.1721296875 0.201140625 0.1505703125 0.21608437500000002 0.156665625 0.2194140625 0.1794140625 0.22329218750000002 0.2039453125 0.23348906249999998 0.25680000000000003 0.26183125 0.2788046875 0.2813359375 0.2903265625 0.3020625 0.2944890625 0.30219843750000003 0.3116625 0.29180625 0.318575 0.277946875 0.31865 0.276384375 0.3196171875 0.25606874999999996 0.3160484375 0.2434296875 0.31025 0.2338484375 0.3023703125 0.2241984375 0.28430625 0.20951875000000003 0.2640125 0.197896875 0.2247609375 0.190346875 0.2083328125 0.18511249999999999 0.1913828125 0.190815625 0.1721296875 0.201140625
4 0.18706875 0.4129296875 0.18283125 0.41435468750000004 0.1826828125 0.41747968750000003 0.204315625 0.4447984375 0.23018437500000002 0.47069062500000003 0.2458703125 0.491553125 0.24995781250000002 0.493253125 0.2556828125 0.5043968750000001 0.2637109375 0.510921875 0.2675015625 0.518871875 0.27545625 0.526959375 0.2795453125 0.5286578125 0.28385625000000003 0.52566875 0.292778125 0.513440625 0.29523125 0.5056953125 0.2953046875 0.5041328125 0.295975 0.49006875 0.2939671875 0.4884375 0.29099375 0.463296875 0.2813296875 0.447328125 0.27962031249999997 0.4394453125 0.269584375 0.43129062500000004 0.24103906249999998 0.41783125 0.214203125 0.41225468750000005 0.209965625 0.41368124999999994 0.18706875 0.4129296875
4 0.3761140625 0.2954890625 0.3742546875 0.29073125 0.3480890625 0.271090625 0.32727343750000004 0.27040625 0.3229625 0.27339531250000004 0.3180546875 0.2888859375 0.306978125 0.30260937499999996 0.33426093749999997 0.298809375 0.373884375 0.2985453125 0.37603906249999997 0.2970515625 0.3761140625 0.2954890625
