3 0.5758234375 0.35781406250000003 0.5297921875 0.3657296875 0.5191203125 0.3751328125 0.518690625 0.39076875 0.5507234375000001 0.43760468750000003 0.5515171875 0.48450781249999997 0.5379484375 0.5236234375000001 0.5118390625 0.5643281250000001 0.51493125 0.603409375 0.48023437500000005 0.6535140625 0.49816093749999996 0.68318125 0.5273609375 0.6815562500000001 0.55810625 0.6236421875 0.6044828125 0.60321875 0.6120187500000001 0.5562984375 0.6022515625 0.5328671875000001 0.6028953125000001 0.5094140625 0.6250109375 0.4624625 0.632246875 0.4264875 0.65575625 0.40454999999999997 0.655971875 0.39673125 0.6356609375 0.3780125 0.5758234375 0.35781406250000003
0 0.6921015625 0.673390625 0.640465625 0.657865625 0.59993125 0.6173 0.5827109375 0.6376625 0.5772999999999999 0.6830140625000001 0.5891078125 0.7080046875 0.6197890625 0.7282656249999999 0.659315625 0.7297453125 0.6683765625 0.7031468750000001 0.6921015625 0.673390625
0 0.65893125 0.592159375 0.6939484375 0.6061578125 0.721021875 0.6061 0.6931984375 0.557690625 0.696225 0.5232875 0.7265859375 0.479446875 0.7198875 0.42004843750000004 0.6905593750000001 0.4263640625 0.64830625 0.44834218750000004 0.6205015625 0.4749796875 0.6048484375000001 0.5141 0.6063296874999999 0.5359859375 0.6262546875 0.5687765625 0.65893125 0.592159375
0 0.6466578125 0.129396875 0.6163624999999999 0.0950640625 0.5745390625 0.10140625 0.5450390625 0.11397656249999999 0.5130703125 0.1406234375 0.511565625 0.1953484375 0.546240625 0.22185468749999998 0.6107578124999999 0.22328125000000001 0.6681484375 0.1809453125 0.6466578125 0.129396875
5 0.490953125 0.33923281250000004 0.513603125 0.348565625 0.5594640625 0.34690468750000003 0.5352890625 0.31725 0.5344953125 0.270346875 0.5560078125000001 0.2452859375 0.5918421875 0.229575 0.5856796875 0.22646093750000001 0.5378234375 0.22499843749999998 0.49149062499999996 0.243859375 0.46802343750000003 0.264234375 0.4608734375 0.29708125 0.46864531249999997 0.317390625 0.490953125 0.33923281250000004
5 0.7345703125 0.6435953125 0.672628125 0.7000109375 0.6626640625 0.75944375 0.6964796875 0.8172218750000001 0.739396875 0.8468359375000001 0.7601796875 0.8483562499999999 0.76295 0.823334375 0.74689375 0.649821875 0.7345703125 0.6435953125
1 0.6963953125 0.668690625 0.7410328125000001 0.6357640625000001 0.7417203125 0.610746875 0.67945625 0.6030609375 0.6526828124999999 0.5921734375 0.6159703125 0.5641078125 0.6063078125 0.612596875 0.618115625 0.6375875 0.6487109375 0.660975 0.6796921874999999 0.670290625 0.6963953125 0.668690625
1 0.6843343749999999 0.3497671875 0.7113640625000001 0.3512734375 0.7262 0.3418609375 0.7174859375 0.20429375 0.697175 0.185575 0.6720125 0.1918828125 0.6507562499999999 0.2075625 0.6273328125 0.2263734375 0.6206125 0.24358593750000002 0.620053125 0.2639125 0.6434124999999999 0.323275 0.6615968750000001 0.3435609375 0.6843343749999999 0.3497671875
4 0.60276875 0.362446875 0.6361328125 0.3608140625 0.659428125 0.34669374999999997 0.641371875 0.321715625 0.6199250000000001 0.268603125 0.6252500000000001 0.226378125 0.6190875 0.22326406250000003 0.5538406250000001 0.2484171875 0.5364921875 0.2734703125 0.53571875 0.3016140625 0.5454015625 0.328171875 0.5636281249999999 0.3468953125 0.60276875 0.362446875
4 0.718278125 0.40285312500000003 0.6850421875 0.399796875 0.6535875 0.40768125 0.6321609375 0.429615625 0.6272640625 0.4562046875 0.635509375 0.4593140625 0.6758093749999999 0.43265000000000003 0.7178046874999999 0.420053125 0.718278125 0.40285312500000003
4 0.6698593749999999 0.0 0.6541734375 0.0074296875 0.6216890625 0.0528390625 0.624521875 0.1013015625 0.6467859375 0.12470624999999999 0.663403125 0.126234375 0.6645640625 0.08401875 0.7049921875 0.0526625 0.70059375 0.0 0.6698593749999999 0.0
0 0.6662984375 0.3998359375 0.72053125 0.3965953125 0.7238609375 0.351246875 0.6635515625 0.3482484375 0.6550484375 0.3545203125 0.6523640625 0.3764140625 0.6662984375 0.3998359375
