3 0.198209375 0.414628125 0.13368437500000002 0.4194984375 0.11716718749999999 0.42463749999999995 0.109203125 0.43580781249999995 0.11171875 0.448259375 0.171278125 0.48108125 0.1824015625 0.501125 0.1832875 0.526921875 0.170009375 0.5656218749999999 0.136125 0.6119171875 0.1353828125 0.6510609374999999 0.0892578125 0.7055125 0.1133203125 0.7377265625 0.12796875000000002 0.738896875 0.13817812499999998 0.7323609375 0.1617453125 0.6894734375 0.18195 0.6701484375 0.22936562500000002 0.6532218750000001 0.2497296875 0.6385875000000001 0.26490468749999996 0.5943609375000001 0.294996875 0.5591203124999999 0.2725890625 0.5143421874999999 0.28364687499999997 0.4717921875 0.23622187499999997 0.42768750000000005 0.198209375 0.414628125
3 0.451309375 0.24974687499999998 0.43767187500000004 0.21725 0.2876234375 0.28389375 0.31045 0.28014843749999996 0.342153125 0.2918125 0.3746515625 0.26589687500000003 0.3993484375 0.2558421875 0.451309375 0.24974687499999998
5 0.5525578125 0.8276031250000001 0.5417234375 0.63384375 0.47543749999999996 0.6481515625000001 0.43080468749999995 0.685346875 0.41541562499999996 0.7233203125000001 0.41654375000000005 0.756153125 0.44536718750000004 0.8054546874999999 0.468946875 0.823596875 0.50268125 0.8336421875 0.5340078125 0.8343624999999999 0.5525578125 0.8276031250000001
5 0.138971875 0.3911875 0.17270625 0.40123125000000004 0.19355625 0.40066875 0.22862343749999997 0.38876875 0.21509218749999998 0.3594 0.21802656250000002 0.323328125 0.244109375 0.2928921875 0.214490625 0.2811703125 0.17273906249999998 0.28073125 0.127246875 0.2929125 0.10682812500000001 0.30598281250000003 0.0950171875 0.3266453125 0.10700000000000001 0.37170468749999996 0.138971875 0.3911875
5 0.385334375 0.21240156250000003 0.3682796875 0.2019078125 0.35287812500000004 0.17884843749999998 0.342346875 0.17600312499999998 0.3205953125 0.21101718749999998 0.3215078125 0.237596875 0.3303859375 0.25300625 0.3472796875 0.2588109375 0.4291703125 0.21278437499999997 0.385334375 0.21240156250000003
5 0.503153125 0.4830859375 0.542390625 0.4710734375 0.54313125 0.43193125 0.4999828125 0.3908421875 0.49164375 0.39106718749999997 0.4522984375 0.39995156249999997 0.423809375 0.4210640625 0.41194375 0.44016406249999995 0.41462031250000003 0.45730468750000003 0.4480859375 0.4595328125 0.503153125 0.4830859375
0 0.404034375 0.45289531250000004 0.41370625 0.4307265625 0.44401250000000003 0.40174062499999996 0.4042921875 0.39968125 0.37055781250000003 0.38963749999999997 0.3106859375 0.408465625 0.30256249999999996 0.41494375000000006 0.3032609375 0.43526875 0.3143296875 0.45375 0.356909375 0.44790625000000006 0.404034375 0.45289531250000004
0 0.13572656249999998 0.478909375 0.1347703125 0.5117984375 0.16075625 0.5392671874999999 0.17748906250000002 0.54038125 0.1804234375 0.5043078125 0.1691921875 0.4811375 0.14369062500000002 0.46774062499999997 0.13572656249999998 0.478909375
0 0.2819390625 0.7863875 0.32502343749999996 0.76488125 0.317909375 0.740034375 0.3230359375 0.7070328124999999 0.2755953125 0.6827515625 0.2502140625 0.652659375 0.200659375 0.6680796875 0.1748453125 0.706334375 0.172234375 0.7517875 0.1810578125 0.7656328125 0.21313749999999998 0.7882421875000001 0.2819390625 0.7863875
0 0.394953125 0.795859375 0.42034843750000006 0.8061281250000001 0.4433359375 0.8070734375 0.416759375 0.7624078125 0.41520156249999995 0.7170671875 0.43075156249999996 0.683784375 0.469128125 0.6467562499999999 0.44213281249999997 0.6506140625 0.413428125 0.6654718749999999 0.3810359375 0.6945140624999999 0.36719375 0.716796875 0.3643140625 0.7544328124999999 0.373353125 0.7745328125000001 0.394953125 0.795859375
0 0.299059375 0.55588125 0.3191125 0.5928984374999999 0.3596921875 0.6199734375 0.39759687499999996 0.62990625 0.43095625000000004 0.62900625 0.47831718749999996 0.610515625 0.4522234375 0.5799203125 0.4487953125 0.5408890625 0.4624765625 0.5139171874999999 0.494975 0.48800156250000004 0.44183125 0.4597015625 0.40221875 0.46077031249999995 0.3528796875 0.48244375 0.32038125 0.5083593750000001 0.30060625 0.5401906249999999 0.299059375 0.55588125
0 0.1585640625 0.23260156250000003 0.1614546875 0.255996875 0.17894062500000002 0.279 0.21652187500000003 0.2795515625 0.2565109375 0.2894265625 0.3286765625 0.2640078125 0.3347703125 0.2591484375 0.3193703125 0.2360890625 0.31791874999999997 0.19387656250000002 0.288246875 0.1805921875 0.256865625 0.1783078125 0.2131359375 0.1810515625 0.178015625 0.1913890625 0.1639046875 0.20585312500000003 0.1585640625 0.23260156250000003
1 0.212696875 0.41110781249999995 0.2292140625 0.40596718750000005 0.233115625 0.3980375 0.22878437499999998 0.393459375 0.19564062499999998 0.4006125 0.16014375 0.40000468749999996 0.1091921875 0.37477499999999997 0.10326093750000001 0.38432499999999997 0.11256718750000001 0.41224218749999997 0.1232609375 0.4197796875 0.212696875 0.41110781249999995
1 0.15918749999999998 0.7364890625 0.1697203125 0.7393359375 0.17286875 0.7095171875 0.198575 0.6681359375 0.1760171875 0.6796984375 0.155975 0.7037125 0.15918749999999998 0.7364890625
1 0.3353296875 0.7004421875 0.382046875 0.6631890625 0.41743593749999997 0.6606687499999999 0.42903125 0.6337531249999999 0.359746875 0.6215375 0.317028125 0.5929546875 0.29735 0.5668828125 0.26506562499999997 0.5990515624999999 0.2521375 0.6479125 0.269784375 0.6756046875 0.31870468750000003 0.7024546875000001 0.3353296875 0.7004421875
1 0.35190156250000004 0.6968640625 0.325228125 0.7101031250000001 0.3195109375 0.72590625 0.32229375 0.746175 0.35041875 0.7751515625 0.371428125 0.7792796875 0.36153124999999997 0.7341640625 0.37088125 0.7026125000000001 0.35190156250000004 0.6968640625
1 0.49933750000000005 0.3720796875 0.5086984375 0.40156093750000005 0.53233125 0.4212671875 0.542809375 0.42255000000000004 0.54964375 0.3785484375 0.5428953125 0.3036140625 0.5103421875 0.327965625 0.49933750000000005 0.3720796875
1 0.3682046875 0.381875 0.3979296875 0.3967234375 0.4584453125 0.39665625000000004 0.4915359375 0.3879390625 0.5062265625 0.329640625 0.5365859375 0.30221875 0.5342328125 0.2944578125 0.498359375 0.28290625 0.45344843749999997 0.25125312499999997 0.422175 0.252096875 0.380853125 0.264165625 0.34236875 0.2980671875 0.3551578125 0.36657812500000003 0.3682046875 0.381875
1 0.48903125000000003 0.13292500000000002 0.5324921875 0.1223625 0.5308265624999999 0.0738953125 0.500196875 0.0935 0.48903125000000003 0.13292500000000002
2 0.5326 0.125490625 0.5118046875 0.127615625 0.460434375 0.15090937499999998 0.4402296875 0.170234375 0.4401328125 0.2281390625 0.46841875 0.2618046875 0.5215625 0.2901046875 0.5403796875 0.2911625 0.5418203125 0.27234375 0.5326 0.125490625
2 0.5477093749999999 0.6258578124999999 0.544690625 0.477271875 0.495028125 0.489565625 0.46659218750000003 0.512240625 0.45082656249999997 0.5392703125 0.4496015625 0.5643421875 0.46093906249999994 0.5906390625 0.48045625000000003 0.612021875 0.514459375 0.6298843749999999 0.5416171875 0.6307171874999999 0.5477093749999999 0.6258578124999999
4 0.34341093749999996 0.44983593749999995 0.30834375 0.4617359375 0.2860015625 0.47955312499999997 0.27424375 0.501778125 0.28574375 0.5327671875 0.2984671875 0.5386828125 0.3243359375 0.5019921875 0.3978875 0.4561921875 0.34341093749999996 0.44983593749999995
4 0.300315625 0.41030937500000003 0.3663875 0.38975 0.33938125 0.332575 0.3422078125 0.2933765625 0.3146734375 0.2815984375 0.2544796875 0.29104687500000004 0.23400781249999997 0.302553125 0.2220359375 0.318525 0.21707031250000003 0.35621718750000003 0.2306 0.38558593750000003 0.2794125 0.40930937500000003 0.300315625 0.41030937500000003
4 0.3916421875 0.21379687500000003 0.4104609375 0.2148546875 0.43312656250000003 0.20641875 0.44006875 0.16554375 0.480853125 0.137840625 0.463259375 0.11171093750000001 0.4378109375 0.099878125 0.412684375 0.097425 0.37756406249999996 0.10776250000000001 0.3493421875 0.136690625 0.3506859375 0.175778125 0.36822499999999997 0.20034375 0.3916421875 0.21379687500000003
