3 0.3171875 0.15 0.3328125 0.1979171875 0.346875 0.21875 0.390625 0.2354171875 0.425 0.2666671875 0.4703125 0.2458328125 0.5125 0.2583328125 0.5578125 0.2125 0.571875 0.175 0.56875 0.1104171875 0.5640625 0.09375 0.553125 0.0854171875 0.540625 0.0875 0.50625 0.1458328125 0.4859375 0.15625 0.46015625 0.15625 0.421875 0.1416671875 0.3765625 0.10625 0.3375 0.10416718750000001 0.284375 0.05625 0.2515625 0.0791671875 0.25 0.09375 0.25625 0.10416718750000001 0.2984375 0.1291671875 0.3171875 0.15
3 0.725 0.38125 0.7296875 0.43333281250000005 0.7625 0.42083281250000004 0.7 0.26875 0.703125 0.2916671875 0.690625 0.3229171875 0.715625 0.35625 0.725 0.38125
5 0.33125 0.44375 0.2953125 0.3979171875 0.2578125 0.38125 0.225 0.38125 0.175 0.40833281250000003 0.15625 0.43125 0.1453125 0.46458281250000005 0.14375 0.49583281250000005 0.15 0.5145828125 0.34375 0.5104171875 0.33125 0.44375
5 0.6625 0.1979171875 0.6921875 0.225 0.7046875 0.1958328125 0.70625 0.1541671875 0.6953125 0.1083328125 0.6828125 0.0875 0.6625 0.075 0.6171875 0.0854171875 0.596875 0.1166671875 0.5859375 0.15 0.5859375 0.1708328125 0.596875 0.20625 0.6265625 0.19375 0.6625 0.1979171875
5 0.7796875 0.3520828125 0.803125 0.3375 0.80625 0.3270828125 0.771875 0.3041671875 0.7453125 0.3041671875 0.7296875 0.3125 0.7234375 0.3291671875 0.7671875 0.4125 0.76875 0.36875 0.7796875 0.3520828125
5 0.5453125 0.51875 0.5875 0.47708281250000006 0.5875 0.46875 0.5796875 0.42916718749999994 0.559375 0.4 0.540625 0.3875 0.5234375 0.3895828125 0.5203125 0.42291718749999996 0.4953125 0.47708281250000006 0.50625 0.5166671875 0.5453125 0.51875
0 0.578125 0.42083281250000004 0.58125 0.38125 0.5921875 0.3479171875 0.575 0.2875 0.56875 0.2791671875 0.5484375 0.2791671875 0.5296875 0.2895828125 0.534375 0.3322921875 0.528125 0.3791671875 0.55 0.3895828125 0.578125 0.42083281250000004
0 0.5203125 0.11875 0.509375 0.1104171875 0.4765625 0.1083328125 0.4484375 0.1333328125 0.446875 0.15 0.4828125 0.1541671875 0.50625 0.14375 0.5203125 0.11875
0 0.2765625 0.2895828125 0.3020828125 0.24305625000000003 0.3328125 0.21875 0.31875 0.16875 0.28125 0.1416671875 0.2359375 0.1375 0.221875 0.1458328125 0.1984375 0.1770828125 0.1984375 0.2458328125 0.21875 0.2895828125 0.24375 0.2833328125 0.2765625 0.2895828125
0 0.296875 0.3979171875 0.3328125 0.4375 0.3296875 0.41041718749999995 0.315625 0.38125 0.2875 0.3479171875 0.265625 0.3333328125 0.228125 0.3291671875 0.2078125 0.3375 0.1859375 0.3583328125 0.175 0.3833328125 0.1734375 0.40625 0.21875 0.38125 0.2640625 0.38125 0.296875 0.3979171875
0 0.4390625 0.42083281250000004 0.465625 0.43541718749999997 0.490625 0.46875 0.5203125 0.4166671875 0.5203125 0.3770828125 0.5 0.3270828125 0.475 0.29375 0.44375 0.2729171875 0.428125 0.2708328125 0.390625 0.2895828125 0.3625 0.3291671875 0.3515625 0.3666671875 0.3515625 0.4 0.36875 0.4479171875 0.4 0.42291718749999996 0.4390625 0.42083281250000004
0 0.7234375 0.3166671875 0.746875 0.3020828125 0.7890625 0.3020828125 0.803125 0.2729171875 0.80625 0.2416671875 0.8046875 0.1979171875 0.7953125 0.1625 0.78125 0.1479171875 0.7546875 0.1416671875 0.73125 0.14375 0.7078125 0.1604171875 0.70625 0.1979171875 0.6953125 0.2375 0.71875 0.3104171875 0.7234375 0.3166671875
1 0.5875 0.2104171875 0.5921875 0.20625 0.5859375 0.1729171875 0.5875 0.1375 0.6140625 0.0875 0.6046875 0.08125 0.5765625 0.0895828125 0.56875 0.1 0.575 0.1895828125 0.5796875 0.20625 0.5875 0.2104171875
1 0.3078125 0.14375 0.284375 0.1229171875 0.2515625 0.125 0.2484375 0.1354171875 0.278125 0.1395828125 0.31875 0.1666671875 0.3078125 0.14375
1 0.346875 0.3979171875 0.3609375 0.3291671875 0.390625 0.2875 0.4171875 0.26875 0.3859375 0.2354171875 0.3375 0.2208328125 0.309375 0.2375 0.28125 0.2854171875 0.2828125 0.3020828125 0.31875 0.35 0.3203125 0.3854171875 0.346875 0.3979171875
1 0.2859375 0.31875 0.2734375 0.2916671875 0.2578125 0.2854171875 0.2375 0.2875 0.2078125 0.3145828125 0.203125 0.3354171875 0.2484375 0.3270828125 0.2796875 0.3375 0.2859375 0.31875
1 0.65 0.4895828125 0.60625 0.47708281250000006 0.5765625 0.48541718749999996 0.55625 0.5083328125000001 0.5546875 0.51875 0.5984375 0.5270828125 0.6734375 0.5229171874999999 0.65 0.4895828125
1 0.675 0.5166671875 0.6828125 0.5145828125 0.6953125 0.4791671875 0.728125 0.43541718749999997 0.728125 0.40416718749999997 0.7171875 0.3625 0.684375 0.3229171875 0.615625 0.3333328125 0.6 0.3458328125 0.584375 0.375 0.5828125 0.43541718749999997 0.590625 0.46875 0.6484375 0.48541718749999996 0.675 0.5166671875
1 0.8453125 0.475 0.8546875 0.51875 0.903125 0.51875 0.884375 0.4875 0.8453125 0.475
2 0.85 0.49791718749999997 0.828125 0.44583281250000006 0.809375 0.425 0.7515625 0.42291718749999996 0.7171875 0.45 0.6875 0.5020828125000001 0.6859375 0.5208328125 0.7046875 0.5229171874999999 0.8515625 0.51875 0.85 0.49791718749999997
2 0.4890625 0.46875 0.4671875 0.43958281250000003 0.440625 0.42291718749999996 0.415625 0.42083281250000004 0.3890625 0.43125 0.3671875 0.45 0.3484375 0.48333281250000004 0.346875 0.5104171875 0.3515625 0.5166671875 0.5 0.51875 0.4890625 0.46875
4 0.5328125 0.31875 0.521875 0.2833328125 0.5046875 0.2604171875 0.4828125 0.2479171875 0.4515625 0.2583328125 0.4453125 0.2708328125 0.48125 0.2979171875 0.525 0.3729171875 0.5328125 0.31875
4 0.6890625 0.3229171875 0.7015625 0.2958328125 0.69375 0.2354171875 0.6828125 0.2145828125 0.6671875 0.2020828125 0.6296875 0.1958328125 0.6 0.2083328125 0.575 0.25625 0.5734375 0.2770828125 0.5921875 0.34375 0.65 0.31875 0.6890625 0.3229171875
4 0.840625 0.46666718749999997 0.8671875 0.45 0.8796875 0.425 0.8828125 0.4 0.8734375 0.3645828125 0.8453125 0.3354171875 0.80625 0.3354171875 0.78125 0.3520828125 0.7671875 0.375 0.765625 0.39375 0.7734375 0.4166671875 0.8140625 0.425 0.840625 0.46666718749999997
