3 0.4326875 0.5539203125000001 0.43037187499999996 0.56320625 0.4756484375 0.5868890625 0.477575 0.5932171875 0.443746875 0.612196875 0.424109375 0.6473718749999999 0.3713015625 0.6749765625 0.3850265625 0.7099109375 0.399528125 0.7136125 0.45465156249999994 0.6767203125 0.48585312500000005 0.679521875 0.5320625 0.6657234375 0.547534375 0.630384375 0.5859171875 0.5959531250000001 0.5804843749999999 0.5629109375 0.5643671875 0.5403859375 0.547859375 0.533478125 0.5083265625 0.530346875 0.46227343750000005 0.5378984375 0.4326875 0.5539203125000001
5 0.750634375 0.6790875 0.7693390625000001 0.6813921875 0.861640625 0.65848125 0.892765625 0.6644046875 0.9014078124999999 0.6522421875 0.8956781250000001 0.5472812499999999 0.8353171875 0.5433234375 0.7955125 0.551121875 0.7595625 0.5715796875 0.7401953125 0.5958234375 0.7311265625 0.6251640625 0.7366375 0.6550828125 0.750634375 0.6790875
5 0.5150406249999999 0.5118546875 0.558740625 0.5151515625 0.6051421875 0.49354531250000006 0.5810046875 0.45819687499999995 0.581975 0.41915625 0.5717171875 0.412496875 0.5113171875 0.4101 0.48173125 0.4261203125 0.47096875000000005 0.43976249999999995 0.4662984375 0.4598984375 0.47200312499999997 0.48200937499999996 0.4944078125 0.5032203125 0.5150406249999999 0.5118546875
0 0.629359375 0.5257703125 0.6244171875 0.5568390625 0.6341703125 0.5838 0.6937156250000001 0.620553125 0.72885 0.6328890625 0.7292765625000001 0.6157109375 0.7446328125 0.5850562499999999 0.7638828125 0.5654984375 0.79346875 0.549478125 0.785759375 0.5241609375 0.790934375 0.4837234375 0.75375625 0.46974218749999996 0.7225140624999999 0.46850312499999996 0.6847140625 0.47950781249999996 0.648725 0.501528125 0.629359375 0.5257703125
0 0.660046875 0.38161093749999997 0.6291546875 0.36631562500000003 0.5895828125 0.36474531250000003 0.5538265625000001 0.37739531249999997 0.5405921874999999 0.406571875 0.5820531250000001 0.4160328125 0.590734375 0.4023078125 0.6140328125 0.3876015625 0.660046875 0.38161093749999997
0 0.41730156249999995 0.7533984375 0.41078125 0.7640828125 0.5533796875 0.7306609374999999 0.5141578124999999 0.7150359374999999 0.47662812499999996 0.715109375 0.4429171875 0.7294031249999999 0.41730156249999995 0.7533984375
0 0.7307 0.6423421874999999 0.7140375 0.64168125 0.688734375 0.6531828125 0.6567937500000001 0.6800531249999999 0.645875 0.699940625 0.64568125 0.7077484375 0.6540125 0.7080796874999999 0.7525999999999999 0.6838546875 0.7307 0.6423421874999999
1 0.3931640625 0.7180500000000001 0.3905765625 0.73826875 0.39851875 0.754215625 0.4108203125 0.7625203125 0.4429546875 0.7278421875000001 0.4871203125 0.7123999999999999 0.5266140625 0.71709375 0.55341875 0.7290984375 0.5743625 0.725240625 0.5499515625 0.7008234375 0.5319843750000001 0.6688468750000001 0.48793593749999997 0.6796046875 0.46298125 0.6770515625 0.4250265625 0.694303125 0.3931640625 0.7180500000000001
1 0.6414375 0.7107078125 0.661153125 0.672409375 0.7204796875 0.6341203125 0.634053125 0.588484375 0.5900828125 0.59611875 0.5582203125 0.619865625 0.5408984375 0.6457531249999999 0.5361890625 0.66745 0.5561234374999999 0.7041953125 0.5743625 0.725240625 0.6414375 0.7107078125
1 0.4738515625 0.4914625 0.444071875 0.5152921874999999 0.439246875 0.541675 0.5083656249999999 0.5287859375 0.554146875 0.532165625 0.5587015625 0.5167140625 0.5212109375 0.5152265625 0.4738515625 0.4914625
1 0.580640625 0.5566640625 0.62095 0.5285624999999999 0.6362281249999999 0.50103125 0.60294375 0.4981484375 0.562828125 0.518440625 0.5561906249999999 0.5338093749999999 0.580640625 0.5566640625
1 0.791090625 0.4774765625 0.8460953124999999 0.44526875 0.8427468749999999 0.412309375 0.8562140625 0.3737640625 0.8046109375 0.3529578125 0.7629171875 0.352865625 0.720834375 0.368390625 0.7057515624999999 0.3881140625 0.6984546875000001 0.43003125000000003 0.7124109375 0.4555953125 0.7330062500000001 0.46579218750000007 0.791090625 0.4774765625
1 0.84825625 0.442228125 0.9046843750000001 0.4366515625 0.908865625 0.3524046875 0.879434375 0.36217968749999996 0.8560187499999999 0.381571875 0.8448671875 0.4108296875 0.84825625 0.442228125
2 0.9136671875 0.24317187499999998 0.844546875 0.2560609375 0.8232546875000001 0.27397343749999997 0.8137187499999999 0.3220546875 0.8419453125 0.3606921875 0.8646609375000001 0.369409375 0.9131859375 0.3463234375 0.9206 0.299721875 0.9136671875 0.24317187499999998
2 0.8037421874999999 0.471725 0.7884249999999999 0.50081875 0.7976734375000001 0.54808125 0.8478921875 0.5406953125 0.8957171875000001 0.54571875 0.9004421875 0.439609375 0.8502609375000001 0.44543437499999994 0.8037421874999999 0.471725
4 0.7080515625 0.4632390625 0.6963328125 0.431509375 0.6991140625 0.40348281249999995 0.6765921875 0.3869578125 0.6181984375 0.387765625 0.58845625 0.41003437500000006 0.5831265625000001 0.45671875 0.5991671875 0.482365625 0.6196828125 0.49568593749999995 0.650925 0.49692499999999995 0.7080515625 0.4632390625
4 0.73511875 0.2970515625 0.7263984375 0.3123375 0.733759375 0.351709375 0.8213890625 0.3489328125 0.8116359375 0.321971875 0.8148453124999999 0.2767671875 0.7815218749999999 0.27544375 0.73511875 0.2970515625
4 0.6222953125 0.5583171874999999 0.6271984374999999 0.5288109375000001 0.5847671875 0.558390625 0.5881171875 0.5913515625 0.6340921875000001 0.5869234375 0.6222953125 0.5583171874999999
