3 0.25014375 0.33065781250000004 0.23548593750000002 0.3453296875 0.2276859375 0.345371875 0.221715625 0.34957343750000003 0.2135125 0.3433609375 0.1994734375 0.3434359375 0.197778125 0.341359375 0.179059375 0.341459375 0.16996875 0.3456765625 0.16908125000000002 0.35610624999999996 0.1649390625 0.36446875 0.1675734375 0.38113281250000003 0.1770671875 0.38316875 0.1816125 0.381059375 0.1848671875 0.3831265625 0.1862921875 0.381034375 0.195653125 0.38098437500000004 0.197346875 0.3830609375 0.2271203125 0.3849875 0.240003125 0.391175 0.262028125 0.41816250000000005 0.2717921875 0.42436562499999997 0.2861 0.428459375 0.3143125 0.43039531249999996 0.3160078125 0.4324703125 0.3283515625 0.43032031249999997 0.3331671875 0.4323796875 0.3345921875 0.43028750000000004 0.3516171875 0.4281125 0.3575875 0.4239109375 0.36538750000000003 0.42386875 0.3851296875 0.41542500000000004 0.41043906249999995 0.39652656249999996 0.41769999999999996 0.3881484375 0.42082031249999996 0.38813125 0.4467484375 0.3546359375 0.457346875 0.325390625 0.45925625 0.306615625 0.46197343750000003 0.300346875 0.46089843750000004 0.28367343749999996 0.4623234375 0.28158125 0.45794218750000004 0.23782031250000002 0.45232031250000004 0.22325625 0.44202031249999996 0.20871562500000002 0.4404609375 0.2087234375 0.438765625 0.2066484375 0.4309671875 0.20668906250000002 0.41657656249999997 0.2255296875 0.3978296875 0.2735828125 0.387715625 0.2861453125 0.371496875 0.3008265625 0.3474796875 0.3155484375 0.32149843749999996 0.324025 0.265340625 0.324321875 0.25014375 0.33065781250000004
3 0.09188125 0.6108765625 0.09855312499999999 0.5691421875 0.1170328125 0.516921875 0.13916875 0.4730203125 0.18180000000000002 0.4081625 0.189815625 0.3872703125 0.18968125 0.3851859375 0.1848671875 0.3831265625 0.1833078125 0.38313437499999997 0.172521875 0.3852765625 0.1677078125 0.3832171875 0.164184375 0.37698125 0.16337812499999999 0.3644765625 0.1672515625 0.351946875 0.1668484375 0.34569375 0.14046406250000001 0.34791875 0.11461718750000001 0.3584796875 0.102675 0.3668828125 0.0807546875 0.3899328125 0.058081249999999994 0.425496875 0.0387953125 0.4652125 0.036346875 0.47565 0.024054687499999998 0.5028203125 0.019293750000000002 0.5257796875 0.0164421875 0.5299640625 0.02450625 0.6550171875 0.04925 0.6757359375 0.0649828125 0.6777375 0.07407343749999999 0.67351875 0.0799109375 0.6672328125 0.0883296875 0.6525937500000001 0.09188125 0.6108765625
3 0.4010453125 0.56545625 0.4204359375 0.575778125 0.431490625 0.5778046875 0.439828125 0.5861 0.44883749999999994 0.604815625 0.45392031250000003 0.61104375 0.4652421875 0.6172390625 0.47460312499999996 0.6171890624999999 0.4788796875 0.6109125 0.48065468750000007 0.5900531250000001 0.46121093750000003 0.5547125 0.45946406250000005 0.5276171875 0.455671875 0.5172125000000001 0.4505890625 0.5109843749999999 0.4501859375 0.5047328125 0.44652812500000005 0.49641250000000003 0.44884218750000004 0.483890625 0.45583437499999996 0.47134375000000006 0.4586328125 0.4421390625 0.46264062499999997 0.43169375 0.47404531250000004 0.41495468750000003 0.488971875 0.40445000000000003 0.48856875000000005 0.3981984375 0.4802328125 0.3899015625 0.467484375 0.38580000000000003 0.4659234375 0.3858078125 0.42705937499999996 0.3880984375 0.41498437499999996 0.3944171875 0.389809375 0.4154 0.3788078125 0.43839218750000003 0.37418125 0.4634359375 0.3736140625 0.503053125 0.3721890625 0.5051453125 0.378615625 0.532215625 0.3908796875 0.553 0.4010453125 0.56545625
2 0.602521875 0.4955859375 0.6267265625 0.5079671875 0.6487 0.5099359375 0.6609109375 0.5057015625 0.6698671875 0.4993984375 0.691653125 0.47426406249999997 0.6943703125 0.4679953125 0.6929734375 0.422134375 0.6838296875000001 0.4013328125 0.6619375 0.3764296875 0.6489203125 0.368159375 0.626678125 0.362021875 0.6251187500000001 0.36203124999999997 0.6034140625 0.36423125 0.5855015625 0.376834375 0.575521875 0.3914828125 0.5715140625 0.40192812499999997 0.5679093749999999 0.41862656249999997 0.5693890625 0.441553125 0.5716203125 0.451965625 0.5806296875 0.47068281250000005 0.5892359375 0.483146875 0.602521875 0.4955859375
5 0.2937703125 0.30540781250000004 0.299121875 0.3158046875 0.30250937499999997 0.31995625 0.310309375 0.3199140625 0.3120046875 0.32199062500000003 0.3134296875 0.3198984375 0.33669375 0.317690625 0.351890625 0.3113546875 0.378759375 0.2924484375 0.3904328125 0.27987656250000004 0.3930140625 0.2715234375 0.38543125 0.2507140625 0.3617109375 0.22164999999999999 0.36015 0.221659375 0.3567625 0.21750625 0.3471328125 0.2133875 0.3268546875 0.2134953125 0.31464375 0.21772968750000002 0.3042625 0.226125 0.29414843749999997 0.2386875 0.28809687500000003 0.26582343750000004 0.289709375 0.290834375 0.29336562499999996 0.2991546875 0.2937703125 0.30540781250000004
5 0.2861859375 0.2845984375 0.2853796875 0.27209374999999997 0.28858125 0.2491421875 0.29971562500000004 0.228234375 0.314509375 0.21564531250000002 0.329840625 0.21139531250000002 0.34699843750000003 0.211303125 0.348425 0.20921093750000003 0.339684375 0.19466250000000002 0.32015937499999997 0.18225625 0.3185984375 0.18226562500000001 0.2983203125 0.18237187500000002 0.28766875000000003 0.1865984375 0.27871250000000003 0.19290156249999998 0.2673078125 0.20964062499999997 0.26227812500000003 0.22843125 0.26295 0.23885312500000003 0.261525 0.2409453125 0.264696875 0.26594843749999997 0.27004843749999996 0.27634375 0.2861859375 0.2845984375
0 0.2808046875 0.32215625000000003 0.28223125 0.3200625 0.283925 0.3221390625 0.29457656249999997 0.3179125 0.29417343749999997 0.3116609375 0.28645468749999997 0.2887671875 0.281371875 0.2825390625 0.2684890625 0.27635312500000003 0.2669296875 0.2763609375 0.256009375 0.27641875 0.23212656250000002 0.29322499999999996 0.22357187500000003 0.3057796875 0.21996875 0.322478125 0.22090937500000002 0.33706718750000003 0.22273749999999998 0.341228125 0.2367765625 0.341153125 0.24546406250000002 0.3306828125 0.2605265625 0.3222625 0.2808046875 0.32215625000000003
0 0.4695046875 0.2961375 0.46509375000000003 0.3003296875 0.46046718750000004 0.32537343750000003 0.46323593750000003 0.3441234375 0.46662499999999996 0.348275 0.4708203125 0.3649328125 0.48674062500000004 0.3940375 0.49494375 0.4002484375 0.4994890625 0.398140625 0.5228875000000001 0.398015625 0.5373296875 0.40419375 0.5498093749999999 0.404128125 0.5616171875 0.393640625 0.5699015625 0.37691718750000003 0.5743125 0.37272500000000003 0.57404375 0.36855625000000003 0.5781859375 0.36019375 0.5773796875 0.3476890625 0.57189375 0.3352078125 0.5710875 0.322703125 0.5651984375 0.3039703125 0.5624281250000001 0.2852203125 0.5570765625 0.2748234375 0.543925 0.26446875 0.542365625 0.26447656249999996 0.5358562499999999 0.2603421875 0.5232421875 0.2583234375 0.5218171875000001 0.260415625 0.5108984375000001 0.2604734375 0.5033671875 0.26468437499999997 0.4971265625 0.2647171875 0.4851859375 0.2731203125 0.4794828125 0.2814890625 0.4735125 0.28569062500000003 0.4695046875 0.2961375
1 0.4863859375 0.5337296874999999 0.5138453125 0.548178125 0.535684375 0.5480625 0.5585453125 0.539603125 0.57164375 0.5249390625 0.5728015625 0.518678125 0.577078125 0.5124 0.5752484375 0.508240625 0.5810328124999999 0.47693593749999996 0.5701953125 0.4540578125 0.567559375 0.43739375 0.5603796875 0.42283593750000004 0.5326500000000001 0.40421874999999996 0.5169171875 0.40221718749999996 0.515221875 0.4001421875 0.5136625 0.40015 0.49507812500000004 0.40233281249999997 0.48001562499999995 0.410753125 0.47417968750000006 0.41703906249999995 0.460059375 0.440046875 0.4589546875 0.4713265625 0.4606484375 0.47340312500000004 0.4636875 0.496321875 0.4691734375 0.5088015625 0.47452500000000003 0.5191984374999999 0.4863859375 0.5337296874999999
1 0.6210203125 0.6372625000000001 0.6412984374999999 0.63715625 0.6485609375 0.628778125 0.6552859375 0.6120625000000001 0.6707796874999999 0.5619421874999999 0.6701078125000001 0.5515203125 0.6715328125 0.549428125 0.6606953125 0.5265515625 0.6505296875 0.5140953125000001 0.6253015625 0.510059375 0.6187921875 0.505925 0.6172328125 0.5059328125 0.5983796875 0.503946875 0.5835859375 0.5165359375 0.577884375 0.5249046875000001 0.5712937499999999 0.5437046875 0.569921875 0.570815625 0.571615625 0.5728921875 0.5722875000000001 0.5833125 0.5797375 0.6020375 0.5934265625 0.6207296875 0.6210203125 0.6372625000000001
1 0.2526359375 0.587090625 0.2545984375 0.5933359375 0.26775000000000004 0.603690625 0.286253125 0.6244421874999999 0.2910671875 0.6265015625 0.311346875 0.62639375 0.3325140625 0.6158578125 0.3338046875 0.6116796875 0.3456125 0.60119375 0.3481953125 0.5928390625 0.35260625 0.588646875 0.361778125 0.56149375 0.362396875 0.5468953125 0.3649796875 0.5385421874999999 0.35984375 0.5072953124999999 0.35266406250000004 0.4927390625 0.34419218749999997 0.482359375 0.3085296875 0.4617 0.30696875 0.4617078125 0.289540625 0.4576296875 0.288115625 0.45972187499999995 0.2678359375 0.4598296875 0.261865625 0.46403125 0.2533125 0.4765859375 0.2437375 0.49748593750000003 0.23639375 0.5287984375 0.23854375 0.562146875 0.24416406249999997 0.5767109375 0.2526359375 0.587090625
0 0.19543125 0.5227609375 0.2062171875 0.52061875 0.219234375 0.5288906250000001 0.23171406249999998 0.5288234375 0.2384375 0.512109375 0.2420421875 0.4954109375 0.2654703125 0.4473328125 0.2645296875 0.43274375000000004 0.2572140625 0.41610312499999996 0.23857656249999998 0.3932671875 0.2289484375 0.3891484375 0.2273890625 0.38915625 0.206975 0.3871796875 0.20528125 0.385103125 0.19449531250000002 0.3872453125 0.1679484375 0.43533906250000004 0.15511875 0.454171875 0.1525359375 0.462525 0.15530625 0.481275 0.159096875 0.4916796875 0.165875 0.4999828125 0.19543125 0.5227609375
1 0.15772031250000002 0.6397171875 0.16355625000000001 0.63343125 0.1660046875 0.62299375 0.1816859375 0.5999765625 0.1981734375 0.5894640625 0.20387499999999997 0.5810953125 0.20503125 0.574834375 0.20368750000000002 0.5539921875 0.196103125 0.5331828125 0.1825484375 0.516575 0.167703125 0.50414375 0.15638125 0.4979484375 0.1548203125 0.4979578125 0.132846875 0.49598906249999997 0.12843593749999999 0.50018125 0.105278125 0.5524281249999999 0.0958890625 0.60043125 0.09642656250000001 0.6087671875 0.100084375 0.6170875 0.116759375 0.6336796875 0.127678125 0.633621875 0.14836093749999998 0.6397671875000001 0.15772031250000002 0.6397171875
1 0.1165375 0.77545625 0.12121718749999999 0.77543125 0.124203125 0.7733296875 0.123934375 0.7691625 0.1202765625 0.7608406249999999 0.1177234375 0.721240625 0.12003749999999999 0.70871875 0.13606875000000002 0.6669359375 0.1444875 0.652296875 0.1504578125 0.6480953125 0.145375 0.6418671875 0.1405609375 0.6398078125 0.1390015625 0.639815625 0.117028125 0.6378484375 0.0988453125 0.646284375 0.09145 0.652578125 0.0803140625 0.6734859375 0.07020156250000001 0.6860484375 0.067134375 0.711084375 0.068209375 0.7277578124999999 0.0722703125 0.74233125 0.095453125 0.7630578125 0.1165375 0.77545625
1 0.11982187500000001 0.7295703125 0.11839531249999999 0.7316625 0.121703125 0.7587484375 0.1307125 0.7774656249999999 0.1479234375 0.80239375 0.15104375 0.8023765624999999 0.159515625 0.81275625 0.1626359375 0.812740625 0.17748124999999998 0.825171875 0.18880468749999998 0.8313656249999999 0.2075234375 0.8312671875 0.22129374999999998 0.8270234375 0.2241453125 0.8228390624999999 0.2421921875 0.81231875 0.253596875 0.7955796875 0.264059375 0.76425 0.2672609375 0.7412984375 0.26556718749999997 0.7392218749999999 0.2669921875 0.7371296875 0.2652453125 0.7100359375 0.2590875 0.6871343750000001 0.24512968750000003 0.6642734375 0.23014843749999997 0.6497578125000001 0.21557187500000002 0.6414953125 0.207771875 0.6415375 0.20607812499999997 0.6394609375 0.20451875 0.63946875 0.1842390625 0.6395765625000001 0.1828140625 0.64166875 0.161109375 0.64386875 0.14306093749999998 0.6543890625000001 0.13606875000000002 0.6669359375 0.1337546875 0.6794578125 0.12934375 0.6836515624999999 0.12315625 0.708703125 0.11901406249999999 0.7170640625 0.11982187500000001 0.7295703125
1 0.351684375 0.7679546875 0.3834734375 0.8011453124999999 0.40781406249999996 0.8156109375 0.431346875 0.817571875 0.4702921875 0.792346875 0.47456875 0.78606875 0.4873453125 0.7422171875 0.4854640625 0.7130390625 0.481134375 0.694296875 0.46650468749999996 0.661015625 0.4478671875 0.6381796875 0.4314625 0.6257578125000001 0.4185796875 0.6195703124999999 0.41701875 0.6195796875 0.4044046875 0.6175609375 0.40297968749999996 0.6196531249999999 0.3936203125 0.619703125 0.3683109375 0.6386015625 0.348353125 0.6678968750000001 0.33877812500000004 0.688796875 0.3337484375 0.7075875 0.3353609375 0.7325984375 0.34294375 0.7534078125 0.351684375 0.7679546875
1 0.2166671875 0.8520671875 0.2266984375 0.8624390625 0.2626296875 0.8872687499999999 0.276803125 0.889278125 0.28705156249999997 0.8787984375000001 0.2896328125 0.8704453125 0.29114062500000004 0.84541875 0.3003125 0.8182656250000001 0.31158281250000003 0.7994421875 0.3137609375 0.7848359375 0.308678125 0.7786078125 0.2957953125 0.772421875 0.28549531250000004 0.75788125 0.27885312500000003 0.7516625 0.2757328125 0.751678125 0.27065 0.7454500000000001 0.27078437499999997 0.7475343750000001 0.26535156249999997 0.7600734375 0.2607234375 0.7851171875 0.2493203125 0.8018562499999999 0.2467375 0.810209375 0.223121875 0.831184375 0.22183125 0.8353609375 0.21728593749999997 0.8374703125 0.213009375 0.8437468750000001 0.2163984375 0.8478999999999999 0.2166671875 0.8520671875
0 0.23991250000000003 0.6559609375 0.251771875 0.6704921875000001 0.25881875 0.682965625 0.2636328125 0.685025 0.2725359375 0.653703125 0.2810890625 0.6411484375 0.2900453125 0.634846875 0.2897765625 0.630678125 0.26632500000000003 0.6057828125 0.25161406249999996 0.5954359375 0.2431421875 0.5850562499999999 0.24158125 0.5850640625 0.222728125 0.5830796874999999 0.221303125 0.585171875 0.213503125 0.5852140625 0.2012921875 0.5894484375 0.1848046875 0.599959375 0.1676984375 0.6250703125 0.16552031250000002 0.6396765624999999 0.20112968750000002 0.6353171875 0.22025156250000003 0.6414703125 0.23991250000000003 0.6559609375
0 0.4889875 0.719275 0.49006249999999996 0.7359484375 0.4937203125 0.74426875 0.49710937499999996 0.7484203125 0.51480625 0.7566671875 0.5306734375 0.760753125 0.543153125 0.7606859375 0.550684375 0.7564765625 0.5569234375 0.7564437500000001 0.5597749999999999 0.7522593750000001 0.568865625 0.748040625 0.57884375 0.7333937500000001 0.5884203125 0.7124937499999999 0.594740625 0.6895249999999999 0.5935312500000001 0.6707671875 0.583715625 0.6395453125 0.5731468750000001 0.6208375 0.5545093750000001 0.5980015625 0.5348499999999999 0.5835109375 0.5189812500000001 0.579425 0.5174218749999999 0.5794343750000001 0.494290625 0.5837265625 0.48377499999999996 0.5900359374999999 0.4800359375 0.6046515625 0.48057343750000003 0.6129875 0.4689 0.625559375 0.46631718749999995 0.6339125 0.46454218750000004 0.654771875 0.46793125 0.6589234375 0.48269531250000003 0.6942890625 0.4889875 0.719275
0 0.2999859375 0.9100046875000001 0.30845781250000004 0.920384375 0.36262343750000003 0.9617953124999999 0.37354375 0.9617374999999999 0.391725 0.9533015625000001 0.40624843750000006 0.9365453125000001 0.40883125 0.9281921875 0.40695 0.8990140625 0.40837500000000004 0.8969203125 0.4093453125 0.86355625 0.42110000000000003 0.82805 0.42083125 0.8238828125 0.4015734375 0.8156453125 0.3803546875 0.8011625 0.35703593749999996 0.7783515624999999 0.3554765625 0.778359375 0.3445578125 0.7784171875 0.3309203125 0.7847453125 0.31456875 0.797340625 0.299290625 0.8266109374999999 0.293103125 0.8516625 0.294178125 0.8683359375 0.292753125 0.8704296875 0.294446875 0.8725046875 0.2959265625 0.89543125 0.2999859375 0.9100046875000001
4 0.332078125 0.778484375 0.3409 0.770096875 0.343615625 0.7638281250000001 0.3364359375 0.749271875 0.334203125 0.738859375 0.332053125 0.7055109374999999 0.33450156249999996 0.6950734375 0.3508015625 0.657459375 0.345584375 0.649146875 0.31955 0.6326046875 0.317990625 0.6326140625 0.294725 0.634821875 0.278371875 0.6474171875 0.267775 0.6766625000000001 0.26885 0.6933359375 0.2750078125 0.7162390624999999 0.278396875 0.7203906250000001 0.2936984375 0.7640921875 0.29878125 0.7703203125 0.31010468750000003 0.776515625 0.332078125 0.778484375
5 0.5251578125 1.0 0.5301265625 0.9942671875 0.542284375 0.9650140625000001 0.55621875 0.9149015625000001 0.5526421874999999 0.8836468749999999 0.5394390625 0.8482734375 0.52053125 0.82126875 0.5041265625 0.8088468750000001 0.502565625 0.8088546875 0.4960578125 0.8047187499999999 0.4787640625 0.8027265625 0.4770703125 0.8006500000000001 0.46316406250000003 0.802809375 0.4509546875 0.8070437500000001 0.43616093749999996 0.8196312499999999 0.43005625 0.8217484374999999 0.4200765625 0.8363953125 0.4121953125 0.8593718750000001 0.40966718750000003 0.89274375 0.4126234375 0.938596875 0.41472031249999997 0.946925 0.425559375 0.969803125 0.4340296875 0.9801828125000001 0.45469687499999994 1.0 0.5251578125 1.0
2 0.5483125 0.86490625 0.5585328125 0.9023796875000001 0.5613828125 0.8981953125000001 0.57870625 0.8522343749999999 0.57959375 0.84180625 0.582309375 0.8355359375000001 0.581503125 0.82303125 0.5653140624999999 0.7897578125 0.5551484375 0.777303125 0.542265625 0.771115625 0.5266656249999999 0.7711984375000001 0.5249718750000001 0.769121875 0.5204265625 0.77123125 0.51873125 0.76915625 0.5173062500000001 0.7712484374999999 0.5048265625 0.7713140625 0.489765625 0.779734375 0.4797859375 0.79438125 0.4800546875 0.79855 0.491109375 0.8005765625000001 0.5039921875 0.8067624999999999 0.5154484375 0.8150421874999999 0.52886875 0.8295656250000001 0.5391703125 0.8441046875 0.5483125 0.86490625
