2 0.4547671875 0.637575 0.459975 0.6315500000000001 0.471615625 0.6049265625 0.4806609375 0.5719093749999999 0.4766796875 0.5633609374999999 0.46091718750000005 0.5458968750000001 0.44878437499999996 0.54114375 0.44722343750000004 0.5410703125 0.4281484375 0.5443515624999999 0.413228125 0.5541 0.3991671875 0.5722484375 0.393259375 0.5866015625000001 0.39254218750000003 0.6137406249999999 0.3947859375 0.624296875 0.40015156249999995 0.6350015625000001 0.41332031249999995 0.6460734375 0.43516562499999994 0.647103125 0.4547671875 0.637575
2 0.27471718749999996 0.9154453124999999 0.3005765625 0.8874015625 0.3033640625 0.8729015625000001 0.3012953125 0.8602624999999999 0.30148593749999997 0.8393703125 0.2990671875 0.8308953125 0.2850390625 0.811421875 0.26406874999999996 0.7999828124999999 0.262509375 0.799909375 0.23736562499999997 0.8008140625 0.22400625000000002 0.8106359375000001 0.2040375 0.8431374999999999 0.2019359375 0.8681203125 0.20521562499999998 0.884996875 0.21473593750000003 0.9021671874999999 0.2294640625 0.9133125 0.24454375 0.9202937500000001 0.2648296875 0.92125 0.27471718749999996 0.9154453124999999
2 0.3368171875 0.8849296875 0.348425 0.895928125 0.3567359375 0.9088609375000001 0.3605421875 0.9194906250000001 0.3636625 0.9196375 0.374953125 0.8971781249999999 0.3838234375 0.86624375 0.38747031249999997 0.8601453125 0.3879953125 0.8538984375 0.379509375 0.8430484375 0.3647796875 0.831903125 0.36322031250000003 0.8318296875 0.357328125 0.8273703125 0.34640624999999997 0.82685625 0.33513125 0.8305046875000001 0.31863437499999997 0.858990625 0.313603125 0.8629328125000001 0.306309375 0.8751312499999999 0.305959375 0.8792953125 0.30734531249999997 0.8814500000000001 0.3323125 0.8826265624999999 0.3368171875 0.8849296875
0 0.289284375 0.51899375 0.296228125 0.5109609374999999 0.3063078125 0.4842640625 0.306675 0.4612890625 0.2987140625 0.4441921875 0.27982968750000003 0.4265796875 0.2663125 0.41967187499999997 0.2647515625 0.41959843750000003 0.244290625 0.42072343749999996 0.23734843749999998 0.42875781249999995 0.22865312499999998 0.4576109375 0.221009375 0.473971875 0.2196078125 0.490628125 0.22739375 0.50980625 0.2362296875 0.51649375 0.2497484375 0.5234015624999999 0.274715625 0.524578125 0.289284375 0.51899375
0 0.258484375 1.0 0.2616421875 0.9963468750000001 0.2621671875 0.9901015624999999 0.26563906249999997 0.9860843750000001 0.2632359375 0.9587984374999999 0.2648125 0.9400609375 0.269334375 0.923553125 0.245928125 0.9224484374999999 0.2292890625 0.91539375 0.2220125 0.90878125 0.2204515625 0.90870625 0.2190671875 0.9065515625 0.20814375 0.9060359375000001 0.19599375000000002 0.9200953125 0.18608906249999999 0.9447109375 0.18519687499999998 0.97393125 0.19124687499999998 0.9951187499999999 0.1955125 1.0 0.258484375 1.0
0 0.0746140625 0.9290046875 0.0858875 0.9253562499999999 0.10254218749999999 0.9136 0.11469218750000001 0.899540625 0.12789375 0.8729906250000001 0.1287859375 0.8437703125 0.1223859375 0.8267468750000001 0.10991875 0.807346875 0.10835781250000001 0.8072734374999999 0.10246718749999999 0.802815625 0.0870375 0.7999984375 0.064315625 0.809378125 0.036545312499999996 0.8415125 0.0252546875 0.8639718750000001 0.023678125 0.8827093749999999 0.0248875 0.8869468749999999 0.041159375 0.9169765625 0.054503125 0.9259671875000001 0.0746140625 0.9290046875
0 0.3006265625 0.83096875 0.30408124999999997 0.8457625 0.304240625 0.8624921875 0.3071859375 0.8647203125 0.31898593750000004 0.8548265625000001 0.333746875 0.82835 0.33463906250000003 0.799128125 0.32581875 0.77363125 0.3261703125 0.7694671875 0.3220140625 0.763 0.3026046875 0.751634375 0.30104375 0.7515609375000001 0.2901203125 0.7510453125 0.283528125 0.754915625 0.278846875 0.7546953125 0.2590703125 0.7663031250000001 0.244834375 0.786534375 0.24239843749999998 0.7968703125000001 0.26424375 0.7979 0.27637812500000003 0.802653125 0.2895453125 0.813725 0.3006265625 0.83096875
0 0.2352046875 0.6962015625 0.241446875 0.696496875 0.2485640625 0.6863812499999999 0.249090625 0.680134375 0.23055625000000002 0.6583593750000001 0.2281359375 0.649884375 0.2295375 0.6332296875 0.23891718750000002 0.614859375 0.2508921875 0.6028828125000001 0.252803125 0.5987921875 0.2498578125 0.5965625 0.248296875 0.5964890625 0.2276609375 0.599696875 0.212740625 0.6094453125 0.20579843750000001 0.617478125 0.2026609375 0.6361421875 0.189459375 0.6626921875 0.1885828125 0.673103125 0.195159375 0.6880437500000001 0.20643281249999998 0.6843953125 0.223596875 0.6852046875 0.2352046875 0.6962015625
0 0.1071390625 0.6170078125 0.10696406249999998 0.619090625 0.097234375 0.6416234375000001 0.09530625000000001 0.664525 0.10135625 0.6857125 0.11001875000000001 0.69448125 0.1147 0.6947015624999999 0.14124375 0.6771421875 0.11837968750000001 0.65098125 0.11232968750000001 0.6297937499999999 0.11164531250000001 0.6193109375 0.1071390625 0.6170078125
5 0.2218359375 0.5199953125000001 0.2230625 0.505421875 0.21804687500000003 0.49055312500000003 0.2194484375 0.47389843750000005 0.22900312500000003 0.453446875 0.23352656249999998 0.43693906250000003 0.23231562499999997 0.43270156249999997 0.22191875 0.42594062499999996 0.2203578125 0.4258671875 0.2028421875 0.429221875 0.19104375 0.439115625 0.182190625 0.45124062499999995 0.17610625 0.467675 0.17417968749999999 0.4905765625 0.178334375 0.49704218750000007 0.19600937499999999 0.5104171875 0.2057046875 0.5255046875 0.2103875 0.5257265624999999 0.2218359375 0.5199953125000001
5 0.326703125 0.5583812499999999 0.3625921875 0.5600734375 0.36346875 0.5496640625 0.3610484375 0.5411890625 0.36245 0.5245328125000001 0.374090625 0.497909375 0.36855000000000004 0.4892875 0.35815312499999996 0.48252656250000003 0.3565921875 0.482453125 0.33630625 0.48149687500000005 0.3248578125 0.487228125 0.3113234375 0.49913125 0.30159375 0.5216640625 0.3005421875 0.53415625 0.29880625 0.5361640624999999 0.3014015625 0.5425578125 0.3100640625 0.5513265625 0.319075 0.55593125 0.326703125 0.5583812499999999
5 0.2757265625 0.7545468750000001 0.2949765625 0.749184375 0.3027796875 0.7495515625 0.3062515625 0.7455359374999999 0.312334375 0.7291000000000001 0.31582187500000003 0.7062734374999999 0.3021453125 0.6826359375 0.298690625 0.6678421875 0.294359375 0.6634578125 0.29262343749999997 0.6654656250000001 0.2796140625 0.6711234375 0.262959375 0.6828796875 0.25342031249999997 0.6845203125 0.2482140625 0.6905453125000001 0.24230625 0.704896875 0.24174687499999997 0.748765625 0.25109375 0.7680171875 0.255775 0.7682390625 0.26098125 0.7622140625 0.2757265625 0.7545468750000001
5 0.3370890625 1.0 0.359140625 0.936146875 0.36036718749999996 0.9215734375 0.34825 0.898009375 0.33213593750000003 0.8847093750000001 0.3305765625 0.8846359375 0.30543437500000004 0.885540625 0.2950203125 0.897590625 0.2901625 0.8994515625 0.27280625000000003 0.9195359375000001 0.2665484375 0.938053125 0.2647953125 0.958871875 0.26755 0.98199375 0.2711796875 0.9947062499999999 0.27458125 1.0 0.3370890625 1.0
1 0.11862187500000002 0.5736546875 0.12589843750000002 0.58026875 0.137696875 0.5703734375 0.147409375 0.5666515624999999 0.1708171875 0.5677546875 0.1767078125 0.5722125 0.1891921875 0.5728015625 0.196134375 0.56476875 0.202409375 0.527440625 0.19998906249999998 0.518965625 0.1856109375 0.5036562499999999 0.17226875 0.4946671875 0.1707078125 0.4945921875 0.155278125 0.49177499999999996 0.15354375 0.493784375 0.14417968750000001 0.4933421875 0.1259640625 0.5050250000000001 0.12231718750000001 0.5111234375 0.1177953125 0.52763125 0.1191796875 0.5297875000000001 0.11483281249999999 0.5442140625 0.11395625000000001 0.5546234375 0.11862187500000002 0.5736546875
5 0.15078125 0.6755015625 0.172803125 0.6744484374999999 0.18095624999999999 0.6706531250000001 0.1878984375 0.66261875 0.19918906249999999 0.640159375 0.2030265625 0.6131671875 0.199396875 0.6004546875 0.188140625 0.5852937500000001 0.17791875 0.57645 0.1763578125 0.5763765624999999 0.16596093750000002 0.569615625 0.1487953125 0.5688078125 0.1390828125 0.5725296875 0.12207656250000001 0.58845 0.112696875 0.60681875 0.1125046875 0.6277125 0.119940625 0.6510546875000001 0.1370890625 0.670675 0.149046875 0.677509375 0.15078125 0.6755015625
1 0.329690625 0.7090171875 0.342175 0.7096046874999999 0.3666328125 0.6982171875 0.377046875 0.6861671874999999 0.385390625 0.661478125 0.3869671875 0.642740625 0.3840390625 0.6216999999999999 0.375903125 0.6066859375 0.3608234375 0.5997046874999999 0.3592640625 0.5996296875 0.3502515625 0.5950249999999999 0.329965625 0.59406875 0.3233734375 0.5979390625 0.3075765625 0.6180953125 0.3037546875 0.6262765625 0.2988828125 0.6469484375000001 0.29800625 0.6573578125 0.3024953125 0.678471875 0.3134015625 0.6977984375 0.329690625 0.7090171875
1 0.24847187499999998 0.5944078125 0.253503125 0.5904640624999999 0.2538546875 0.5863 0.24641875 0.5629578125 0.24678593750000002 0.5399828125 0.24124531249999998 0.5313609375 0.23102343749999998 0.5225187499999999 0.22946249999999999 0.5224453125 0.2265171875 0.520215625 0.2216609375 0.5220765625 0.211771875 0.52788125 0.20482968750000002 0.535915625 0.1975203125 0.5669234375000001 0.20392031249999998 0.583946875 0.2139671875 0.594871875 0.229396875 0.5976890625 0.239109375 0.5939671875 0.24847187499999998 0.5944078125
1 0.41756875000000004 0.7445125 0.42242499999999994 0.7426515625000001 0.4293671875 0.7346171874999999 0.442409375 0.6913375 0.445721875 0.6705921874999999 0.44035624999999995 0.6598890625 0.4285734375 0.650971875 0.4082890625 0.650015625 0.4055171875 0.6457046875 0.4006609375 0.647565625 0.3994515625 0.643328125 0.4011875 0.6413203125 0.3984171875 0.637009375 0.39668125 0.6390171875 0.392859375 0.6471984375 0.39406875 0.6514359375 0.384865625 0.6677234375000001 0.382078125 0.6822234375 0.37843125 0.688321875 0.37564375 0.7028218749999999 0.3787484375 0.72178125 0.3882703125 0.7389515624999999 0.39728281249999997 0.7435562499999999 0.41756875000000004 0.7445125
1 0.1483546875 0.8718656250000001 0.1533859375 0.8679218750000001 0.1518421875 0.8490375 0.15306875 0.8344640625 0.159328125 0.8159468750000001 0.18068125 0.7856 0.1770515625 0.7728890625 0.16302343749999998 0.7534156249999999 0.1614640625 0.7533421875 0.14256249999999998 0.754540625 0.1311140625 0.760271875 0.120875 0.770240625 0.111671875 0.786528125 0.11009374999999999 0.805265625 0.119965625 0.818271875 0.1291375 0.8396062499999999 0.13138125 0.8501625 0.13136562499999999 0.8689734375 0.1483546875 0.8718656250000001
1 0.1044609375 0.7046703125 0.10810781249999998 0.6985718750000001 0.106546875 0.6984984375 0.10065625 0.694040625 0.09285312500000001 0.6936718749999999 0.0800203125 0.697246875 0.07013125 0.7030515625 0.049128125 0.729234375 0.04513125 0.739496875 0.0440796875 0.7519890625000001 0.045640625000000004 0.7520625 0.0694140625 0.730190625 0.1044609375 0.7046703125
1 0.2036375 0.903734375 0.2090203125 0.8956265625000001 0.20140937499999997 0.874365625 0.20230312499999997 0.8451453125 0.20942031249999998 0.8350296875 0.215328125 0.8206765624999999 0.2292140625 0.8046093750000001 0.23580625 0.8007406250000001 0.23199999999999998 0.790109375 0.2247234375 0.783496875 0.22316406249999998 0.7834234375 0.221778125 0.7812671875 0.20149218750000003 0.7803109375 0.1820671875 0.7877562499999999 0.164709375 0.8078406250000001 0.1548046875 0.8324546875 0.153228125 0.8511921875 0.15754218749999999 0.8743890625 0.176075 0.8961640624999999 0.1864734375 0.902925 0.2036375 0.903734375
1 0.1728875 0.9712609375 0.181390625 0.9633015625000001 0.1848796875 0.9404734375 0.2001671875 0.9077500000000001 0.19080312500000002 0.907309375 0.17156875 0.8938609375000001 0.1687984375 0.8895500000000001 0.1672390625 0.8894765625 0.15892656249999998 0.8765437500000001 0.1542453125 0.8763234375 0.14209687499999998 0.8903812500000001 0.1363640625 0.902653125 0.1332265625 0.9213171875 0.1339109375 0.9318 0.13701406249999998 0.9507578125 0.1453265625 0.9636906249999999 0.1604046875 0.9706718750000001 0.1728875 0.9712609375
4 0.3060171875 0.6180218749999999 0.3067171875 0.6096953125 0.28956875000000004 0.590075 0.288009375 0.5900015625 0.2770859375 0.5894859375 0.252628125 0.600875 0.23874218749999998 0.616940625 0.23109843749999998 0.6333031250000001 0.23073125 0.6562781249999999 0.2376578125 0.6670546875000001 0.249265625 0.678053125 0.26313437500000003 0.680796875 0.2914140625 0.6612281249999999 0.3060171875 0.6180218749999999
4 0.4243421875 0.533721875 0.41066562500000003 0.510084375 0.392465625 0.50295625 0.39090625 0.5028828125 0.3751265625 0.5042296875 0.36991874999999996 0.5102546875 0.3641859375 0.522525 0.361575 0.5349437499999999 0.36709843750000004 0.5623765625 0.3818265625 0.573521875 0.395871875 0.5741828124999999 0.4116671875 0.5540265625 0.4234671875 0.5441312500000001 0.4243421875 0.533721875
4 0.318209375 0.7523703125 0.32911562499999997 0.7716953125 0.33830312500000004 0.77421875 0.34315937500000004 0.7723578125 0.34454375000000004 0.7745124999999999 0.35616875000000003 0.7666999999999999 0.3705796875 0.7443875 0.36919375 0.7422328125 0.3712796875 0.736059375 0.3698953125 0.7339046875 0.37077187500000003 0.7234953125 0.3681765625 0.7171015625 0.3700875 0.7130109375 0.36610624999999997 0.7044625 0.364546875 0.7043890625 0.35986406249999997 0.70416875 0.343559375 0.7117609375 0.3309 0.7132546875 0.329515625 0.7110984375 0.32604375 0.7151156249999999 0.3274296875 0.717271875 0.321871875 0.727459375 0.316665625 0.7334859375 0.3157890625 0.7438953125000001 0.318209375 0.7523703125
4 0.237240625 0.7464625 0.239853125 0.7340453124999999 0.238309375 0.7151609375 0.23329375 0.7002921875 0.2248078125 0.689440625 0.22324687499999998 0.6893671875 0.20781718749999997 0.68655 0.19654375 0.6902 0.17224375 0.7183171875000001 0.1684234375 0.726496875 0.1652859375 0.7451609375 0.1675296875 0.7557171874999999 0.1813828125 0.7772734375 0.1952515625 0.7800171875 0.21450156250000002 0.774653125 0.237240625 0.7464625
4 0.39877656250000004 0.8188734375 0.4144140625 0.7819875 0.415290625 0.771578125 0.4076625 0.769128125 0.4003859375 0.7625140625 0.3988265625 0.762440625 0.392934375 0.7579828125 0.3757703125 0.7571734375 0.369178125 0.76104375 0.35876406250000004 0.7730937499999999 0.35268125 0.789528125 0.35266406250000004 0.8083390625 0.35629374999999996 0.8210515624999999 0.38852031249999996 0.8476531250000001 0.393903125 0.8395453125 0.39877656250000004 0.8188734375
3 0.0 0.8723984375 0.01711875 0.8489578124999999 0.035159375 0.83935625 0.0629296875 0.807221875 0.0893 0.79174375 0.097978125 0.7817015625 0.1600953125 0.732375 0.1915125 0.6941421875 0.190653125 0.685740625 0.1837265625 0.6749640625 0.182165625 0.674890625 0.1568484375 0.6778765625000001 0.15511250000000001 0.6798859375 0.14418906250000002 0.6793703125 0.1341265625 0.68725625 0.12770937499999999 0.6890453125 0.1094921875 0.7007265625 0.10255 0.7087609375 0.089365625 0.7165 0.0791265625 0.72646875 0.070975 0.7302640625000001 0.047025 0.7542171875 0.0404328125 0.7580875 0.0124875 0.792303125 0.006404687500000001 0.8087375 0.0081234375 0.825540625 0.0 0.834940625 0.0 0.8723984375
3 0.30550781250000003 0.6054578125 0.3115734375 0.6078328125 0.32025312499999997 0.5977921875 0.33014062499999997 0.5919875 0.34435937499999997 0.5905671875 0.3563171875 0.5974015625 0.3701859375 0.6001453125 0.386125 0.615528125 0.39098125 0.6136671875 0.39133125 0.609503125 0.389946875 0.607346875 0.392225 0.5802828124999999 0.3908390625 0.5781265624999999 0.38009218749999996 0.5755296875 0.363978125 0.5622296875 0.3481984375 0.5635749999999999 0.3468125 0.5614203125 0.3280875 0.5605375 0.312834375 0.5556375 0.28390312500000003 0.5271015625000001 0.25113281249999997 0.52555625 0.23900000000000002 0.5208046875 0.22721718750000003 0.5118875 0.2270421875 0.5139703124999999 0.228253125 0.5182078125 0.2370890625 0.5248953125 0.24955625 0.54429375 0.2490140625 0.5693515625 0.25264375 0.5820624999999999 0.2595703125 0.592840625 0.267371875 0.5932078125 0.2772609375 0.5874046875000001 0.28974375 0.5879921875 0.30550781250000003 0.6054578125
