2 0.6637171875 0.40185000000000004 0.6606124999999999 0.383175 0.658446875 0.38168125 0.6575953125 0.3660625 0.6595921875 0.3644328125 0.6572546874999999 0.35981562500000003 0.6621374999999999 0.3346234375 0.6660453125 0.32980312500000003 0.669528125 0.317175 0.6370265625 0.2947546875 0.6265328125 0.29352812500000003 0.61795 0.2891125 0.6117046875 0.2893140625 0.596878125 0.28509843749999997 0.5657375 0.28766875000000003 0.5309453125 0.29974531249999997 0.51280625 0.3112828125 0.49492343749999995 0.32750625 0.47772031249999997 0.356225 0.47780468750000005 0.3577859375 0.4774265625 0.389090625 0.4798484375 0.3952703125 0.4866890625 0.40600312499999996 0.512946875 0.42862343750000004 0.5257765625 0.4344671875 0.5532640625 0.441403125 0.59689375 0.43842968750000005 0.621534375 0.43137499999999995 0.64774375 0.4148828125 0.6637171875 0.40185000000000004
2 0.5479734374999999 0.0 0.550971875 0.055018750000000005 0.646728125 0.051926562499999995 0.6438984375000001 0.0 0.5479734374999999 0.0
0 0.543034375 0.521528125 0.513465625 0.5146609375 0.4968125 0.5151984374999999 0.4599375 0.527340625 0.4398015625 0.5405078125 0.42799375 0.55340625 0.4129578125 0.5836187500000001 0.4130421875 0.58518125 0.41164218750000003 0.59774375 0.41865312499999996 0.6115984375 0.43156875 0.6190046875 0.4384953125 0.631296875 0.442828125 0.6342859375 0.455403125 0.6354453125 0.5762171875 0.5564421875 0.5818671875 0.5453078125 0.5666140625 0.533284375 0.543034375 0.521528125
0 0.6987265625 0.4320125 0.674890625 0.41557187500000003 0.6681359375 0.4064015625 0.666053125 0.40646875 0.6276937499999999 0.4296125 0.6217890625 0.4360609375 0.616225 0.44875781249999996 0.6163109375 0.4503203125 0.6071796875000001 0.474084375 0.60611875 0.49289375 0.6156375 0.514490625 0.6223078125 0.5220984375 0.626471875 0.5219640625 0.719078125 0.46108281250000005 0.741040625 0.4431625 0.7282953125 0.43888125 0.7093890625 0.4363625 0.6987265625 0.4320125
0 0.5116453125 0.1752 0.5049750000000001 0.1675921875 0.497453125 0.144365625 0.4820296875 0.1292171875 0.46252812499999996 0.11576562500000001 0.44778593750000006 0.11311249999999999 0.418728125 0.115615625 0.384190625 0.13237656250000002 0.3643953125 0.151790625 0.35700625 0.16924062499999998 0.357090625 0.170803125 0.36270156249999996 0.19721875 0.371709375 0.20944531249999998 0.39363281250000004 0.22907812500000002 0.4170421875 0.23770937499999997 0.42953125 0.23730625 0.452175 0.23188124999999998 0.46555468749999995 0.20954375 0.477534375 0.1997703125 0.49176562500000004 0.1930515625 0.5116453125 0.1752
0 0.6654421875 0.2422046875 0.6491281250000001 0.24899062500000002 0.6448796875 0.2475625 0.6408875 0.25082031250000003 0.6244046875 0.2544828125 0.6164171875 0.26099843749999996 0.604609375 0.27389687500000004 0.6009562500000001 0.283403125 0.6031234375000001 0.284896875 0.636940625 0.2931921875 0.6562718750000001 0.3035203125 0.6693578125 0.31405 0.6811671875 0.30115156249999997 0.7151921875 0.27502031250000003 0.7120046875 0.2547828125 0.7075 0.2486703125 0.6947546874999999 0.24438749999999998 0.67185625 0.2451265625 0.6654421875 0.2422046875
3 0.4998609375 0.41809375 0.48252656250000003 0.4061375 0.46039375 0.4209328125 0.44076875 0.443471875 0.427475 0.46737031250000005 0.42348125000000003 0.470628125 0.4236515625 0.47375156250000006 0.4196578125 0.477009375 0.40504843749999997 0.51503125 0.4017359375 0.530784375 0.40335312500000003 0.5604609375 0.40836875 0.57594375 0.41278750000000003 0.5804953125 0.4127015625 0.578934375 0.4220890625 0.5598546875 0.44370937499999996 0.5356875 0.47208750000000005 0.5206906250000001 0.49056718750000006 0.5154 0.5071359375 0.5133 0.511128125 0.5100421875000001 0.5220015625000001 0.4799640625 0.5104 0.4584328125 0.5108640624999999 0.42869062500000005 0.4998609375 0.41809375
5 0.42553906250000006 0.2405640625 0.4256234375 0.24212656250000003 0.42439375 0.2578109375 0.4265609375 0.25930624999999996 0.42991875 0.28266718750000003 0.4320859375 0.2841609375 0.45914687499999995 0.2832875 0.46114375 0.281659375 0.4543875 0.2724890625 0.452259375 0.23344218749999998 0.43777343750000003 0.23547500000000002 0.42553906250000006 0.2405640625
5 0.4802734375 0.4030796875 0.4754296875 0.3907203125 0.473896875 0.36260625 0.47746562499999995 0.3515390625 0.4929265625 0.3291359375 0.49267031250000004 0.32445 0.4797546875 0.31704374999999996 0.4501015625 0.3086140625 0.40048125 0.316475 0.388246875 0.32156250000000003 0.374271875 0.3329671875 0.36454375 0.3457984375 0.360890625 0.355303125 0.3609765625 0.356865625 0.36467499999999997 0.38647343749999996 0.37585 0.40019375 0.3845171875 0.40617187499999996 0.403678125 0.4133765625 0.42266875 0.4174578125 0.4456515625 0.4182796875 0.455975 0.41638125 0.45996875 0.4131234375 0.4702921875 0.41122500000000006 0.4802734375 0.4030796875
5 0.5925828125 0.2445578125 0.5728734375 0.265534375 0.5692203124999999 0.2750390625 0.56973125 0.2844109375 0.5718125 0.28434375 0.59679375 0.2835375 0.60843125 0.26751562500000003 0.6244046875 0.2544828125 0.6427984375 0.2476296875 0.66769375 0.24526093750000003 0.6695203125 0.24050937499999997 0.660596875 0.2298453125 0.6397796875 0.2305171875 0.6088109375 0.23621093750000002 0.5925828125 0.2445578125
5 0.7772328125 0.418525 0.758621875 0.383140625 0.7557734375 0.36915 0.7415812500000001 0.3383171875 0.7385640625 0.321203125 0.7317218750000001 0.310471875 0.73138125 0.304225 0.7194406250000001 0.276446875 0.715278125 0.27658125 0.7032140625000001 0.28479375 0.6832484375 0.30108437499999996 0.6754328125 0.31072500000000003 0.6643046874999999 0.33611875 0.659165625 0.35662343750000003 0.6592515624999999 0.3581859375 0.6603578125 0.378490625 0.662525 0.379984375 0.6655421875 0.3970984375 0.6791390625 0.41699843750000004 0.698640625 0.43045 0.7409546875 0.4416015625 0.7655093749999999 0.43298437500000003 0.7738359375 0.432715625 0.77774375 0.42789687499999995 0.7772328125 0.418525
1 0.4655625 0.286209375 0.46131406249999996 0.2847828125 0.4217625 0.286059375 0.3972078125 0.294675 0.3771578125 0.3094046875 0.3695125 0.32216875 0.37019375 0.3346625 0.372275 0.33459531249999996 0.392240625 0.3183046875 0.4210421875 0.3111171875 0.4605953125 0.3098390625 0.47117343749999996 0.3126265625 0.481921875 0.3185390625 0.48608593750000006 0.318403125 0.48132656249999994 0.3076046875 0.47465624999999995 0.2999984375 0.474315625 0.29375 0.4655625 0.286209375
1 0.6040375 0.49296093750000003 0.6036109374999999 0.4851515625 0.6090046874999999 0.46933125000000003 0.6085796875 0.461521875 0.6143140625 0.4519484375 0.617796875 0.43931875 0.6217890625 0.4360609375 0.6112953125 0.43483593750000005 0.5948984375 0.440059375 0.55959375 0.44276406250000006 0.536440625 0.43881718750000004 0.521528125 0.433040625 0.5152828125 0.4332421875 0.5113749999999999 0.4380625 0.5114609375 0.4396234375 0.5123968750000001 0.45680468750000003 0.5172421875000001 0.4691640625 0.5308375 0.489065625 0.54600625 0.499528125 0.5588359374999999 0.505371875 0.56508125 0.5051703125 0.5862390625 0.5107453125 0.6070546875 0.5100734375 0.6113890625 0.5130625 0.6040375 0.49296093750000003
1 0.6090515625 0.50844375 0.6070546875 0.5100734375 0.5862390625 0.5107453125 0.5630843750000001 0.5067999999999999 0.5481734375 0.5010234375 0.5264203125 0.4845140625 0.5204296875 0.4894015625 0.520515625 0.49096406249999996 0.5185187499999999 0.4925921875 0.519284375 0.5066499999999999 0.5238734375 0.5143234375 0.5536125000000001 0.5243156250000001 0.5859453125 0.5436124999999999 0.5962671875 0.5417140625 0.6144078125 0.5301765625 0.6184000000000001 0.5269171874999999 0.618059375 0.5206703125 0.6090515625 0.50844375
1 0.6589796875 0.20016875 0.6628875 0.19535 0.666540625 0.18584375 0.6783484375 0.1729453125 0.6796640625 0.158821875 0.6774984374999999 0.1573265625 0.6693796875 0.1231671875 0.6602015625 0.10781875 0.653615625 0.101771875 0.64635 0.08323125 0.63985 0.0787484375 0.6356859375 0.0788828125 0.633434375 0.075825 0.605946875 0.06889062500000001 0.5725546875 0.068403125 0.5583234375 0.075121875 0.5541609375000001 0.07525625 0.52395625 0.09500625 0.5177968749999999 0.0967703125 0.5080703125 0.1096015625 0.5027609375 0.12698281250000001 0.502846875 0.1285453125 0.5021265625 0.1536015625 0.509478125 0.1737046875 0.520653125 0.187425 0.5208234375 0.1905484375 0.5384125 0.2071921875 0.566240625 0.220375 0.5830640625 0.22296093749999998 0.6018 0.22235624999999998 0.6408406249999999 0.21170781249999998 0.6589796875 0.20016875
4 0.55949375 0.2878703125 0.5653984375000001 0.28142187500000004 0.56696875 0.2719828125 0.5728734375 0.265534375 0.572703125 0.2624109375 0.5924125 0.241434375 0.591646875 0.2273765625 0.5873125 0.22438750000000002 0.5663265625 0.22193593749999999 0.5514140624999999 0.21615937500000001 0.5319984375 0.2042703125 0.51865625 0.1890546875 0.512240625 0.1861328125 0.49783906250000004 0.1897265625 0.47354062499999994 0.20302812499999998 0.45990624999999996 0.22067968750000003 0.459990625 0.22224062500000002 0.4543421875 0.23337500000000003 0.4553625 0.2521171875 0.45336718749999994 0.253746875 0.4539625 0.26467968750000004 0.45880625 0.27704062500000004 0.47622656250000006 0.290559375 0.49972031250000004 0.300753125 0.5246999999999999 0.299946875 0.5470890625 0.28983593750000003 0.55949375 0.2878703125
4 0.5258734375 0.0 0.523096875 0.0027234375 0.5155375 0.0170484375 0.512225 0.0328015625 0.5143921875 0.0342953125 0.5148171875 0.0421046875 0.5192359375 0.046656249999999996 0.5194921875 0.051342187500000004 0.53058125 0.0635 0.5307515625 0.066625 0.5478296874999999 0.0738953125 0.554075 0.07369375 0.574465625 0.06521249999999999 0.5932015625 0.0646078125 0.62051875 0.0684203125 0.6324125 0.0570828125 0.6300749999999999 0.052465625 0.6280796875 0.054093749999999996 0.6135078125 0.054564062499999996 0.6092593749999999 0.053137500000000004 0.6005921875 0.047159374999999996 0.575015625 0.0370328125 0.5618453125 0.024940625 0.5481625 0.003478125 0.54730625 0.0 0.5258734375 0.0
4 0.6992125 0.2113875 0.698871875 0.20513906249999997 0.6867609375 0.1742390625 0.682596875 0.1743734375 0.6786046875 0.17763125 0.6671359375 0.1967765625 0.667221875 0.1983390625 0.66356875 0.20784375000000002 0.664675 0.22814843749999997 0.671515625 0.23887968750000002 0.6800984375 0.24329687500000002 0.6862578125 0.24153281249999997 0.7073296874999999 0.245546875 0.709071875 0.23923125 0.7069046875 0.2377375 0.703715625 0.21749999999999997 0.6992125 0.2113875
