2 0.9046875 0.7104171874999999 0.903125 0.7083328125 0.8625 0.7125 0.840625 0.725 0.828125 0.7354171875 0.8171875 0.7520828125000001 0.8125 0.7666671875 0.8109375 0.8145828125 0.821875 0.85 0.834375 0.8666671875 0.875 0.8895828124999999 0.8984375 0.8916671875000001 0.9 0.8895828124999999 0.9046875 0.8916671875000001 0.90625 0.8895828124999999 0.9203125 0.8895828124999999 0.9265625 0.8854171875000001 0.93125 0.8854171875000001 0.953125 0.8729171875 0.9703125 0.8375 0.9734375 0.8208328125 0.98125 0.8020828124999999 0.98125 0.78125 0.978125 0.7729171874999999 0.9640625 0.75625 0.959375 0.7458328125 0.9453125 0.7270828125000001 0.9296875 0.7166671874999999 0.928125 0.7166671874999999 0.921875 0.7125 0.9046875 0.7104171874999999
2 0.5140625 0.9604171875 0.5 0.9666671875 0.4859375 0.98125 0.4765625 0.9979171875 0.5984375 0.9979171875 0.5953125 0.9916671875 0.590625 0.9895828124999999 0.58125 0.9791671875000001 0.5640625 0.96875 0.546875 0.9625 0.5453125 0.9625 0.540625 0.9604171875 0.5140625 0.9604171875
0 0.5921875 0.47291718749999995 0.571875 0.5 0.5546875 0.5291671874999999 0.553125 0.55625 0.5625 0.5875 0.5859375 0.6166671874999999 0.5953125 0.6229171874999999 0.6046875 0.6229171874999999 0.6234375 0.63125 0.6390625 0.63125 0.6515625 0.6229171874999999 0.659375 0.60625 0.671875 0.5916671874999999 0.678125 0.5791671875 0.6796875 0.5416671875 0.675 0.525 0.65625 0.49375 0.6453125 0.48125 0.6296875 0.47083281250000003 0.615625 0.46666718749999997 0.6140625 0.46666718749999997 0.603125 0.46666718749999997 0.5921875 0.47291718749999995
0 0.496875 0.7229171875 0.4796875 0.7520828125000001 0.465625 0.7625 0.4578125 0.775 0.4578125 0.7979171875 0.459375 0.8020828124999999 0.4875 0.7958328125 0.5015625 0.8020828124999999 0.521875 0.8270828124999999 0.5296875 0.84375 0.5296875 0.8541671875000001 0.53125 0.8604171875000001 0.5328125 0.8604171875000001 0.5484375 0.8416671875 0.56875 0.8270828124999999 0.5671875 0.8229171875000001 0.55625 0.8145828125 0.55 0.80625 0.534375 0.7666671875 0.5328125 0.7541671875 0.534375 0.74375 0.54375 0.7229171875 0.540625 0.7166671874999999 0.5390625 0.7166671874999999 0.5125 0.7166671874999999 0.496875 0.7229171875
0 0.35 0.6854171874999999 0.33125 0.7208328125000001 0.33125 0.7270828125000001 0.328125 0.7333328125 0.328125 0.7479171874999999 0.33125 0.7520828125000001 0.3390625 0.7520828125000001 0.340625 0.75 0.3984375 0.75 0.396875 0.7416671874999999 0.384375 0.7208328125000001 0.3796875 0.7020828125 0.3765625 0.6979171875 0.375 0.6770828125 0.371875 0.66875 0.3703125 0.66875 0.3609375 0.6729171875 0.35 0.6854171874999999
0 0.271875 0.8791671875 0.259375 0.8770828125 0.2578125 0.8791671875 0.2421875 0.8791671875 0.2140625 0.8875 0.190625 0.9020828125 0.16875 0.9229171875000001 0.15625 0.9395828125 0.1515625 0.95 0.1484375 0.9625 0.15 0.9979171875 0.31875 0.9979171875 0.3203125 0.9854171875000001 0.31875 0.9833328124999999 0.31875 0.9583328124999999 0.315625 0.9375 0.3125 0.9333328125 0.3046875 0.9104171875 0.2859375 0.8875 0.284375 0.8875 0.28125 0.8833328125 0.271875 0.8791671875
0 0.590625 0.9541671875000001 0.5734375 0.9541671875000001 0.5578125 0.9625 0.5625 0.9666671875 0.565625 0.9666671875 0.56875 0.9708328125 0.5859375 0.98125 0.6015625 0.9979171875 0.6578125 0.9979171875 0.6578125 0.99375 0.6390625 0.9708328125 0.60625 0.9541671875000001 0.6046875 0.9541671875000001 0.5921875 0.9520828124999999 0.590625 0.9541671875000001
1 0.434375 0.5270828125 0.4140625 0.5395828125000001 0.3984375 0.56875 0.3921875 0.5854171874999999 0.390625 0.60625 0.3921875 0.6083328125 0.3984375 0.6020828125000001 0.4203125 0.5895828125 0.44375 0.5895828125 0.4640625 0.6020828125000001 0.471875 0.6104171875 0.490625 0.6375 0.4921875 0.64375 0.4953125 0.6458328125 0.5015625 0.63125 0.5109375 0.61875 0.509375 0.5916671874999999 0.4921875 0.55625 0.4796875 0.5395828125000001 0.465625 0.53125 0.4640625 0.53125 0.4578125 0.5270828125 0.434375 0.5270828125
1 0.528125 0.6208328125 0.5125 0.6229171874999999 0.503125 0.6333328125000001 0.496875 0.65 0.496875 0.65625 0.5015625 0.6645828125000001 0.5046875 0.68125 0.503125 0.70625 0.50625 0.7125 0.5109375 0.7145828125 0.5453125 0.7145828125 0.5578125 0.6979171875 0.5671875 0.6916671875 0.5671875 0.6708328125 0.5703125 0.6583328125000001 0.56875 0.6458328125 0.55 0.6208328125 0.5484375 0.6208328125 0.5296875 0.61875 0.528125 0.6208328125
1 0.3578125 0.88125 0.3375 0.8833328125 0.321875 0.89375 0.309375 0.9104171875 0.3109375 0.9229171875000001 0.3203125 0.9541671875000001 0.321875 0.9979171875 0.3640625 0.9979171875 0.375 0.9729171875 0.3875 0.95625 0.4109375 0.9333328125 0.4078125 0.9208328124999999 0.4015625 0.9104171875 0.384375 0.89375 0.3828125 0.89375 0.3796875 0.8895828124999999 0.3578125 0.88125
1 0.40625 0.9395828125 0.38125 0.9666671875 0.365625 0.9979171875 0.475 0.9979171875 0.4828125 0.9833328124999999 0.4921875 0.9729171875 0.49375 0.9645828125 0.4921875 0.9604171875 0.484375 0.9520828124999999 0.48125 0.9520828124999999 0.4640625 0.9395828125 0.440625 0.9333328125 0.4390625 0.9333328125 0.421875 0.9333328125 0.40625 0.9395828125
1 0.6875 0.7270828125000001 0.6671875 0.7479171874999999 0.6578125 0.7625 0.646875 0.7875 0.6453125 0.7958328125 0.6453125 0.825 0.64375 0.8270828124999999 0.6453125 0.83125 0.64375 0.8354171875 0.6453125 0.8375 0.64375 0.8416671875 0.6484375 0.8645828124999999 0.653125 0.8770828125 0.6609375 0.8895828124999999 0.6828125 0.9083328125 0.690625 0.91875 0.6953125 0.9229171875000001 0.7140625 0.9291671875 0.725 0.9291671875 0.740625 0.9354171875 0.7546875 0.93125 0.7640625 0.9229171875000001 0.7671875 0.9229171875000001 0.7859375 0.89375 0.790625 0.8833328125 0.7921875 0.8708328125 0.796875 0.85625 0.796875 0.81875 0.7953125 0.8166671875 0.796875 0.8125 0.7921875 0.7854171875 0.7796875 0.7625 0.7484375 0.7354171875 0.7328125 0.7333328125 0.715625 0.7208328125000001 0.7140625 0.7208328125000001 0.7 0.7208328125000001 0.6875 0.7270828125000001
1 0.8 0.8645828124999999 0.8015625 0.86875 0.796875 0.8729171875 0.790625 0.8916671875000001 0.7796875 0.9083328125 0.7765625 0.91875 0.7703125 0.9291671875 0.765625 0.95625 0.765625 0.9770828125 0.7703125 0.9979171875 0.9046875 0.9979171875 0.909375 0.98125 0.909375 0.9666671875 0.90625 0.9458328125 0.9015625 0.93125 0.8875 0.90625 0.8734375 0.8916671875000001 0.8546875 0.88125 0.8390625 0.875 0.83125 0.875 0.8265625 0.8708328125 0.815625 0.8729171875 0.8109375 0.8708328125 0.809375 0.86875 0.8109375 0.8666671875 0.8171875 0.8625 0.8125 0.8645828124999999 0.8109375 0.8625 0.809375 0.8625 0.8015625 0.8625 0.8 0.8645828124999999
5 0.6703125 0.6270828125000001 0.65 0.6520828125 0.6484375 0.6625 0.653125 0.6708328125 0.6734375 0.6916671875 0.70625 0.7145828125 0.7203125 0.71875 0.7328125 0.7291671875 0.75625 0.7333328125 0.7546875 0.6791671874999999 0.7625 0.6520828125 0.7515625 0.6354171875 0.740625 0.625 0.7203125 0.6145828125 0.71875 0.6145828125 0.6953125 0.6145828125 0.6703125 0.6270828125000001
5 0.5171875 0.5125 0.5125 0.5125 0.49375 0.5270828125 0.484375 0.5416671875 0.4890625 0.5520828125 0.5 0.5666671875 0.5109375 0.59375 0.5125 0.61875 0.525 0.61875 0.5265625 0.6166671874999999 0.5421875 0.6166671874999999 0.54375 0.6104171875 0.5421875 0.6083328125 0.5421875 0.5979171875 0.546875 0.5916671874999999 0.5609375 0.5875 0.5515625 0.55625 0.5515625 0.5375 0.5578125 0.51875 0.5515625 0.5125 0.5390625 0.5083328125000001 0.5375 0.5083328125000001 0.5234375 0.5083328125000001 0.5171875 0.5125
5 0.421875 0.5916671874999999 0.4078125 0.5979171875 0.390625 0.6104171875 0.3796875 0.63125 0.3734375 0.6541671874999999 0.3734375 0.6666671875 0.3765625 0.6770828125 0.3765625 0.6875 0.3796875 0.7020828125 0.39375 0.7354171875 0.40625 0.7520828125000001 0.4140625 0.7583328125000001 0.4296875 0.76875 0.4421875 0.7708328125 0.4625 0.7625 0.4796875 0.7479171874999999 0.4953125 0.7229171875 0.5015625 0.7020828125 0.5015625 0.6729171875 0.4875 0.6354171875 0.4703125 0.6104171875 0.45 0.5958328125000001 0.4484375 0.5958328125000001 0.4421875 0.5916671874999999 0.421875 0.5916671874999999
5 0.56875 0.83125 0.5453125 0.8479171875 0.53125 0.86875 0.53125 0.8979171875 0.5265625 0.9125 0.5171875 0.9270828124999999 0.515625 0.9479171875000001 0.5203125 0.95625 0.534375 0.95625 0.546875 0.9604171875 0.55 0.9583328124999999 0.5515625 0.9604171875 0.559375 0.9604171875 0.5625 0.95625 0.56875 0.95625 0.584375 0.95 0.5859375 0.9520828124999999 0.603125 0.9520828124999999 0.634375 0.96875 0.6390625 0.9625 0.6484375 0.9333328125 0.65 0.9166671875000001 0.6484375 0.9145828125 0.6484375 0.9 0.640625 0.875 0.634375 0.8625 0.6125 0.8354171875 0.6109375 0.8354171875 0.6015625 0.83125 0.56875 0.83125
3 0.54375 0.5979171875 0.54375 0.6041671875 0.5453125 0.6104171875 0.5625 0.63125 0.571875 0.6479171874999999 0.571875 0.6604171875 0.56875 0.6708328125 0.56875 0.6916671875 0.575 0.69375 0.596875 0.6875 0.6203125 0.6875 0.628125 0.6916671875 0.6375 0.6979171875 0.65 0.7145828125 0.6609375 0.75 0.6734375 0.7395828125 0.6828125 0.7270828125000001 0.7046875 0.7166671874999999 0.659375 0.68125 0.6265625 0.6354171875 0.6078125 0.6270828125000001 0.596875 0.6270828125000001 0.5890625 0.6229171874999999 0.5625 0.5916671874999999 0.5609375 0.5916671874999999 0.55 0.59375 0.54375 0.5979171875
3 0.3921875 0.7541671875 0.34375 0.7541671875 0.3421875 0.75625 0.3171875 0.75625 0.3015625 0.7625 0.2875 0.7625 0.26875 0.7708328125 0.2625 0.7708328125 0.2265625 0.7875 0.1875 0.8125 0.1734375 0.825 0.1578125 0.8479171875 0.1515625 0.8666671875 0.1515625 0.8833328125 0.1359375 0.9 0.1203125 0.9104171875 0.1046875 0.925 0.09375 0.9416671875 0.09375 0.9541671875000001 0.0984375 0.9625 0.10625 0.96875 0.1109375 0.96875 0.134375 0.9520828124999999 0.1375 0.9520828124999999 0.14375 0.94375 0.15 0.9416671875 0.1625 0.9291671875 0.1765625 0.9104171875 0.1859375 0.9041671875 0.190625 0.8979171875 0.1984375 0.8958328124999999 0.2140625 0.8833328125 0.2296875 0.88125 0.234375 0.8770828125 0.2421875 0.8770828125 0.24375 0.875 0.26875 0.875 0.28125 0.88125 0.2984375 0.88125 0.3234375 0.8729171875 0.35 0.8708328125 0.375 0.8645828124999999 0.4078125 0.8666671875 0.4140625 0.8479171875 0.4234375 0.8333328124999999 0.428125 0.8270828124999999 0.45 0.8104171875 0.4515625 0.8 0.4484375 0.7895828125000001 0.4421875 0.7791671874999999 0.4390625 0.7791671874999999 0.4140625 0.7604171875 0.4046875 0.75625 0.403125 0.75625 0.39375 0.75625 0.3921875 0.7541671875
4 0.4609375 0.8041671875 0.4546875 0.8083328125 0.434375 0.825 0.4171875 0.8479171875 0.409375 0.8666671875 0.409375 0.9145828125 0.415625 0.9291671875 0.41875 0.93125 0.4265625 0.93125 0.428125 0.9291671875 0.4296875 0.93125 0.446875 0.93125 0.4875 0.9479171875000001 0.5078125 0.9354171875 0.5203125 0.91875 0.5296875 0.8958328124999999 0.5296875 0.8770828125 0.528125 0.875 0.528125 0.8479171875 0.5203125 0.8270828124999999 0.5078125 0.8104171875 0.4984375 0.8020828124999999 0.4859375 0.7979171875 0.484375 0.7979171875 0.46875 0.8041671875 0.4609375 0.8041671875
4 0.6703125 0.9333328125 0.6640625 0.9375 0.659375 0.9375 0.6453125 0.9541671875000001 0.640625 0.96875 0.6421875 0.9729171875 0.6578125 0.9895828124999999 0.659375 0.9979171875 0.75 0.9979171875 0.7484375 0.9729171875 0.740625 0.9520828124999999 0.734375 0.94375 0.728125 0.9375 0.71875 0.9333328125 0.7 0.93125 0.6984375 0.9291671875 0.696875 0.9291671875 0.6828125 0.9333328125 0.6703125 0.9333328125
4 0.7734375 0.6458328125 0.765625 0.6520828125 0.75625 0.6791671874999999 0.7578125 0.70625 0.75625 0.7083328125 0.75625 0.71875 0.759375 0.7291671875 0.790625 0.7645828125 0.809375 0.76875 0.815625 0.75 0.8234375 0.7375 0.834375 0.7270828125000001 0.859375 0.7125 0.8625 0.7083328125 0.8625 0.7 0.8578125 0.6875 0.853125 0.68125 0.84375 0.6583328125000001 0.8234375 0.64375 0.821875 0.64375 0.796875 0.6375 0.7734375 0.6458328125
4 0.55625 0.7020828125 0.5453125 0.71875 0.534375 0.75 0.534375 0.7604171875 0.5390625 0.7791671874999999 0.55 0.8041671875 0.5578125 0.8145828125 0.571875 0.825 0.5953125 0.8270828124999999 0.6046875 0.8229171875000001 0.6125 0.8229171875000001 0.6390625 0.8041671875 0.6421875 0.8 0.6484375 0.7770828125 0.6578125 0.7583328125000001 0.65625 0.7395828125 0.646875 0.7125 0.634375 0.6979171875 0.6171875 0.6895828125000001 0.615625 0.6895828125000001 0.5671875 0.6958328125000001 0.55625 0.7020828125
2 0.6203125 0.8229171875000001 0.615625 0.8354171875 0.6390625 0.86875 0.65 0.9 0.65 0.9125 0.653125 0.925 0.6578125 0.9333328125 0.6640625 0.9333328125 0.665625 0.93125 0.68125 0.93125 0.6921875 0.925 0.6859375 0.9145828125 0.6625 0.89375 0.6515625 0.8770828125 0.646875 0.8604171875000001 0.64375 0.85625 0.6421875 0.8458328125 0.64375 0.8166671875 0.6421875 0.8104171875 0.640625 0.8104171875 0.6359375 0.8104171875 0.6203125 0.8229171875000001
