2 0.390625 0.475 0.3796875 0.475 0.36875 0.4791671875 0.353125 0.4895828125 0.340625 0.5041671875 0.3328125 0.51875 0.33125 0.53125 0.3234375 0.5520828125 0.3234375 0.5708328125000001 0.3328125 0.6125 0.3421875 0.6229171874999999 0.359375 0.625 0.365625 0.63125 0.375 0.6333328125000001 0.3859375 0.6270828125000001 0.4328125 0.55625 0.4390625 0.54375 0.4390625 0.5229171874999999 0.4296875 0.5020828125000001 0.415625 0.48125 0.4046875 0.4791671875 0.4 0.475 0.3984375 0.475 0.3921875 0.47291718749999995 0.390625 0.475
2 0.3671875 0.6875 0.3390625 0.71875 0.3296875 0.7395828125 0.3265625 0.7541671875 0.328125 0.75625 0.328125 0.76875 0.33125 0.7770828125 0.3296875 0.7958328125 0.33125 0.8 0.3375 0.8104171875 0.3484375 0.8166671875 0.353125 0.8166671875 0.365625 0.825 0.3734375 0.8020828124999999 0.3859375 0.78125 0.4140625 0.7625 0.4359375 0.7625 0.4390625 0.7583328125000001 0.440625 0.75 0.440625 0.7375 0.428125 0.7229171875 0.4125 0.7166671874999999 0.4 0.70625 0.39375 0.69375 0.390625 0.68125 0.3890625 0.68125 0.38125 0.68125 0.3671875 0.6875
2 0.4828125 0.8479171875 0.459375 0.8666671875 0.453125 0.875 0.440625 0.9041671875 0.4375 0.91875 0.4328125 0.9270828124999999 0.43125 0.9416671875 0.425 0.9625 0.4265625 0.99375 0.428125 0.9979171875 0.553125 0.9979171875 0.5671875 0.9791671875000001 0.571875 0.9604171875 0.571875 0.94375 0.56875 0.9291671875 0.565625 0.8916671875000001 0.5578125 0.875 0.54375 0.85625 0.53125 0.8479171875 0.5171875 0.84375 0.515625 0.84375 0.4953125 0.84375 0.4828125 0.8479171875
4 0.590625 0.5395828125000001 0.575 0.55 0.5609375 0.5708328125000001 0.55625 0.5916671874999999 0.5578125 0.5979171875 0.55625 0.6 0.55625 0.61875 0.5625 0.6416671875 0.5703125 0.65625 0.5703125 0.6604171875 0.5921875 0.6895828125000001 0.6015625 0.6958328125000001 0.621875 0.7 0.634375 0.6854171874999999 0.6546875 0.6541671874999999 0.65625 0.6479171874999999 0.65625 0.6208328125 0.65 0.59375 0.64375 0.58125 0.64375 0.5770828125 0.634375 0.5625 0.6171875 0.5458328125 0.615625 0.5458328125 0.6046875 0.5395828125000001 0.590625 0.5395828125000001
4 0.5515625 0.4791671875 0.54375 0.4875 0.53125 0.5125 0.525 0.5354171875 0.525 0.5458328125 0.528125 0.5604171874999999 0.5375 0.5770828125 0.55 0.5875 0.5546875 0.5875 0.5609375 0.5666671875 0.5796875 0.54375 0.5953125 0.5354171875 0.6015625 0.5354171875 0.6109375 0.5416671875 0.6203125 0.54375 0.628125 0.5354171875 0.6296875 0.53125 0.628125 0.525 0.615625 0.5 0.6125 0.49791718749999997 0.6109375 0.49166718749999994 0.60625 0.48541718749999996 0.5984375 0.48125 0.596875 0.48125 0.58125 0.47291718749999995 0.5515625 0.4791671875
4 0.4125 0.7645828125 0.396875 0.7770828125 0.39375 0.7770828125 0.3796875 0.7916671875 0.36875 0.8166671875 0.3640625 0.83125 0.365625 0.8604171875000001 0.3734375 0.8791671875 0.3796875 0.8875 0.3921875 0.89375 0.396875 0.8875 0.4 0.85 0.4140625 0.8229171875000001 0.428125 0.80625 0.4421875 0.7979171875 0.45 0.7979171875 0.45625 0.79375 0.4546875 0.7833328125000001 0.45 0.7729171874999999 0.4421875 0.7666671875 0.440625 0.7666671875 0.4390625 0.7645828125 0.4125 0.7645828125
4 0.63125 0.8208328125 0.61875 0.825 0.5984375 0.8333328124999999 0.5828125 0.8479171875 0.56875 0.8833328125 0.56875 0.9083328125 0.575 0.9479171875000001 0.58125 0.9583328124999999 0.584375 0.9583328124999999 0.6046875 0.9354171875 0.671875 0.8479171875 0.6734375 0.8416671875 0.66875 0.8354171875 0.653125 0.825 0.6515625 0.825 0.6421875 0.8208328125 0.63125 0.8208328125
4 0.45 0.7520828125000001 0.4515625 0.7708328125 0.4625 0.7958328125 0.471875 0.7979171875 0.465625 0.7645828125 0.465625 0.7458328125 0.4640625 0.74375 0.465625 0.7416671874999999 0.465625 0.725 0.4640625 0.725 0.459375 0.7291671875 0.45 0.7520828125000001
0 0.5015625 0.2958328125 0.4796875 0.325 0.475 0.3395828125 0.475 0.36875 0.4796875 0.3916671875 0.4875 0.41041718749999995 0.5 0.42916718749999994 0.5078125 0.43541718749999997 0.5265625 0.4375 0.540625 0.42291718749999996 0.553125 0.41458281250000006 0.5671875 0.41041718749999995 0.5765625 0.4 0.575 0.3854171875 0.571875 0.3791671875 0.565625 0.3479171875 0.5625 0.3166671875 0.55 0.3020828125 0.5359375 0.29375 0.534375 0.29375 0.5125 0.2916671875 0.5015625 0.2958328125
0 0.4421875 0.5604171874999999 0.43125 0.5645828125000001 0.4234375 0.5729171875 0.4015625 0.6083328125 0.3984375 0.6104171875 0.3890625 0.6291671875 0.3890625 0.6708328125 0.3953125 0.6875 0.396875 0.6979171875 0.40625 0.7104171874999999 0.4203125 0.7166671874999999 0.4390625 0.73125 0.4453125 0.73125 0.4625 0.7229171875 0.4765625 0.6895828125000001 0.4890625 0.675 0.5015625 0.6666671875 0.5046875 0.6625 0.50625 0.6541671874999999 0.50625 0.64375 0.509375 0.6291671875 0.503125 0.6020828125000001 0.4984375 0.5916671874999999 0.484375 0.5729171875 0.475 0.5666671875 0.4734375 0.5666671875 0.4625 0.5604171874999999 0.4421875 0.5604171874999999
0 0.8078125 0.525 0.80625 0.5270828125 0.7953125 0.5270828125 0.7703125 0.5395828125000001 0.7546875 0.5625 0.7421875 0.5895828125 0.7421875 0.5958328125000001 0.7375 0.6083328125 0.7375 0.65625 0.740625 0.6729171875 0.75 0.7 0.759375 0.7125 0.771875 0.71875 0.8875 0.5729171875 0.8859375 0.56875 0.8734375 0.5583328125 0.828125 0.53125 0.8265625 0.53125 0.8203125 0.5270828125 0.8078125 0.525
0 0.6234375 0.5479171875 0.6453125 0.5770828125 0.65625 0.6104171875 0.659375 0.6291671875 0.659375 0.6458328125 0.6609375 0.6458328125 0.709375 0.6145828125 0.73125 0.6083328125 0.7328125 0.575 0.725 0.55625 0.7140625 0.5416671875 0.7046875 0.5333328125000001 0.69375 0.5291671874999999 0.6703125 0.5291671874999999 0.65625 0.5229171874999999 0.6546875 0.5229171874999999 0.6328125 0.5333328125000001 0.6234375 0.5479171875
5 0.2859375 0.5770828125 0.2734375 0.5875 0.2609375 0.6041671875 0.253125 0.6229171874999999 0.25 0.6416671875 0.25 0.6583328125000001 0.253125 0.6645828125000001 0.2546875 0.6770828125 0.271875 0.70625 0.2875 0.71875 0.3046875 0.725 0.3203125 0.725 0.33125 0.7208328125000001 0.3453125 0.7104171874999999 0.3609375 0.6916671875 0.365625 0.6833328125 0.3671875 0.6666671875 0.3703125 0.6604171875 0.371875 0.6458328125 0.3703125 0.6395828125 0.3578125 0.6270828125000001 0.346875 0.6270828125000001 0.3375 0.6229171874999999 0.33125 0.6145828125 0.3296875 0.6 0.325 0.5895828125 0.3234375 0.5770828125 0.3171875 0.5708328125000001 0.315625 0.5729171875 0.2984375 0.5729171875 0.2859375 0.5770828125
5 0.5546875 0.65625 0.5671875 0.6625 0.56875 0.6604171875 0.55625 0.6270828125000001 0.5546875 0.6 0.55625 0.5958328125000001 0.553125 0.5916671874999999 0.5484375 0.5916671874999999 0.5328125 0.6 0.51875 0.6166671874999999 0.5109375 0.6333328125000001 0.50625 0.6604171875 0.5078125 0.6625 0.5296875 0.65625 0.5546875 0.65625
5 0.71875 0.7354171875 0.703125 0.7479171874999999 0.6890625 0.7666671875 0.678125 0.7895828125000001 0.678125 0.7958328125 0.6734375 0.80625 0.6734375 0.8125 0.66875 0.8270828124999999 0.66875 0.83125 0.671875 0.8354171875 0.68125 0.8375 0.7546875 0.74375 0.75625 0.7375 0.7484375 0.7333328125 0.746875 0.7333328125 0.7234375 0.7333328125 0.71875 0.7354171875
5 0.68125 0.35625 0.6578125 0.36875 0.646875 0.3791671875 0.6296875 0.40416718749999997 0.6234375 0.425 0.6234375 0.43541718749999997 0.621875 0.4375 0.621875 0.45208281250000004 0.625 0.47291718749999995 0.640625 0.5041671875 0.6546875 0.51875 0.665625 0.525 0.6953125 0.5270828125 0.7140625 0.51875 0.721875 0.5125 0.7390625 0.49166718749999994 0.75 0.46458281250000005 0.75 0.45208281250000004 0.753125 0.43958281250000003 0.7515625 0.41458281250000006 0.74375 0.3916671875 0.73125 0.375 0.7203125 0.3645828125 0.703125 0.35625 0.7015625 0.35625 0.6890625 0.3541671875 0.68125 0.35625
5 0.8953125 0.50625 0.88125 0.5145828125 0.8703125 0.525 0.8578125 0.5416671875 0.8578125 0.5458328125 0.8609375 0.55 0.8734375 0.55625 0.8875 0.56875 0.890625 0.56875 0.9078125 0.55 0.9359375 0.5125 0.9375 0.50625 0.934375 0.5041671875 0.9328125 0.5041671875 0.9 0.5041671875 0.8953125 0.50625
1 0.8109375 0.38125 0.7859375 0.38125 0.775 0.3875 0.765625 0.3979171875 0.7640625 0.40625 0.7609375 0.41041718749999995 0.75625 0.43333281250000005 0.7546875 0.46458281250000005 0.753125 0.46666718749999997 0.7578125 0.5020828125000001 0.7625 0.5166671875 0.771875 0.53125 0.784375 0.53125 0.79375 0.525 0.8109375 0.5229171874999999 0.8125 0.525 0.821875 0.525 0.846875 0.5395828125000001 0.8546875 0.5395828125000001 0.875 0.5166671875 0.88125 0.5041671875 0.8875 0.48333281250000004 0.8890625 0.43541718749999997 0.8875 0.4270828125 0.8796875 0.40625 0.86875 0.3916671875 0.85625 0.38125 0.8484375 0.3791671875 0.846875 0.38125 0.8125 0.3833328125 0.8109375 0.38125
1 0.46875 0.44583281250000006 0.4578125 0.45 0.45 0.45625 0.4296875 0.48541718749999996 0.428125 0.49583281250000005 0.4390625 0.5166671875 0.44375 0.54375 0.4421875 0.55 0.44375 0.5541671874999999 0.459375 0.55625 0.4765625 0.5645828125000001 0.5 0.5875 0.50625 0.5875 0.515625 0.5833328125 0.5265625 0.5708328125000001 0.5265625 0.5583328125 0.5234375 0.55 0.5234375 0.5354171875 0.5265625 0.5208328125 0.5359375 0.49791718749999997 0.5265625 0.475 0.51875 0.46458281250000005 0.5015625 0.45208281250000004 0.5 0.45208281250000004 0.4859375 0.44583281250000006 0.46875 0.44583281250000006
1 0.546875 0.42083281250000004 0.540625 0.425 0.5296875 0.43958281250000003 0.5234375 0.45416718749999996 0.5234375 0.46875 0.53125 0.4791671875 0.5359375 0.49166718749999994 0.5390625 0.49375 0.5484375 0.4791671875 0.5609375 0.47708281250000006 0.56875 0.47291718749999995 0.5859375 0.47291718749999995 0.5953125 0.4791671875 0.60625 0.48125 0.584375 0.4166671875 0.578125 0.4125 0.5765625 0.4125 0.559375 0.41458281250000006 0.546875 0.42083281250000004
1 0.6359375 0.34375 0.6359375 0.3520828125 0.640625 0.3708328125 0.64375 0.3770828125 0.646875 0.3770828125 0.6546875 0.36875 0.6578125 0.36875 0.6796875 0.3541671875 0.69375 0.3520828125 0.6953125 0.3479171875 0.6921875 0.34375 0.68125 0.3354171875 0.6796875 0.3354171875 0.6578125 0.3333328125 0.6359375 0.34375
1 0.534375 0.6583328125000001 0.5328125 0.6604171875 0.515625 0.6625 0.5015625 0.66875 0.4859375 0.68125 0.475 0.6958328125000001 0.465625 0.73125 0.46875 0.7791671874999999 0.475 0.8020828124999999 0.4828125 0.8166671875 0.4890625 0.825 0.5046875 0.8375 0.5234375 0.8416671875 0.53125 0.8458328125 0.5453125 0.8458328125 0.5609375 0.8395828125 0.571875 0.83125 0.5890625 0.8104171875 0.596875 0.7916671875 0.603125 0.76875 0.603125 0.73125 0.6 0.7145828125 0.59375 0.6979171875 0.5734375 0.66875 0.5625 0.6625 0.5609375 0.6625 0.5546875 0.6583328125000001 0.534375 0.6583328125000001
1 0.4296875 0.80625 0.4125 0.8270828124999999 0.4 0.85625 0.3984375 0.9145828125 0.4 0.925 0.409375 0.95 0.4203125 0.9645828125 0.425 0.95625 0.43125 0.9270828124999999 0.4390625 0.9083328125 0.4390625 0.9041671875 0.4515625 0.875 0.4703125 0.8541671875000001 0.4828125 0.8458328125 0.4953125 0.8416671875 0.4984375 0.8375 0.471875 0.8041671875 0.4625 0.7979171875 0.4609375 0.7979171875 0.4421875 0.8 0.4296875 0.80625
3 0.5828125 0.2916671875 0.5796875 0.2916671875 0.5671875 0.30625 0.565625 0.3104171875 0.565625 0.3354171875 0.571875 0.3708328125 0.5796875 0.39375 0.5796875 0.4 0.59375 0.4375 0.596875 0.45208281250000004 0.6125 0.49166718749999994 0.6328125 0.5291671874999999 0.6390625 0.525 0.64375 0.525 0.6515625 0.51875 0.6328125 0.49375 0.6265625 0.48125 0.6203125 0.45625 0.6203125 0.43125 0.6234375 0.4166671875 0.634375 0.3916671875 0.640625 0.3833328125 0.640625 0.375 0.6328125 0.35 0.63125 0.3229171875 0.628125 0.30625 0.621875 0.2916671875 0.6140625 0.28125 0.6078125 0.2770828125 0.60625 0.2770828125 0.6015625 0.2770828125 0.5828125 0.2916671875
3 0.61875 0.825 0.6296875 0.81875 0.64375 0.81875 0.6640625 0.8291671875000001 0.671875 0.8125 0.6765625 0.7895828125000001 0.6875 0.7645828125 0.7046875 0.74375 0.7390625 0.7145828125 0.7484375 0.7020828125 0.7359375 0.6645828125000001 0.734375 0.6145828125 0.7328125 0.6125 0.70625 0.61875 0.6734375 0.6395828125 0.6578125 0.6541671874999999 0.6421875 0.675 0.625 0.7020828125 0.6171875 0.7270828125000001 0.609375 0.74375 0.6015625 0.7833328125000001 0.5921875 0.8125 0.590625 0.8354171875 0.5921875 0.8375 0.59375 0.8354171875 0.6015625 0.8291671875000001 0.61875 0.825
