3 0.907465625 0.379615625 0.9179234375 0.37623125 0.915915625 0.3700359375 0.9097015624999999 0.3670671875 0.8911921875000001 0.3472265625 0.88711875 0.33951875 0.8873656249999999 0.3192125 0.8853015624999999 0.31770156250000003 0.8581890624999999 0.3199375 0.8207703125 0.31305937500000003 0.8145562500000001 0.310090625 0.8041546875 0.3087875 0.800025 0.3057671875 0.793771875 0.305921875 0.7565625 0.28186093749999996 0.7440578125 0.282171875 0.7147859375000001 0.2907078125 0.67935625 0.2915875 0.677253125 0.2932015625 0.6771578125 0.3010125 0.68736875 0.31793593750000004 0.7162046875 0.345328125 0.7182890625 0.3452765625 0.73274375 0.3558484375 0.7431078125 0.360275 0.7700671875 0.3705359375 0.782553125 0.3717875 0.7887671875 0.37475625 0.7991875 0.374496875 0.8220562499999999 0.37861406249999996 0.8574859375000001 0.377734375 0.8699515625 0.380546875 0.907465625 0.379615625
3 0.49808906249999996 0.46318281250000004 0.5148375 0.4565203125 0.5547015625 0.43366718750000005 0.5946609375 0.403003125 0.5968218750000001 0.396703125 0.594775 0.39363125 0.5906078124999999 0.393734375 0.5611828125 0.4147671875 0.5486203125 0.4197640625 0.5382 0.4200234375 0.5360968749999999 0.42163593749999995 0.5111078124999999 0.42069531250000003 0.49242656250000005 0.4149140625 0.4820828125 0.408925 0.4695578125 0.41079687500000006 0.45066875 0.42219843749999997 0.40669374999999997 0.44046874999999996 0.39835625 0.440675 0.373253125 0.44910625 0.347996875 0.47003593749999995 0.3458359375 0.47633593750000003 0.34992812500000003 0.4824796875 0.3520125 0.48242812500000004 0.35614218750000004 0.4854484375 0.368628125 0.4867 0.3872140625 0.5002921875 0.40597031250000004 0.4998265625 0.43941093750000004 0.4911875 0.460365625 0.48129687499999996 0.46453437500000005 0.48119375 0.47921874999999997 0.4730203125 0.48338593750000003 0.47291718749999995 0.49808906249999996 0.46318281250000004
0 0.505340625 0.5520125 0.5222234375 0.5344156250000001 0.5245171875 0.5171812499999999 0.4976890625 0.4959859375 0.4894671875 0.4868203125 0.4791234375 0.48083125000000004 0.46870312500000005 0.48109062500000005 0.4352046875 0.49441562499999997 0.4017640625 0.5030546874999999 0.3932765625 0.5157578125 0.39325625 0.5173203125 0.3890125 0.523671875 0.388803125 0.5408546875 0.3949421875 0.550071875 0.405228125 0.560746875 0.4197609375 0.5650703125 0.4321515625 0.57413125 0.43838437499999994 0.5755390625000001 0.4634125 0.5733546875 0.4885359375 0.5633609374999999 0.505340625 0.5520125
0 0.714025 0.353190625 0.716090625 0.3547 0.6750171875000001 0.30575 0.6291484374999999 0.3084515625 0.6081921875 0.3183421875 0.5913484375 0.3328140625 0.5913296875 0.33437656250000003 0.6014265625 0.36067343749999997 0.596878125 0.3920171875 0.607165625 0.40269374999999996 0.61959375 0.40863125 0.6320609375 0.41144375 0.6362296875 0.41134062499999996 0.6405875 0.39561562499999997 0.6553656250000001 0.3796328125 0.676359375 0.36661875 0.714025 0.353190625
0 0.7734265625 0.2658265625 0.78409375 0.24526093750000003 0.7884328125 0.23109843749999998 0.7843218750000001 0.226515625 0.7780890625 0.225109375 0.769828125 0.21906875 0.7262906250000001 0.2014109375 0.6599984375 0.170265625 0.6433640625 0.1675546875 0.6412046874999999 0.1738546875 0.6348953125000001 0.178696875 0.632715625 0.186559375 0.6285093749999999 0.1897875 0.6262734375 0.202334375 0.613521875 0.222953125 0.6092015625 0.23555312499999997 0.60918125 0.23711406249999997 0.6131031250000001 0.2573171875 0.6213062500000001 0.2680453125 0.6336968749999999 0.27710625 0.6565078125 0.285909375 0.6752078125 0.2901296875 0.7106375 0.2892484375 0.7398906249999999 0.2822765625 0.7524703125000001 0.2757171875 0.7566390625 0.2756140625 0.7734265625 0.2658265625
1 0.44921249999999996 0.37070156249999997 0.44934531250000004 0.35976718750000003 0.44523437499999996 0.355184375 0.4368984375 0.3553921875 0.4243359375 0.3603890625 0.4075109375 0.3733 0.394778125 0.3923546875 0.39475937499999997 0.3939171875 0.39652031249999997 0.4204203125 0.408871875 0.43260624999999997 0.413021875 0.43406406249999996 0.41927343749999996 0.433909375 0.4465 0.42230156250000006 0.4716609375 0.4091828125 0.473803125 0.40444531250000004 0.4593859375 0.39075000000000004 0.45324687499999994 0.38153281250000004 0.44921249999999996 0.37070156249999997
0 0.45842343750000003 0.2986390625 0.4521515625 0.30035781250000004 0.44785 0.3113953125 0.44783125 0.3129578125 0.445690625 0.3176953125 0.44536718750000004 0.34425 0.449440625 0.35195625 0.451525 0.3519046875 0.46844374999999994 0.331184375 0.48526875 0.3182734375 0.49993437500000004 0.3116625 0.48327968749999994 0.3105140625 0.47289843749999994 0.30765 0.45842343750000003 0.2986390625
1 0.5145421875 0.3097375 0.5291296875 0.309375 0.5709640625 0.29584375 0.5814796875 0.2877734375 0.5857249999999999 0.28142187500000004 0.5966203125 0.24211093749999998 0.5823359375 0.21748125 0.56373125 0.20545156250000002 0.5388171875000001 0.1982625 0.5158921875 0.19883125 0.5138265625 0.197321875 0.5117234374999999 0.1989359375 0.4887796875 0.2010671875 0.46992812500000003 0.20934375 0.45520625 0.220640625 0.45094218750000004 0.22855468750000002 0.4509234375 0.230115625 0.4487828125 0.2348546875 0.44830781249999996 0.27390625 0.45435 0.2909328125 0.466703125 0.30311875 0.4833 0.308953125 0.4937203125 0.30869375 0.49578437500000005 0.3102046875 0.5103734375 0.30984218750000003 0.5124765625000001 0.30822812499999996 0.5145421875 0.3097375
1 0.6316125 0.2771578125 0.6151109375 0.2635140625 0.604975 0.24034218749999997 0.6072124999999999 0.22779375000000002 0.61141875 0.22456718750000002 0.61145625 0.22144218750000003 0.596734375 0.2327390625 0.6008453125 0.237321875 0.6007890625 0.24200781249999997 0.596525 0.249921875 0.59650625 0.251484375 0.5900453125 0.268821875 0.5898359375 0.2860046875 0.5939281249999999 0.29215 0.6083828125 0.302721875 0.618765625 0.30558593749999996 0.6667 0.30439531249999996 0.6729703125000001 0.302678125 0.6731046875 0.29174375 0.6440406249999999 0.28309531250000003 0.6316125 0.2771578125
1 0.4900765625 0.436834375 0.48912500000000003 0.5149375 0.580825 0.5126593749999999 0.5817765625 0.43455625 0.4900765625 0.436834375
1 0.6531781249999999 0.5592703125 0.657346875 0.559165625 0.661553125 0.5559390625 0.6618203125 0.5340703125 0.6639234375 0.53245625 0.6684140625 0.5057968749999999 0.664321875 0.49965312500000003 0.6456984375 0.48918437499999995 0.635240625 0.4925671875 0.603978125 0.49334375 0.5935953125 0.4904796875 0.583175 0.4907375 0.5705953125 0.49729687499999997 0.555834375 0.51171875 0.5451296875 0.5354078125 0.5409234374999999 0.5386359374999999 0.540809375 0.5480078125000001 0.5428734375000001 0.5495187500000001 0.5407703125000001 0.5511328125 0.5407515625 0.55269375 0.5406953125 0.5573796875 0.544825 0.5604015625 0.5447875 0.563525 0.5531046875000001 0.5648796875000001 0.5509625 0.5696171875 0.5612890625 0.57716875 0.5965843750000001 0.5872234375 0.6132578125 0.586809375 0.6343265625 0.567546875 0.6531781249999999 0.5592703125
4 0.6649875 0.44498125 0.6566890625 0.44206406249999997 0.6422343749999999 0.43149218749999996 0.6382171875 0.41909843750000003 0.63410625 0.41451562500000005 0.6133421875 0.4087859375 0.6009140625 0.4028484375 0.5841265625000001 0.412634375 0.5609546875 0.4335109375 0.5609359375 0.4350734375 0.5588328125 0.4366875 0.558584375 0.45699375 0.56669375 0.47553124999999996 0.574934375 0.483134375 0.5956796875 0.49042812500000005 0.631090625 0.491109375 0.6478203125 0.4860078125 0.6646640625 0.4715359375 0.6670140625000001 0.449615625 0.6649875 0.44498125
4 0.7717703124999999 0.40172656250000005 0.7719234375 0.3892296875 0.7658796875 0.3722015625 0.7555359375 0.3662125 0.74721875 0.3648578125 0.7327250000000001 0.357409375 0.711884375 0.35792812500000004 0.70978125 0.3595421875 0.6993609375000001 0.3598015625 0.6742375 0.36979531250000003 0.65324375 0.382809375 0.64479375 0.3923890625 0.644775 0.39394999999999997 0.6404921875 0.4034265625 0.6402828125 0.420609375 0.6422718749999999 0.42836718749999997 0.6505124999999999 0.4359703125 0.671240625 0.44482499999999997 0.6795578124999999 0.44617968750000003 0.7087343749999999 0.4454546875 0.7254828125 0.4387921875 0.7569734375 0.4192703125 0.7717703124999999 0.40172656250000005
2 0.754425 0.6285875 0.7525109375000001 0.6145796875 0.754653125 0.6098421875 0.75065625 0.5958875 0.7320515624999999 0.58385625 0.690578125 0.567709375 0.6843265625 0.567865625 0.6656453124999999 0.5620828125 0.653140625 0.56239375 0.6384953125 0.5674421875 0.6301015624999999 0.5723359375 0.6111171875 0.5915468749999999 0.611096875 0.5931093749999999 0.6108890625 0.6102921875 0.6148859375 0.624246875 0.62721875 0.6379937499999999 0.6375437500000001 0.6455453125 0.654121875 0.6529421875 0.6790546875000001 0.6585687499999999 0.7040453125 0.6595093750000001 0.7459171875 0.642853125 0.7522453125 0.6364484375 0.754425 0.6285875
0 0.7799859375 0.582665625 0.8030625 0.5696 0.8094281249999999 0.560071875 0.8095812499999999 0.5475749999999999 0.8159671875000001 0.5364859375 0.8160609375 0.528675 0.795525 0.5042 0.783115625 0.4967 0.7561171875 0.48956406250000006 0.7456968749999999 0.4898234375 0.74363125 0.4883125 0.7144546875 0.48903749999999996 0.7039953125 0.4924203125 0.678796875 0.5086625 0.6703265625 0.5198046875 0.6703078125 0.5213656249999999 0.6660640625 0.52771875 0.6677671875 0.5589078125 0.6801953125 0.5648453124999999 0.7009796875000001 0.5690125 0.7300046874999999 0.580784375 0.7424140625 0.588284375 0.7528343750000001 0.588025 0.7549 0.5895359375 0.7674234375 0.5876625 0.7799859375 0.582665625
4 0.9749546875 0.3123515625 0.9210921875 0.2871421875 0.9127562499999999 0.28735 0.893675 0.3143703125 0.89365625 0.3159328125 0.889375 0.325409375 0.889240625 0.33634375 0.8932953124999999 0.3456125 0.9179812500000001 0.3715453125 0.930409375 0.3774828125 0.947025 0.3817546875 0.9699500000000001 0.3811859375 0.9845953125 0.3761359375 0.9853375 0.315215625 0.9749546875 0.3123515625
2 0.938328125 0.411640625 0.9383078125000001 0.413203125 0.9340265625 0.42267968749999996 0.9338921875 0.43361406249999995 0.9440468750000001 0.45522343750000005 0.964678125 0.4718890625 0.979190625 0.47777343749999995 0.983359375 0.4776703125 0.9845578125 0.3792609375 0.963659375 0.3844640625 0.9489375000000001 0.3957625 0.938328125 0.411640625
1 0.89795 0.4766703125 0.9084843749999999 0.46703906249999994 0.9169734375 0.454334375 0.92129375 0.44173437499999996 0.9214828125000001 0.42611406250000006 0.905153125 0.3984109375 0.8886328125 0.3863296875 0.8532984375 0.3794 0.819953125 0.38022812500000003 0.7927453125 0.3902734375 0.7717328125 0.40485 0.756878125 0.42708124999999997 0.756859375 0.42864375 0.7566125 0.44894999999999996 0.7729421875 0.476653125 0.78944375 0.490296875 0.7936124999999999 0.49019375 0.7998078125 0.494725 0.8164609374999999 0.495871875 0.824759375 0.49878906250000005 0.8623296874999999 0.49317031250000004 0.8853500000000001 0.48479062500000003 0.89795 0.4766703125
1 0.944009375 0.45834843750000004 0.9378703125 0.44913125000000004 0.9338546875 0.4367375 0.9297437499999999 0.4321546875 0.925575 0.432259375 0.9233390625 0.4448078125 0.912671875 0.4653734375 0.88951875 0.4846875 0.8895 0.48624999999999996 0.8894046875000001 0.49405937499999997 0.8934390625 0.504890625 0.9078375 0.5201484375 0.9347984374999999 0.530409375 0.9535171874999999 0.5330671875 0.9827515625000001 0.5276562499999999 0.983340625 0.4792328125 0.9791718749999999 0.4793359375 0.9646593749999999 0.47345 0.944009375 0.45834843750000004
4 0.851871875 0.496553125 0.8226749999999999 0.498840625 0.8206093750000001 0.49733124999999995 0.80810625 0.497640625 0.789425 0.49185937500000004 0.7894062500000001 0.493421875 0.7996546875 0.5072203125 0.81615625 0.520865625 0.818259375 0.5192515625 0.8265578124999999 0.52216875 0.8369781250000001 0.521909375 0.8726546875000001 0.500721875 0.8789265625 0.4990046875 0.8832093750000001 0.489528125 0.874871875 0.4897359375 0.851871875 0.496553125
4 0.9678953124999999 0.5498875 0.974225 0.543484375 0.9743578125000001 0.53255 0.9472453125 0.534784375 0.9160984375 0.5261890625000001 0.9016234375 0.5171796875 0.88724375 0.500359375 0.8768046875 0.50218125 0.8621390625 0.5087906249999999 0.8495593749999999 0.51535 0.845334375 0.520140625 0.8453156249999999 0.5217015625 0.847228125 0.5357093749999999 0.8553734375 0.551121875 0.87600625 0.5677875 0.8843046875 0.5707046874999999 0.89055625 0.5705484375000001 0.90921875 0.5778921875 0.927975 0.5774265625 0.9468078125 0.5707125 0.9678578124999999 0.5530125 0.9678953124999999 0.5498875
2 0.9070765625 0.58263125 0.9050499999999999 0.577996875 0.892621875 0.572059375 0.8801359375000001 0.5708078125 0.853290625 0.5511734374999999 0.8492546875 0.54034375 0.8430781250000001 0.53425 0.820171875 0.5332578125 0.8116843749999999 0.5459609375000001 0.81149375 0.5615828125 0.8093718750000001 0.5647578125 0.796734375 0.576003125 0.784171875 0.581 0.7736562499999999 0.58906875 0.775721875 0.5905796875 0.78390625 0.6028687500000001 0.8129312499999999 0.614640625 0.8294703125 0.6251609375 0.8440218749999999 0.627921875 0.8586109375 0.6275593749999999 0.8774625 0.6192828125000001 0.8941546875 0.6173062500000001 0.9004828125 0.610903125 0.9047265624999999 0.6045515625 0.9070765625 0.58263125
5 0.63066875 0.1834875 0.6307265625 0.17880000000000001 0.64131875 0.16448281250000002 0.6227140624999999 0.152453125 0.61233125 0.1495875 0.556384375 0.12443125 0.55013125 0.1245859375 0.543746875 0.1356765625 0.5437265625000001 0.13723749999999998 0.5394062500000001 0.1498375 0.539196875 0.1670203125 0.543175 0.1825375 0.555490625 0.197846875 0.565815625 0.20539843750000003 0.5865421875 0.21425312500000002 0.613615625 0.2151421875 0.617821875 0.2119140625 0.624303125 0.1930140625 0.63066875 0.1834875
5 0.910709375 0.284278125 0.900384375 0.2767265625 0.8755078125000001 0.2664125 0.8693125 0.2618828125 0.8009000000000001 0.23391250000000002 0.794646875 0.2340671875 0.790440625 0.2372953125 0.777575 0.267284375 0.7775562500000001 0.26884687500000004 0.7774609375 0.2766578125 0.7814953124999999 0.2874890625 0.7855875 0.2936328125 0.7959140625 0.301184375 0.8228734375 0.31144531249999996 0.854059375 0.3169171875 0.8853203125 0.316140625 0.8937328125 0.309684375 0.9022593750000001 0.29385625000000004 0.910709375 0.284278125
5 0.669403125 0.42457031250000005 0.6686234375 0.48861406250000006 0.7707437500000001 0.4860765625 0.7715234375 0.4220328125 0.669403125 0.42457031250000005
5 0.8414421875 0.6685875 0.841671875 0.6498421875 0.8376546875 0.6374500000000001 0.8294328125 0.628284375 0.8087624999999999 0.6147437499999999 0.7901015625000001 0.6073999999999999 0.7630078124999999 0.6080734375 0.7588203124999999 0.6097390625 0.7545578125 0.617653125 0.7566234374999999 0.6191625000000001 0.7564328125 0.6347828125 0.7543109375 0.637959375 0.7437953125 0.6460281250000001 0.7102968749999999 0.659353125 0.7061296875 0.6594578125 0.7019234375 0.662684375 0.7019031250000001 0.664246875 0.7038359375 0.6766921875 0.7120015625 0.69054375 0.728503125 0.7041875 0.7471640625 0.71153125 0.7617140625000001 0.7142937500000001 0.7888078125 0.7136203125 0.80135 0.710184375 0.8244281250000001 0.69711875 0.83501875 0.6828015625 0.8414421875 0.6685875
0 0.6230703125 0.6365359374999999 0.6107750000000001 0.6196640625 0.6089187500000001 0.600971875 0.606853125 0.5994609375 0.5982890624999999 0.6184125 0.5982703125 0.6199749999999999 0.602228125 0.637053125 0.6104125 0.64934375 0.6166078125000001 0.6538734374999999 0.6519046875 0.663928125 0.6685765625 0.6635140625 0.6769515625 0.6601828125 0.6603171875 0.6574718749999999 0.6520374999999999 0.65299375 0.6437203125 0.6516390624999999 0.6230703125 0.6365359374999999
