2 0.6908796875000001 0.40004687499999997 0.7047109375 0.4102546875 0.721759375 0.41624999999999995 0.746759375 0.41587968750000004 0.75461875 0.41368124999999994 0.7674890624999999 0.396828125 0.7708453125 0.386365625 0.7772796875 0.3779390625 0.7822921875 0.3632875 0.7953015625 0.3401859375 0.8199421875 0.285671875 0.820034375 0.2815046875 0.8003234375 0.254721875 0.7802890625 0.2425234375 0.7787265624999999 0.242546875 0.7600234375 0.240740625 0.7584140625 0.242846875 0.7474765624999999 0.24300937500000003 0.715903125 0.25805625 0.698390625 0.27289375 0.6839125 0.2918515625 0.6757296875 0.308634375 0.6729171875 0.3649078125 0.680265625 0.385625 0.6908796875000001 0.40004687499999997
2 0.42349531249999994 0.76430625 0.4453703125 0.76398125 0.4612265625 0.7533328125 0.46922499999999995 0.744884375 0.48186406249999997 0.7384484375 0.4882984375 0.7300234375 0.49340312500000005 0.711203125 0.49188593750000004 0.70914375 0.495428125 0.690346875 0.4960765625 0.66118125 0.48891249999999997 0.6321296875 0.4692484375 0.6032640625 0.45389999999999997 0.5909953125 0.426053125 0.5789125 0.42449062499999995 0.5789359375 0.3962734375 0.58351875 0.3756359375 0.598403125 0.36101875 0.6236109375 0.354259375 0.6466203125 0.35351875 0.679953125 0.3606828125 0.7090046875 0.3651859375 0.71726875 0.372765625 0.72756875 0.394178125 0.7480781249999999 0.42349531249999994 0.76430625
2 0.5712390625 0.79335625 0.5743171874999999 0.79539375 0.585671875 0.77648125 0.6200109375 0.7072453125 0.6201046875 0.703078125 0.6048953125 0.6845609375 0.59414375 0.6763890625 0.5817359375 0.6724078125 0.5801734374999999 0.67243125 0.5629859374999999 0.6726859375 0.55195625 0.6770140625 0.534259375 0.7001859375 0.52148125 0.7128703125 0.5164703125 0.7275234375 0.51789375 0.73375 0.5364578125 0.74180625 0.5517593749999999 0.7561578124999999 0.5638421874999999 0.774721875 0.5712390625 0.79335625
0 0.4726390625 0.9426859375 0.4772796875 0.9446984374999999 0.4804515625 0.9425687500000001 0.485 0.9487500000000001 0.491296875 0.9465734375 0.49437499999999995 0.9486109375 0.4992015625 0.9422921875 0.5039359375 0.9401390624999999 0.523471875 0.9044437500000001 0.554734375 0.833171875 0.5644796875 0.8163656250000001 0.56944375 0.803796875 0.5695828125 0.797546875 0.5607640625 0.7726859375 0.54100625 0.7479859375 0.5333328125000001 0.7418515625000001 0.50539375 0.7339359375 0.5037843750000001 0.7360421875000001 0.492846875 0.7362031250000001 0.47391249999999996 0.7448140624999999 0.45800937499999994 0.757546875 0.44679375 0.7702078125 0.43364531250000005 0.7995609375 0.42849531250000006 0.8204625 0.42756875 0.8621296875000001 0.436203125 0.8953234374999999 0.45577500000000004 0.92835625 0.4726390625 0.9426859375
0 0.4160296875 0.889375 0.4270609375 0.8850468749999999 0.428715625 0.8808562500000001 0.42591406249999997 0.8663187499999999 0.42637656249999994 0.8454859375 0.4248609375 0.8434265625 0.4269796875 0.818403125 0.4354390625 0.7891203124999999 0.4435765625 0.774421875 0.44532343750000003 0.7660640625 0.42188593750000003 0.7664125 0.4126046875 0.762384375 0.3864578125 0.744028125 0.3773140625 0.73375 0.37575156249999997 0.7337734375 0.3727203125 0.729653125 0.3649078125 0.7297687500000001 0.347303125 0.7487734374999999 0.340775 0.761365625 0.33075156250000004 0.7906718749999999 0.3313890625 0.8323140625000001 0.338784375 0.8509484374999999 0.35399375 0.8694671875 0.38482656249999997 0.8877546875 0.4160296875 0.889375
0 0.17098437500000002 0.6701625 0.1845828125 0.6907875 0.203009375 0.7050921875 0.23889999999999997 0.70664375 0.25622656250000003 0.7001390625 0.2721296875 0.6874078124999999 0.286609375 0.6684484375 0.2949765625 0.6433328125 0.29548593749999996 0.6204171875 0.29273125 0.603796875 0.282534375 0.5706249999999999 0.2673265625 0.55210625 0.2534484375 0.5439812500000001 0.2518859375 0.5440046875 0.2346984375 0.544259375 0.22210625 0.5486109375 0.1936109375 0.56569375 0.1743984375 0.58680625 0.16626093749999998 0.6015046875000001 0.16616875 0.605671875 0.1595953125 0.620346875 0.15931718749999998 0.632846875 0.166759375 0.6493984375 0.17098437500000002 0.6701625
0 0.494965625 0.71118125 0.49648125 0.713240625 0.50429375 0.713125 0.5231828125 0.706596875 0.5359140625000001 0.6959953125 0.548784375 0.6791437499999999 0.5603703125 0.6498140625 0.565475 0.6309953125 0.5642828125 0.6143515625 0.5543171874999999 0.5707640625 0.5467359375 0.5604625000000001 0.5344671875 0.5502312500000001 0.514340625 0.5421984375 0.512778125 0.542221875 0.46116875 0.54506875 0.446828125 0.557778125 0.4355203125 0.57460625 0.43694375 0.5808328125 0.44778906249999995 0.5848375 0.46929375 0.60118125 0.4874890625 0.625903125 0.49483750000000004 0.6466203125 0.49763906249999995 0.6611578125 0.494965625 0.71118125
0 0.46283593749999996 0.18891249999999998 0.4735421875 0.1991671875 0.47666718750000003 0.1991203125 0.48741874999999996 0.2072921875 0.49987343749999996 0.2091890625 0.5060296875 0.21326406250000002 0.5341546875 0.21284687500000002 0.54679375 0.20641250000000003 0.5532296875 0.1979859375 0.5584718750000001 0.1729171875 0.5700109375 0.145671875 0.5721765624999999 0.1185640625 0.569375 0.104028125 0.55430625 0.07925937499999999 0.537534375 0.06076406250000001 0.522140625 0.050578124999999995 0.520578125 0.050601562499999996 0.5159374999999999 0.0485875 0.495625 0.048889062500000004 0.4861578125 0.05319375 0.46850625 0.07428281249999999 0.45692187500000003 0.10361093750000001 0.45673593749999997 0.11194375000000001 0.44993125 0.13703749999999998 0.44951406250000003 0.1557875 0.45534687500000004 0.17444375 0.46283593749999996 0.18891249999999998
0 0.46017343750000006 0.4492828125 0.4682640625 0.4366671875 0.47460625 0.4324078125 0.4746984375 0.42824062500000004 0.460821875 0.42011562500000005 0.45319374999999995 0.4118984375 0.4410640625 0.3954171875 0.436609375 0.38506874999999996 0.43735 0.3517359375 0.44240781250000005 0.335 0.4472796875 0.326596875 0.4457171875 0.3266203125 0.44415468750000003 0.32664375 0.433125 0.330971875 0.42039375 0.3415734375 0.39897031250000003 0.39187500000000003 0.39850625 0.4127078125 0.39993124999999996 0.4189359375 0.404525 0.42303281249999997 0.4201046875 0.424884375 0.4354984375 0.43506875 0.45222187500000005 0.4556484375 0.46017343750000006 0.4492828125
0 0.2962609375 0.374653125 0.295890625 0.39131875 0.301725 0.4099765625 0.31110000000000004 0.40983749999999997 0.3237390625 0.403403125 0.3315515625 0.40328749999999997 0.33633125 0.3990515625 0.3014578125 0.35166718750000003 0.30141249999999997 0.35375 0.2962609375 0.374653125
5 0.460278125 0.0931484375 0.4587609375 0.0910875 0.45090312499999996 0.0932875 0.436609375 0.1039125 0.4221296875 0.1228703125 0.41210625 0.1521765625 0.41164375 0.173009375 0.43130781249999994 0.20187499999999997 0.4371875 0.21844843749999998 0.4370484375 0.2246984375 0.4386109375 0.2246765625 0.46852968749999996 0.21381875 0.46866874999999997 0.20756875 0.46269687499999995 0.1951625 0.46131875000000006 0.18685156249999998 0.453784375 0.1744671875 0.4479515625 0.1558109375 0.44841406250000004 0.1349765625 0.45517343749999994 0.11196718750000001 0.455359375 0.10363437499999999 0.460278125 0.0931484375
5 0.640346875 0.2841671875 0.6435187499999999 0.2820375 0.6436578125 0.27578749999999996 0.6379625 0.2508796875 0.6383796875 0.2321296875 0.6467484375 0.2070140625 0.66118125 0.19013906249999998 0.662928125 0.1817828125 0.6614578125 0.1776390625 0.6491890625 0.1674078125 0.6336578125 0.163471875 0.6320953125 0.1634953125 0.6149078125 0.16375 0.6085640625 0.168009375 0.6038765625 0.168078125 0.5864125 0.1808328125 0.56866875 0.20608749999999998 0.5599765624999999 0.2457875 0.5659484375 0.25819375 0.5813421875 0.2683796875 0.595265625 0.274421875 0.640346875 0.2841671875
5 0.4721984375 0.540740625 0.4940734375 0.5404171875 0.49724531250000004 0.5382875 0.4987609375 0.540346875 0.5034953125 0.53819375 0.512778125 0.542221875 0.5361234375 0.5460421875 0.539340625 0.541828125 0.5427890625 0.5271984375 0.5492703125 0.5166890625 0.5510640625 0.50625 0.557546875 0.495740625 0.5609031250000001 0.48527812499999995 0.5381140624999999 0.45645781249999995 0.5264 0.42122656249999996 0.5233218749999999 0.4191890625 0.521759375 0.4192125 0.51868125 0.4171765625 0.510821875 0.41937499999999994 0.47929374999999996 0.43233750000000004 0.4633453125 0.447153125 0.45520781250000003 0.4618515625 0.45180625 0.4743984375 0.449178125 0.5223375 0.452071875 0.5327078125 0.45960625000000005 0.5450921875 0.4721984375 0.540740625
5 0.3317828125 0.39287031250000004 0.33945625 0.3990046875 0.347221875 0.40097187500000003 0.37217656250000003 0.4026859375 0.38476875 0.39833281249999997 0.3991546875 0.3835421875 0.408946875 0.36465312499999997 0.41395781249999997 0.35 0.4161234375 0.32289375 0.410428125 0.2979859375 0.3953125 0.27530156250000004 0.3784953125 0.2588890625 0.3599765625 0.24874999999999997 0.35841406249999996 0.2487734375 0.34283593749999997 0.246921875 0.3365390625 0.249096875 0.315903125 0.26398125 0.306203125 0.278703125 0.2996296875 0.2933796875 0.297928125 0.29965312499999996 0.2973265625 0.32673593749999996 0.30756875 0.3578234375 0.318090625 0.3764125 0.3317828125 0.39287031250000004
3 0.24 0.446296875 0.236875 0.4463421875 0.1907296875 0.4845140625 0.168159375 0.5160875 0.1680203125 0.5223375 0.16475625 0.528634375 0.164340625 0.547384375 0.1670953125 0.5640046875 0.1509609375 0.587153125 0.1459953125 0.599721875 0.147140625 0.6184484375 0.1501734375 0.62256875 0.1564234375 0.6224765624999999 0.1663546875 0.5973375 0.193703125 0.5615281249999999 0.2253234375 0.5443984375 0.256759375 0.5356015625 0.30267343750000003 0.507846875 0.30736093750000004 0.507778125 0.3310765625 0.49493124999999993 0.34835625000000003 0.49050937499999997 0.35819375 0.46953750000000005 0.36789375 0.4548140625 0.3807640625 0.4379625 0.390278125 0.4315734375 0.39671249999999997 0.4231484375 0.39381875 0.412778125 0.3892703125 0.40659687499999997 0.38462968750000004 0.4045828125 0.3830671875 0.40460624999999995 0.3362390625 0.4032171875 0.3267703125 0.4075234375 0.3189578125 0.40763906250000004 0.30788125 0.41405156249999997 0.30006875 0.41416718750000003 0.284259375 0.42273125 0.27483749999999996 0.42495312500000004 0.2700578125 0.4291890625 0.2653703125 0.429259375 0.24 0.446296875
3 0.5457171875 0.3251390625 0.5535765625 0.32293906250000004 0.5631828125 0.312384375 0.572696875 0.3059953125 0.58680625 0.303703125 0.5944328125 0.311921875 0.6038078125 0.3117828125 0.6161234375 0.31993125 0.6316546875 0.323865625 0.6424531250000001 0.32995312499999996 0.65756875 0.3526390625 0.6619796874999999 0.36506875 0.6632171875 0.3796296875 0.66625 0.38375 0.6756249999999999 0.38361093749999997 0.6757171875 0.37944374999999997 0.6698375000000001 0.3628703125 0.6741671874999999 0.3086578125 0.67118125 0.302453125 0.645034375 0.284096875 0.630971875 0.28430625 0.6201265625 0.2803015625 0.6107515625 0.2804390625 0.6030328125 0.2763890625 0.584375 0.2725 0.5674187500000001 0.2623375 0.5462390625 0.23141250000000002 0.530890625 0.21914375000000003 0.502859375 0.21539375 0.465775 0.1971984375 0.4657296875 0.1992828125 0.48828750000000004 0.23851874999999997 0.48663125 0.2427078125 0.48584531249999996 0.278125 0.4873609375 0.2801859375 0.48712968749999996 0.2906015625 0.49011562499999994 0.29680625 0.5182875 0.29430625 0.52756875 0.2983328125 0.535196875 0.30655156250000004 0.5457171875 0.3251390625
1 0.34444375 0.2448140625 0.3600234375 0.2466671875 0.3816203125 0.2588421875 0.399953125 0.2773140625 0.4123609375 0.281296875 0.42040468750000004 0.27076406249999996 0.423715625 0.262384375 0.4256015625 0.24777812500000002 0.43539374999999997 0.22888906250000002 0.435578125 0.22055625 0.4297453125 0.2018984375 0.42069375000000003 0.187453125 0.40851875 0.17305625 0.393125 0.1628703125 0.3915625 0.16289375 0.38227968749999997 0.158865625 0.3619671875 0.1591671875 0.34454843749999997 0.1698375 0.333240625 0.1866671875 0.3312609375 0.2054390625 0.32270781249999997 0.23888906250000003 0.3224765625 0.24930625 0.327071875 0.253403125 0.3318515625 0.24916718750000003 0.34444375 0.2448140625
1 0.3666890625 0.5089812499999999 0.2854390625 0.5101859375 0.28210625 0.6601859375 0.36335625 0.65898125 0.3666890625 0.5089812499999999
1 0.349653125 0.7133328125 0.35898125 0.715278125 0.360590625 0.713171875 0.35200156250000003 0.67789375 0.3526046875 0.6508109375 0.3578015625 0.6278234375 0.3740734375 0.5984265625 0.382071875 0.5899765625 0.40105312499999995 0.5792828125 0.41828750000000003 0.5769437500000001 0.426053125 0.5789125 0.4231140625 0.5706249999999999 0.41553281249999996 0.5603234375 0.3954046875 0.5522921875 0.3829046875 0.5524765625 0.3813890625 0.5504171875 0.3766546875 0.55256875 0.3751390625 0.5505093750000001 0.3735296875 0.5526156249999999 0.3657171875 0.55273125 0.3451734375 0.5634484375000001 0.330740625 0.5803234374999999 0.31929375000000004 0.603403125 0.31235 0.6347453125 0.31211875 0.6451625 0.3178125 0.67006875 0.3268171875 0.686596875 0.3404625 0.7051390625 0.349653125 0.7133328125
1 0.33594843750000003 0.7676859375 0.345740625 0.748796875 0.365046875 0.72351875 0.3604984375 0.7173375 0.3558109375 0.7174078125000001 0.33738437499999996 0.7031015625 0.323784375 0.6824765625 0.322221875 0.6825 0.31914375 0.6804625 0.314409375 0.6826156250000001 0.299884375 0.7036578125 0.2946875 0.72664375 0.294225 0.7474765624999999 0.297025 0.7620140625 0.30593750000000003 0.7827078125 0.31972187500000004 0.795 0.32753437500000004 0.794884375 0.33594843750000003 0.7676859375
1 0.5268640625 0.40039375 0.5283796875 0.40245312499999997 0.528009375 0.41912031250000004 0.5309953125 0.4253234375 0.5322796875 0.43780156249999996 0.53820625 0.4522921875 0.5487734375 0.46879687499999995 0.5609953125 0.4811109375 0.57023125 0.487221875 0.60929375 0.48664375 0.6250578124999999 0.48016249999999994 0.6393984374999999 0.467453125 0.6476265625 0.44858750000000003 0.652453125 0.44226875000000004 0.6575109375 0.4255328125 0.6615624999999999 0.38381875 0.6586234375 0.37553281250000003 0.6574312499999999 0.35888906249999997 0.6423609375 0.33412031249999996 0.628484375 0.3259953125 0.6129515624999999 0.3220609375 0.6021984375 0.31388906250000004 0.5943859375 0.3140046875 0.5897921875 0.3099078125 0.5882296874999999 0.30993125 0.5867125 0.3078703125 0.5757749999999999 0.3080328125 0.5663078125000001 0.3123375 0.55835625 0.318703125 0.5487031250000001 0.3313421875 0.5470015625 0.33761562500000003 0.54383125 0.3397453125 0.5356484375 0.356528125 0.5288421875 0.3816203125 0.5268640625 0.40039375
1 0.6731140625 0.566921875 0.6886453125 0.5708562500000001 0.6983453125 0.556134375 0.7133328125 0.514259375 0.718159375 0.5079390625 0.7281828124999999 0.47863437500000006 0.7429390625 0.4471765625 0.743125 0.4388421875 0.7247921875000001 0.42037031249999995 0.7232296875 0.42039375 0.7108218749999999 0.4164125 0.6764 0.41900468750000003 0.665278125 0.42750000000000005 0.654015625 0.4422453125 0.6409140625 0.46951406249999994 0.6374187499999999 0.4862265625 0.63695625 0.5070609375 0.6426499999999999 0.5319671875 0.6576734375 0.55881875 0.6731140625 0.566921875
1 0.456840625 0.318125 0.48694375 0.29893593749999997 0.48460625 0.26356406250000003 0.483090625 0.2615046875 0.4847453125 0.2573140625 0.4852546875 0.23439843749999997 0.471609375 0.21585625 0.47000000000000003 0.2179625 0.460625 0.2181015625 0.45428281249999997 0.22236093750000002 0.44959531249999996 0.22243125 0.44008125 0.22881875 0.43364531250000005 0.23724531249999997 0.42362343750000003 0.2665515625 0.4248140625 0.28319375 0.43519687500000004 0.3080328125 0.44585625 0.32037031250000003 0.456840625 0.318125
4 0.4654625 0.4221296875 0.4747921875 0.4240734375 0.4778234375 0.42819375 0.48407343750000004 0.42810156250000003 0.5236453125 0.40460624999999995 0.5239703125 0.3900234375 0.530775 0.36493125000000004 0.5422687500000001 0.33976875 0.5470953125 0.33344843750000003 0.5471874999999999 0.3292828125 0.53804375 0.3190046875 0.5290390625 0.3024765625 0.52131875 0.2984265625 0.51975625 0.2984484375 0.501053125 0.29664375 0.49944375 0.29874999999999996 0.49163125 0.298865625 0.45840312499999997 0.3181015625 0.447234375 0.32868125 0.4389578125 0.3496296875 0.4367015625 0.380903125 0.4395953125 0.3912734375 0.45475625 0.41187500000000005 0.4654625 0.4221296875
4 0.700046875 0.268703125 0.7159484375 0.255971875 0.7381015625 0.2431484375 0.738240625 0.2368984375 0.7338765625 0.222384375 0.7217015625000001 0.2079859375 0.7188078124999999 0.19761562500000002 0.71274375 0.18937500000000002 0.69881875 0.1833328125 0.69725625 0.18335625 0.681678125 0.18150468749999998 0.6675234375 0.1858796875 0.6483109375 0.20699062499999998 0.6399890625 0.2300234375 0.6394796875 0.2529390625 0.6466890624999999 0.27990781249999996 0.6712265625 0.3003703125 0.6774765625 0.300278125 0.6840046875 0.2876859375 0.700046875 0.268703125
4 0.3555203125 0.5195609375 0.3644328125 0.5402546874999999 0.37054375 0.5464125 0.3767484375 0.548403125 0.38304375 0.5462265625 0.3845609375 0.5482875 0.40956093750000006 0.5479171875 0.42219843749999997 0.54148125 0.42707187500000005 0.5330781250000001 0.43175937500000006 0.533009375 0.4446296875 0.5161578125 0.44670156250000004 0.4932171875 0.44831093749999995 0.49111093749999996 0.447025 0.47863437500000006 0.448634375 0.476528125 0.44284687500000003 0.4557875 0.4323265625 0.43719843750000004 0.4292015625 0.4372453125 0.424653125 0.43106406249999996 0.42309062500000005 0.4310875 0.4122921875 0.425 0.40135468750000003 0.4251625 0.391840625 0.4315515625 0.37910937499999997 0.44215312500000004 0.3710640625 0.45268593749999997 0.361365625 0.4674078125 0.3531359375 0.48627343749999996 0.35281250000000003 0.50085625 0.35570625 0.5112265625 0.3555203125 0.5195609375
4 0.5678234375 0.59555625 0.57241875 0.599653125 0.59585625 0.5993062499999999 0.6135531249999999 0.576134375 0.6246765625 0.5676390625 0.6248140624999999 0.5613890625 0.6296875 0.5529859375 0.6282640625 0.5467593749999999 0.6300578125 0.5363187500000001 0.6348843750000001 0.53 0.6318515625 0.5258796875 0.6350687500000001 0.5216671875000001 0.6305203125000001 0.5154859375 0.6321296875 0.5133796875 0.632453125 0.49879687500000003 0.62491875 0.48641249999999997 0.62335625 0.4864359375 0.6201859375 0.48856406249999995 0.5638421874999999 0.49356406249999996 0.5557515625 0.50618125 0.5556593750000001 0.510346875 0.5524421875 0.5145609375 0.5441203125 0.5375921875 0.5454046875 0.55006875 0.5545015624999999 0.56243125 0.5602437499999999 0.5852546875 0.5678234375 0.59555625
4 0.644421875 0.6631484375000001 0.6556359375 0.6504859374999999 0.657384375 0.6421296875 0.6559140625000001 0.6379859375 0.6737968750000001 0.6064812500000001 0.6724187500000001 0.598171875 0.65711875 0.58381875 0.64631875 0.57773125 0.64475625 0.5777546874999999 0.632303125 0.57585625 0.61180625 0.584490625 0.5988890625 0.6034265624999999 0.5921765625 0.6243515625 0.593090625 0.6534953125 0.5974999999999999 0.6659265624999999 0.6140859375 0.6927546875 0.6248843749999999 0.6988421875 0.6313187499999999 0.6904171875 0.644421875 0.6631484375000001
