3 0.585428125 0.36014843750000003 0.586828125 0.377475 0.5525828125000001 0.39832812500000003 0.5457796874999999 0.41189375000000006 0.483371875 0.6685265625000001 0.48229375 0.7482796875 0.49777343749999997 0.7792109375 0.51436875 0.78205 0.5402843749999999 0.7605578125 0.5968656250000001 0.650625 0.6641546875000001 0.42880624999999994 0.6627546875 0.41147968749999997 0.6426140625000001 0.39271406249999996 0.645440625 0.3741453125 0.6654203125 0.344371875 0.641053125 0.326846875 0.624334375 0.3271296875 0.5965828125 0.34221875 0.585428125 0.36014843750000003
2 0.4666328125 0.19605625 0.4674125 0.2289890625 0.48105937499999996 0.2535171875 0.489325 0.2557171875 0.523384375 0.239546875 0.5798515625 0.23761875 0.6309781250000001 0.2650234375 0.6439046875 0.2550578125 0.6444625 0.24101093750000002 0.6293546875 0.2007171875 0.5862484375 0.18175468749999998 0.5496359375 0.1570296875 0.5035171875 0.1613171875 0.47999375000000005 0.175165625 0.4666328125 0.19605625
2 0.358975 0.43512812500000003 0.3665234375 0.40283281249999997 0.3796984375 0.386625 0.4305390625 0.3686109375 0.410709375 0.34204375 0.3647765625 0.3416484375 0.33525312500000004 0.348775 0.3181 0.3599828125 0.30411875 0.3964796875 0.3240734375 0.4199265625 0.3485640625 0.43432812500000006 0.358975 0.43512812500000003
4 0.41765937500000005 0.5351203124999999 0.457221875 0.5381578124999999 0.48270468749999995 0.5275890624999999 0.4943546875 0.49717500000000003 0.4744 0.47372812499999994 0.445684375 0.4605671875 0.4165953125 0.45676875 0.370290625 0.46573906249999997 0.34260156249999996 0.47926718749999997 0.338784375 0.52280625 0.3713546875 0.544090625 0.41765937500000005 0.5351203124999999
4 0.3367640625 0.5210859375 0.3405203125 0.4791078125 0.33433437499999996 0.47706875000000004 0.3026671875 0.4855953125 0.2915125 0.503525 0.3066203125 0.54381875 0.3266375 0.5657046875 0.34935625 0.5721453125 0.37539531249999997 0.54753125 0.3367640625 0.5210859375
4 0.51610625 0.4753640625 0.528290625 0.4841265625 0.546275 0.399409375 0.522875 0.41013593750000005 0.5117812500000001 0.42650468750000003 0.5083359375 0.4606796875 0.51610625 0.4753640625
5 0.431303125 0.8226375000000001 0.4141125 0.7821828125 0.39873125 0.8013515625000001 0.39749218750000004 0.832565625 0.4036140625 0.8361656249999999 0.431303125 0.8226375000000001
5 0.507865625 0.41994218749999995 0.51190625 0.4233828125 0.5229375 0.408575 0.554975 0.39068437500000003 0.5156609375000001 0.38140625 0.506775 0.3948125 0.507865625 0.41994218749999995
5 0.6607375 0.1467703125 0.68193125 0.1390046875 0.6843859375 0.1298015625 0.64400625 0.0421703125 0.5732109375000001 0.0367375 0.5361390625 0.0761578125 0.532259375 0.1212578125 0.549759375 0.15390781250000002 0.606821875 0.1895953125 0.633890625 0.19167343750000002 0.6607375 0.1467703125
0 0.311428125 0.7382984375 0.3481015625 0.7614625 0.3834375 0.7657390625 0.41283593749999997 0.761734375 0.4305484375 0.73648125 0.46289687500000004 0.7107875 0.453415625 0.686578125 0.391134375 0.677103125 0.358625 0.6542578125 0.348834375 0.6378515625000001 0.34050625 0.6372125 0.3017859375 0.66555 0.291784375 0.707046875 0.311428125 0.7382984375
0 0.46148749999999994 0.3255890625 0.4892125 0.36372187500000003 0.5136421875 0.37968437499999996 0.5592640624999999 0.3878828125 0.5699234375 0.3824390625 0.5715343749999999 0.3418625 0.58066875 0.3222125 0.604875 0.291196875 0.6346468749999999 0.277828125 0.6288328125 0.26642343749999997 0.5880578125 0.2413796875 0.5148703125 0.24358906249999998 0.48503749999999995 0.25851875 0.46083125 0.289534375 0.46148749999999994 0.3255890625
0 0.6562 0.15581562499999999 0.6330843749999999 0.2119609375 0.6522953125 0.25413593749999996 0.678496875 0.2780625 0.6949687499999999 0.28402343750000003 0.755165625 0.29333906249999997 0.7307625 0.224153125 0.6861578125000001 0.1377640625 0.6562 0.15581562499999999
0 0.74458125 0.40210468749999995 0.7322484375 0.44968593749999997 0.7634562500000001 0.5053046875 0.7877609375 0.5243890625 0.8227859375 0.5364687499999999 0.8708 0.5370234375 0.80375 0.38472968750000003 0.7878359374999999 0.3647234375 0.74458125 0.40210468749999995
0 0.5955015625 0.684959375 0.5627187499999999 0.721578125 0.5591484375 0.758875 0.5758687499999999 0.7585921875 0.6928687499999999 0.7049546875 0.688296875 0.6623375 0.642178125 0.6666265625000001 0.5955015625 0.684959375
1 0.33237656250000003 0.4737875 0.34695156250000003 0.47490625 0.36845625000000004 0.4593359375 0.3588515625 0.4382484375 0.32811406249999997 0.42336718749999996 0.3206265625 0.45410000000000006 0.33237656250000003 0.4737875
1 0.3704140625 0.46261718749999997 0.42290312500000005 0.45568749999999997 0.4765453125 0.47232812500000004 0.501840625 0.46644218750000005 0.5076171875 0.42618437499999995 0.5026109375 0.3944921875 0.48026406250000003 0.3786890625 0.44095000000000006 0.3694109375 0.38606875 0.3839828125 0.3663984375 0.40595468749999997 0.36155312500000003 0.422803125 0.36074687499999997 0.44309062499999996 0.3704140625 0.46261718749999997
1 0.4508546875 0.2778109375 0.425246875 0.2915 0.411825 0.3139515625 0.412853125 0.34064218749999997 0.4388671875 0.36924999999999997 0.5011484375 0.3787265625 0.4555515625 0.3173078125 0.465490625 0.27736875 0.4508546875 0.2778109375
1 0.7773015625 0.3670453125 0.7784171875 0.3389546875 0.7650187500000001 0.3081828125 0.73446875 0.28861875000000003 0.7073375000000001 0.288103125 0.67225 0.2775828125 0.64511875 0.277065625 0.6176781250000001 0.284353125 0.5805453125 0.325334375 0.5734921875000001 0.34514374999999997 0.5783765625 0.37995625 0.5789953125 0.36435 0.594625 0.3389375 0.6180875 0.32665 0.6514031250000001 0.32920625000000003 0.6676265625 0.341409375 0.6671296875 0.3538953125 0.6448203125 0.38975312500000003 0.6649609375 0.40851718750000005 0.66831875 0.429125 0.72245625 0.43327968749999995 0.749178125 0.3915 0.7773015625 0.3670453125
1 0.6411374999999999 0.5350515625 0.6728421875 0.5781859375 0.72384375 0.6087109374999999 0.7363359375 0.6096703125 0.7956296875 0.589175 0.85405625 0.590528125 0.8600796875000001 0.544028125 0.8102921875 0.5355109375 0.7835953124999999 0.52406875 0.759353125 0.5034234375 0.7340828125 0.45608750000000003 0.725815625 0.4538875 0.6898593749999999 0.46521718749999996 0.6510171875 0.49667500000000003 0.6411374999999999 0.5350515625
1 0.86279375 0.6334640625 0.8799468750000001 0.6222578125 0.87444375 0.60305 0.8372734375 0.5923703125 0.8018140624999999 0.5912140625 0.759675 0.600503125 0.7319859375 0.6140328125 0.6946046875 0.66125625 0.69728125 0.6990328124999999 0.7076921875 0.69983125 0.86279375 0.6334640625
1 0.8624468750000001 0.58960625 0.8842343749999999 0.6194546875 0.9223968749999999 0.6051640625 0.8979687500000001 0.5892015625 0.876675 0.5468671875 0.8594593749999999 0.559634375 0.8624468750000001 0.58960625
