3 1.0 0.49996718749999997 0.9840500000000001 0.494565625 0.9331328125 0.5052703125 0.8493984375 0.49957031250000006 0.8030515625 0.4725390625 0.7518812500000001 0.4597390625 0.707184375 0.47028437500000003 0.628375 0.47229687499999995 0.610175 0.4774640625 0.5671296875 0.5255890625 0.50531875 0.552246875 0.4671984375 0.6080828125 0.46491249999999995 0.6269515625000001 0.493678125 0.6654046874999999 0.4965703125 0.7154906249999999 0.5346203125 0.7427343750000001 0.5553609374999999 0.7422046875 0.5647984375 0.7325578125 0.5829156249999999 0.6427484375 0.6449374999999999 0.597275 0.701765625 0.5832828125 0.7906359375 0.5778796875000001 0.8567484375 0.552678125 0.9733546875 0.554403125 1.0 0.52554375 1.0 0.49996718749999997
3 0.0921796875 0.6004171875 0.0209453125 0.5740203125 0.025290625 0.6178 0.1091234375 0.6454421875 0.18605624999999998 0.6873671875 0.1924328125 0.688771875 0.147075 0.6507421875 0.1462578125 0.600603125 0.0921796875 0.6004171875
2 0.23445468749999998 0.148478125 0.23885625 0.171878125 0.283846875 0.227159375 0.33688125 0.2587234375 0.3796015625 0.270171875 0.423309375 0.2706234375 0.4901984375 0.253240625 0.5277406250000001 0.233471875 0.55813125 0.20448125 0.57375 0.1523546875 0.5694046875 0.108575 0.5341625 0.046775 0.505184375 0.0271375 0.48444374999999995 0.027667187500000003 0.44436093750000005 0.042798437499999994 0.299325 0.1107703125 0.23445468749999998 0.148478125
0 1.0 0.4105796875 0.9958453125 0.382971875 0.9587828125 0.3447296875 0.930425 0.33134687500000004 0.8884812500000001 0.327715625 0.8327375 0.3526515625 0.8211124999999999 0.40310781249999994 0.776303125 0.4544125 0.7812265625 0.462125 0.8490875000000001 0.49644374999999996 0.905084375 0.4950140625 0.9590640625000001 0.4732578125 0.9843187500000001 0.45537031250000004 1.0 0.4270953125 1.0 0.4105796875
0 0.6011203125 0.1767359375 0.6312828125000001 0.2292609375 0.6601078125 0.24733437500000002 0.7345578125000001 0.26424375 0.7907093749999999 0.26437656249999997 0.8397078125 0.2552890625 0.9045796875000001 0.2175796875 0.9347156249999999 0.1650828125 0.9309921875 0.1275578125 0.9068390624999999 0.0936890625 0.8280703125000001 0.13802343749999998 0.7614921875 0.1585328125 0.6911328125 0.161896875 0.6614765625000001 0.156384375 0.6009234375 0.13285156250000002 0.6011203125 0.1767359375
0 0.42362031250000004 0.2737515625 0.3547140625 0.2708078125 0.3444421875 0.293015625 0.3388265625 0.362128125 0.3543734375 0.39308125 0.399421875 0.42798437500000003 0.43192812500000005 0.44126093749999995 0.49346875 0.453796875 0.58265 0.4515203125 0.6225765625 0.434825 0.6526562499999999 0.4027078125 0.6688953125 0.3568359375 0.67139375 0.3191515625 0.639 0.265115625 0.6074828125 0.240840625 0.557453125 0.21860624999999997 0.5430906249999999 0.220540625 0.506325 0.24812656249999998 0.4622484375 0.2649265625 0.42362031250000004 0.2737515625
0 0.26167656250000004 0.7998640625 0.2753203125 0.7697328125 0.2617484375 0.716784375 0.14033125 0.6665890625 0.12389531250000001 0.6685765625 0.0364640625 0.730375 0.041584375 0.781971875 0.0487375 0.7911937499999999 0.074034375 0.8156281249999999 0.1289859375 0.845575 0.16040625 0.8479078124999999 0.230821875 0.8241640625000001 0.26167656250000004 0.7998640625
0 0.38943125 0.57871875 0.4175359375 0.568596875 0.449534375 0.5348609375 0.392565625 0.4845890625 0.3791484375 0.43320468749999996 0.31848125 0.450428125 0.2661671875 0.44706093750000003 0.27902031250000003 0.4718140625 0.2782296875 0.5266953125 0.35345468750000003 0.5514218750000001 0.38943125 0.57871875
0 0.6575203125 0.6612203125 0.668625 0.6264515625 0.6575359375 0.5985203125 0.613615625 0.6168843749999999 0.588671875 0.6378984375 0.579853125 0.6537984375 0.5775109375 0.6930468750000001 0.592184375 0.6942390625 0.638178125 0.675821875 0.6575203125 0.6612203125
5 0.302140625 0.7047796875000001 0.269578125 0.71188125 0.27335937499999996 0.7290281249999999 0.29388749999999997 0.7473140625 0.3676609375 0.778346875 0.4009984375 0.7790640625 0.445384375 0.765390625 0.4727125 0.74745 0.4927328125 0.7187234375 0.4925359375 0.6748390625 0.48429687499999996 0.654671875 0.4607640625 0.6270578125 0.4126546875 0.60320625 0.39414375 0.605246875 0.3782140625 0.6542453125 0.3475140625 0.680109375 0.302140625 0.7047796875000001
5 0.10647031250000001 0.6815625 0.12280781249999999 0.6576328124999999 0.104975 0.645546875 0.0254453125 0.6193640625 0.039059375 0.7146328125 0.10647031250000001 0.6815625
5 0.1743078125 0.3804375 0.2204984375 0.40590468749999997 0.2570953125 0.43945625 0.27638124999999997 0.4452328125 0.3489703125 0.44337968749999995 0.3729265625 0.4333625 0.382209375 0.422153125 0.35706875 0.3992828125 0.33721875 0.366871875 0.3406046875 0.29624843749999996 0.35025625 0.2677859375 0.28669687499999996 0.234925 0.2051359375 0.251115625 0.2061078125 0.3028171875 0.1622296875 0.363503125 0.1743078125 0.3804375
5 0.6949703125 0.1586640625 0.7774625000000001 0.1518546875 0.8555531249999999 0.121646875 0.9095890624999999 0.0795109375 0.9301875000000001 0.0413421875 0.54464375 0.024206250000000002 0.5529265624999999 0.068240625 0.5867718749999999 0.1159703125 0.6310453125000001 0.1430546875 0.6949703125 0.1586640625
4 0.14645468749999999 0.6444890625 0.16107031249999998 0.6660609375 0.248528125 0.709284375 0.29991249999999997 0.7032703125 0.3433671875 0.680215625 0.376140625 0.6542984374999999 0.391703125 0.6225515625 0.393678125 0.60055625 0.3760578125 0.5696546875 0.331940625 0.544134375 0.2785390625 0.5298234374999999 0.2086875 0.5801999999999999 0.154553125 0.6003921875 0.145890625 0.6178546875 0.14645468749999999 0.6444890625
4 0.5410984375 0.5356578125 0.5589890625 0.5273640625 0.5940484374999999 0.4825796875 0.58918125 0.45448750000000004 0.49155 0.45541406249999994 0.395584375 0.4312171875 0.3867671875 0.44711718749999996 0.38909375 0.47057031250000003 0.4017921875 0.4937578125 0.45544531250000003 0.531575 0.4852578125 0.5386515625 0.5410984375 0.5356578125
1 0.1481765625 0.5989875 0.2045390625 0.5803046875 0.25520312500000003 0.54609375 0.2768328125 0.5126234375000001 0.2775671875 0.47812031250000003 0.262175 0.44873124999999997 0.22319218749999997 0.41210625 0.15071718750000002 0.3732015625 0.069621875 0.3940828125 0.011600000000000001 0.39148125 0.015332812500000001 0.5174609375 0.0206359375 0.57089375 0.05568125 0.5888093750000001 0.09409843749999999 0.5988 0.1481765625 0.5989875
1 0.18624374999999999 0.3331078125 0.20694062500000002 0.29025625 0.20383749999999998 0.2589859375 0.192903125 0.2326171875 0.159834375 0.19270625 0.1451609375 0.1915140625 0.07474531250000001 0.21525625 0.0072328125 0.24412656250000003 0.0114890625 0.3877453125 0.0814453125 0.3875109375 0.12629531249999998 0.378528125 0.1521703125 0.36689531249999996 0.18624374999999999 0.3331078125
1 0.6725359375 0.3097171875 0.6664546875 0.374140625 0.64191875 0.42022343749999996 0.6029234375 0.44630000000000003 0.61023125 0.45708593750000004 0.6446562499999999 0.468746875 0.698734375 0.4689328125 0.7660875 0.45624062500000007 0.81328125 0.4080109375 0.8266140625 0.374753125 0.8265156250000001 0.35281093750000003 0.7979046875 0.31592031249999997 0.78245625 0.3069109375 0.7804375 0.286584375 0.76436875 0.2713203125 0.6926125 0.2606125 0.647296875 0.26490468749999996 0.6725359375 0.3097171875
1 0.8398640625 0.25685156249999996 0.770590625 0.27116093750000003 0.8260500000000001 0.3481203125 0.870590625 0.336009375 0.9012921875 0.3101453125 0.9122406249999999 0.2738140625 0.8956062499999999 0.231915625 0.8398640625 0.25685156249999996
1 0.9280531249999999 0.4959953125 0.9467187499999999 0.49551875 0.9574562500000001 0.4780015625 0.93541875 0.48640156250000005 0.9280531249999999 0.4959953125
1 0.8212796875 0.57239375 0.7826500000000001 0.58121875 0.667284375 0.5920015624999999 0.6706000000000001 0.6044562499999999 0.6967296875 0.6163296875000001 0.7444296875 0.6151109375 0.7809859375 0.606340625 0.8027124999999999 0.5948125 0.8212796875 0.57239375
1 0.517196875 0.75571875 0.5218671875 0.739925 0.4951171875 0.7217984375000001 0.484225 0.7377515625 0.4413921875 0.767059375 0.3885546875 0.7793812499999999 0.40830625 0.78985 0.4477125 0.7888437500000001 0.4842671875 0.780071875 0.517196875 0.75571875
