2 0.3728984375 0.58065 0.3751625 0.5994609375 0.3772625 0.6010953125 0.3774109375 0.6167109375 0.375340625 0.6182000000000001 0.37747031249999996 0.6229578124999999 0.371453125 0.6477234375 0.3673265625 0.6522640625 0.363275 0.6646109375 0.394778125 0.6891234374999999 0.40521874999999996 0.6910484375 0.4136046875 0.696025 0.41986093750000003 0.6962421875 0.434503125 0.7014359375 0.4657671875 0.700965625 0.5011125 0.6912703125 0.5197765624999999 0.6809937500000001 0.5383953125 0.6660328125 0.5568953125 0.6385796874999999 0.55688125 0.63701875 0.55866875 0.605859375 0.5565234375 0.599540625 0.5501640625 0.5883921875 0.5249171875 0.5640968749999999 0.5123453125 0.5574140625 0.48516250000000005 0.5486609375 0.44138593750000005 0.5486953125 0.416421875 0.55406875 0.3894625 0.5687390625 0.3728984375 0.58065
2 0.3741453125 0.9303640625 0.37475468749999996 0.9943875 0.47067812499999995 0.9977328125 0.47006875 0.933709375 0.3741453125 0.9303640625
0 0.4990015625 0.46953125 0.5282703125 0.47835625000000004 0.5449515625 0.47893749999999996 0.5823828125 0.469315625 0.6031171875 0.45755 0.6155109375000001 0.4454953125 0.631909375 0.41640625 0.6318953125 0.41484531249999995 0.6338609374999999 0.40242500000000003 0.627471875 0.388153125 0.6148859375 0.379909375 0.6085109375 0.36719843750000003 0.6043109375 0.36393125 0.591784375 0.3619328125 0.4673796875 0.43252499999999994 0.461228125 0.44323750000000006 0.47594375 0.4562390625 0.4990015625 0.46953125
0 0.3392359375 0.54825625 0.3623390625 0.5662328125 0.368684375 0.5758203125 0.37076875 0.5758921875 0.41018125000000005 0.5554125 0.41637812500000004 0.549384375 0.4225140625 0.5371109374999999 0.4225 0.5355484374999999 0.432703125 0.5124890625 0.43460937499999996 0.4938234375 0.42606093749999996 0.4716703125 0.4197296875 0.4636453125 0.41555937500000006 0.46349999999999997 0.3201859375 0.5179328125 0.29741249999999997 0.5343093750000001 0.30996875 0.5394296875 0.328765625 0.5432078125 0.3392359375 0.54825625
0 0.5148140625 0.81663125 0.5211453125000001 0.82465625 0.5276234375 0.8482984374999999 0.5423703125 0.864421875 0.561271875 0.87913125 0.5758984375 0.8827624999999999 0.6050765625000001 0.88221875 0.640378125 0.8678390625000001 0.661053125 0.8498281249999999 0.6692312499999999 0.8329421874999999 0.669215625 0.8313796874999999 0.6647921875 0.8046890624999999 0.6563328125 0.7919046875 0.6352859375000001 0.7708781250000001 0.6122578125 0.760709375 0.599746875 0.7602734375 0.576853125 0.7641578124999999 0.5624640624999999 0.7855109375 0.5500421875 0.79444375 0.5355046875 0.80018125 0.5148140625 0.81663125
0 0.3639890625 0.7395640625000001 0.3806125 0.7339 0.38479687500000004 0.73560625 0.3889390625 0.7326296875 0.405590625 0.7300875 0.41387343750000005 0.7241328125 0.426265625 0.7120765625 0.430346875 0.7028531250000001 0.42824687499999997 0.70121875 0.3947921875 0.6906859375 0.3759203125 0.6791 0.3633046875 0.6677328124999999 0.3509125 0.6797890625 0.3157 0.7035375 0.3179796875 0.7239109375 0.322209375 0.730303125 0.334765625 0.7354234374999999 0.357703125 0.7362234375 0.3639890625 0.7395640625000001
3 0.5375328125000001 0.5754625 0.554334375 0.5885374999999999 0.5771390625 0.5752828125 0.597784375 0.5541484375 0.6121578125 0.531234375 0.6162984375 0.52825625 0.6162687499999999 0.5251328125 0.620409375 0.52215625 0.636734375 0.4852609375 0.64075625 0.469790625 0.640475 0.44012031250000005 0.6361546875 0.424359375 0.6319390625 0.4195296875 0.6319546875000001 0.42109218750000005 0.62170625 0.4394671875 0.5989921875 0.462090625 0.56993125 0.4751265625 0.5512078125000001 0.47915625000000006 0.534540625 0.48013593749999994 0.5304 0.4831140625 0.5181703125 0.512346875 0.5288046875 0.5345718749999999 0.527003125 0.56416875 0.5375328125000001 0.5754625
5 0.6038875 0.7572953124999999 0.6038734375 0.7557343750000001 0.605809375 0.740190625 0.603709375 0.73855625 0.6014 0.7150609375 0.5993 0.7134265625 0.5721921875 0.71248125 0.570121875 0.7139703125 0.576465625 0.7235578125 0.5768375 0.7625968750000001 0.5914203125 0.76154375 0.6038875 0.7572953124999999
5 0.55645 0.5917328125 0.5607390624999999 0.6043703125000001 0.5610062499999999 0.632478125 0.556940625 0.6432640625 0.5404656250000001 0.66454375 0.5405109375 0.669228125 0.553096875 0.6774734375 0.5823796875 0.687859375 0.6323671875 0.683359375 0.6448343750000001 0.6791109375 0.659328125 0.6686890625 0.6696359375000001 0.656559375 0.6737171875 0.6473359375000001 0.6737015625 0.645775 0.671334375 0.6160328125000001 0.6607734375 0.6016140625 0.6523734375 0.595078125 0.63353125 0.5866156250000001 0.61471875 0.5812765625 0.5917656250000001 0.5789156249999999 0.5813546875 0.5801125 0.5772125 0.583090625 0.5668015625 0.5842890625 0.55645 0.5917328125
5 0.436975 0.742109375 0.45763437500000004 0.7225359375 0.46171562499999996 0.7133125 0.46162656249999995 0.70394375 0.459540625 0.7038703125 0.4345171875 0.7029984375 0.42215468749999996 0.7181765625 0.405590625 0.7300875 0.3868828125 0.7356796875 0.361875 0.73636875 0.3598328125 0.74098125 0.368278125 0.7522031250000001 0.38913125000000004 0.7529296875 0.4203671875 0.7493359374999999 0.436975 0.742109375
5 0.2601 0.5564234375 0.2771234375 0.592921875 0.27934375 0.6070484375 0.2921515625 0.638715625 0.2944015625 0.6559640625000001 0.3007609375 0.6671140624999999 0.3008203125 0.673359375 0.311515625 0.70183125 0.31568593749999996 0.7019765625 0.3281234375 0.6946046875 0.3488265625 0.6797171875 0.3570796875 0.6706390625 0.369353125 0.6460890625 0.375415625 0.6260078124999999 0.3754 0.6244468750000001 0.3752078125 0.604146875 0.37310781249999997 0.6025125 0.3708578125 0.5852625 0.35815312499999996 0.5645265625 0.3392515625 0.5498171875 0.2974265625 0.5358703125 0.272478125 0.54280625 0.2641359375 0.542515625 0.26001093750000004 0.5470546875 0.2601 0.5564234375
1 0.56590625 0.7091406250000001 0.5700921875 0.710846875 0.6097125 0.712228125 0.6346609375 0.7052937499999999 0.6553796875 0.691965625 0.6636031250000001 0.6797640625 0.663484375 0.667271875 0.6613984375 0.6672 0.64069375 0.6820875 0.611559375 0.687315625 0.5719390625 0.685934375 0.5614828125 0.6824484375 0.5509968749999999 0.6758390624999999 0.5468265625 0.67569375 0.5511015625 0.6867687499999999 0.5574312499999999 0.6947953124999999 0.557490625 0.7010421874999999 0.56590625 0.7091406250000001
1 0.43669531250000004 0.4938953125 0.43677031250000004 0.5017031249999999 0.43066250000000006 0.5171015625 0.43073750000000005 0.524909375 0.42457031250000005 0.534059375 0.42051875 0.54640625 0.41637812500000004 0.549384375 0.42681874999999997 0.551309375 0.44345625 0.54720625 0.47889218749999996 0.54688125 0.501875 0.552365625 0.51653125 0.5591203124999999 0.5227875 0.5593390625 0.5269140625000001 0.5548 0.5268984375 0.5532375 0.526734375 0.5360609375000001 0.5224453125 0.5234234375 0.509740625 0.5026875000000001 0.49503906249999996 0.491246875 0.4824671875 0.48456406249999995 0.47621250000000004 0.48434687500000007 0.4553 0.4773734375 0.434446875 0.47664687499999997 0.43024687500000003 0.473378125 0.43669531250000004 0.4938953125
1 0.4323765625 0.47813437499999994 0.434446875 0.47664687499999997 0.4553 0.4773734375 0.4782828125 0.4828578125 0.49293906249999997 0.48961249999999995 0.5139546875 0.5075171875 0.5201671875 0.50305 0.5201515624999999 0.5014890624999999 0.522221875 0.5 0.5220890625 0.4859453125 0.51784375 0.47799218750000005 0.4885453125 0.46604375 0.457071875 0.444653125 0.4466609375 0.4458515625 0.427996875 0.45612812500000005 0.42385624999999993 0.45910624999999994 0.42391562499999996 0.4653515625 0.4323765625 0.47813437499999994
1 0.36856093749999996 0.781871875 0.36443593750000003 0.7864109375 0.3603546875 0.795634375 0.3479609375 0.807690625 0.346009375 0.821671875 0.348109375 0.8233062500000001 0.35469375 0.857878125 0.3631828125 0.873784375 0.3694984375 0.88025 0.3759328125 0.89920625 0.38223281249999996 0.904109375 0.386403125 0.9042546874999999 0.38851874999999997 0.9074500000000001 0.41570156249999995 0.916203125 0.44908125 0.9189281250000001 0.46361875 0.913190625 0.46778906249999996 0.9133359375 0.49889062500000003 0.8956875 0.50513125 0.8943453124999999 0.5154390624999999 0.8822156250000001 0.52153125 0.8652562500000001 0.5215171875 0.8636953125 0.5233640625 0.8387828125000001 0.516915625 0.8182656250000001 0.5063546875 0.803846875 0.506325 0.8007250000000001 0.48947812500000004 0.782965625 0.4622359375 0.7679671875 0.4455234375 0.7642625 0.42675625000000006 0.7636078125 0.38722500000000004 0.7715953125 0.36856093749999996 0.781871875
4 0.47202343750000003 0.7011828125 0.46582656250000004 0.7072109375 0.46383125 0.7165078125 0.45763437500000004 0.7225359375 0.45766406249999997 0.725659375 0.4370046875 0.7452328125000001 0.43713749999999996 0.7592859375 0.4413390625 0.7625546875 0.462221875 0.7664046875 0.476878125 0.7731609374999999 0.4957640625 0.78630625 0.508425 0.802359375 0.5147109375000001 0.8057000000000001 0.529278125 0.8030859375 0.5541828125 0.7914656250000001 0.568615625 0.7747984375 0.5686015624999999 0.7732359375 0.574753125 0.7625234375 0.5745750000000001 0.7437843749999999 0.5766453125 0.742296875 0.576540625 0.731365625 0.5722515625 0.7187281249999999 0.555434375 0.7040921875 0.5323921875 0.6923609374999999 0.50736875 0.6914890625 0.48452031250000005 0.7000578125 0.47202343750000003 0.7011828125
4 0.4011046875 0.91569375 0.388696875 0.9261890625 0.3908265625 0.9309453124999999 0.39289687500000003 0.9294578124999999 0.40749531250000004 0.929965625 0.41167968750000006 0.9316734375 0.42008124999999996 0.9382093749999999 0.44520781249999997 0.9500140625 0.4578390625 0.9629421875 0.470559375 0.985240625 0.47274843750000006 0.99624375 0.4852609375 0.9966796875 0.49559687500000005 0.9876734375 0.5038046875 0.9739109375 0.5078265625 0.958440625 0.5057265625 0.95680625 0.5056515625 0.9489984375 0.5014375 0.94416875 0.5013921875 0.9394843749999999 0.490846875 0.926628125 0.4908171875 0.9235046875 0.4740609375 0.915115625 0.4678046875 0.9148968749999999 0.44702656249999995 0.9219781250000001 0.42825781249999995 0.9213234375000001 0.4011046875 0.91569375
4 0.328821875 0.7679984375 0.32888125 0.77424375 0.3396046875 0.8058390624999999 0.3437765625 0.8059843750000001 0.3479171875 0.8030062499999999 0.36025 0.7847046875 0.360234375 0.7831421875 0.36431718750000003 0.77391875 0.3641234375 0.75361875 0.3577625 0.7424703125 0.349378125 0.73749375 0.3431359375 0.7388375 0.3222390625 0.7334265624999999 0.3202125 0.7396 0.3223125 0.7412328125000001 0.3245921875 0.76160625 0.328821875 0.7679984375
