2 0.1106015625 0.7598953125000001 0.0953703125 0.77180625 0.0841203125 0.7865624999999999 0.07694375 0.8026046875 0.0756484375 0.8244796875 0.0807875 0.8428125 0.08657343749999999 0.8502078125000001 0.10050937499999998 0.8601734375 0.13319375 0.8688890625000001 0.147778125 0.8679171875 0.156296875 0.8642359374999999 0.1909265625 0.8401390624999999 0.19763906250000002 0.8319093750000001 0.19773125 0.830346875 0.2071765625 0.8110421875 0.2083796875 0.7907296875000001 0.20449062499999998 0.7863187500000001 0.20305625 0.7755203125000001 0.18560156249999998 0.7548953125 0.173471875 0.7494796874999999 0.16314843750000002 0.7486109375 0.1381484375 0.750278125 0.121296875 0.7545140625 0.1106015625 0.7598953125000001
4 0.058703125 0.4801046875 0.051435937499999994 0.4977078125 0.047962500000000005 0.521284375 0.059351562499999996 0.5392015625 0.07129687500000001 0.54774375 0.0875921875 0.55288125 0.10634218749999999 0.55163125 0.11694374999999999 0.5478125 0.1357875 0.545 0.15972187499999999 0.526284375 0.15981406250000002 0.524721875 0.1643515625 0.51819375 0.1653703125 0.50100625 0.1618515625 0.490346875 0.144490625 0.46815937500000004 0.1345375 0.46104218750000003 0.126296875 0.46003437500000005 0.097221875 0.46041718749999994 0.088796875 0.462534375 0.07819374999999999 0.4663546875 0.058703125 0.4801046875
4 0.19953749999999998 0.7648609375000001 0.20902812499999998 0.7797921875 0.21925937499999998 0.7822218750000001 0.2338421875 0.78125 0.2613890625 0.77163125 0.2745375 0.7598609374999999 0.28814843749999997 0.740278125 0.288240625 0.738715625 0.2910640625 0.7260765625000001 0.28907343750000003 0.724653125 0.2913421875 0.7213890625 0.2838421875 0.70788125 0.26754687499999996 0.70274375 0.23222187500000002 0.7035421875 0.20175937500000002 0.7273609375000001 0.19023125000000002 0.74680625 0.1896765625 0.75618125 0.19953749999999998 0.7648609375000001
4 0.1448609375 0.6019796875 0.14430625 0.6113546875 0.151990625 0.6217359375 0.16999999999999998 0.6329859375 0.19435156250000002 0.64225625 0.22407343750000003 0.6309375 0.23712968750000002 0.6207296875 0.237221875 0.6191671875 0.241759375 0.6126390625 0.24351875 0.5829515625 0.2400921875 0.5707296875 0.216296875 0.5520828125 0.2061578125 0.548090625 0.1810640625 0.55131875 0.1531484375 0.5671875 0.143796875 0.58493125 0.14287031249999999 0.60055625 0.1448609375 0.6019796875
4 0.0 0.704559375 0.0079625 0.7060421875 0.034953125 0.7057984375 0.0476390625 0.701840625 0.057639062500000005 0.673159375 0.07097187499999999 0.6582640625 0.0710640625 0.6567015625 0.071528125 0.6488890625 0.0659265625 0.6383687499999999 0.0375 0.6278125 0.0311578125 0.6297921875 0.022453124999999997 0.6365968750000001 0.0200921875 0.6414234375000001 0.0026859375 0.655034375 0.0 0.6555453124999999 0.0 0.704559375
5 0.35773125 0.511528125 0.359721875 0.5129515625 0.3590734375 0.5238890625 0.3610640625 0.5253125 0.37148125 0.5246187499999999 0.3790734375 0.5365624999999999 0.389490625 0.53586875 0.39763906250000003 0.5384375 0.40388906249999995 0.5380203125 0.42634218749999997 0.54430625 0.43259218749999995 0.5438890625 0.4453703125 0.53836875 0.45842656249999997 0.528159375 0.4674078125 0.5166671875 0.46749999999999997 0.5151046874999999 0.47069375 0.49621562499999994 0.45949062500000004 0.47517343749999996 0.44555625 0.4652078125 0.429259375 0.46006875 0.425 0.461909375 0.4159265625 0.474965625 0.39851875 0.48857656250000003 0.3770375 0.500903125 0.3601859375 0.5051390625 0.35773125 0.511528125
5 0.2448140625 0.7011453125 0.269721875 0.7010421874999999 0.28601875 0.70618125 0.30712968749999997 0.7001046875 0.3288890625 0.683090625 0.33833281249999997 0.663784375 0.33842656249999997 0.662221875 0.33925937500000003 0.648159375 0.3320375 0.629965625 0.31430625 0.614028125 0.3018984375 0.6132984375 0.28476875 0.6222218749999999 0.26509218749999997 0.639096875 0.2379625 0.6767015625 0.2331484375 0.6879171875 0.23259218750000002 0.6972921875 0.2448140625 0.7011453125
5 0.1979171875 0.4770484375 0.20143593750000002 0.48770781249999995 0.21101874999999998 0.5010765625 0.22097187499999998 0.50819375 0.2475 0.5157640625 0.2725 0.514096875 0.3023140625 0.501215625 0.32189843749999997 0.485903125 0.3329625 0.4742703125 0.3401390625 0.4582296875 0.34023125 0.4566671875 0.338796875 0.44586875 0.3332875 0.433784375 0.321528125 0.42211875 0.3091203125 0.4213890625 0.28666718750000003 0.41510468749999996 0.26791718750000004 0.4163546875 0.24472187500000003 0.42256875000000005 0.2145375 0.44170156250000003 0.20310156250000003 0.4595828125 0.1979171875 0.4770484375
5 0.0283328125 0.5723953125000001 0.0354625 0.5921531250000001 0.0338890625 0.618715625 0.0357875 0.6217015625 0.04375 0.6273953125 0.0703703125 0.633403125 0.08912031249999999 0.632153125 0.10597187500000001 0.6279171875 0.13370312499999998 0.6151734375 0.14023125 0.61006875 0.1418984375 0.58194375 0.14407343749999998 0.58024375 0.1441671875 0.57868125 0.1471765625 0.5629171875 0.1374078125 0.5526734375 0.1231015625 0.5489578125000001 0.10625 0.5531937499999999 0.0875 0.55444375 0.0651390625 0.546596875 0.05717656250000001 0.540903125 0.031528125000000004 0.5535062500000001 0.02444375 0.5679859375 0.0283328125 0.5723953125000001
0 0.3263890625 0.5852078125 0.3236578125 0.596284375 0.3192125 0.6012500000000001 0.3188421875 0.6075 0.3243515625 0.6195828125 0.336203125 0.6296875 0.3418984375 0.6386453125 0.37069375 0.6429515625 0.38944375 0.6417015625 0.42143593749999997 0.62711875 0.4388421875 0.61350625 0.45 0.6003125 0.4548140625 0.589096875 0.4549078125 0.5875343749999999 0.45773125 0.5748953125 0.44435156249999996 0.55555625 0.436203125 0.5529859375 0.43032343749999996 0.547153125 0.40995312500000003 0.5407296875000001 0.380971875 0.5395484374999999 0.3701859375 0.54649375 0.3595828125 0.5503125 0.3332875 0.5738546875 0.3263890625 0.5852078125
0 0.2073609375 0.3877078125 0.20490781249999998 0.394096875 0.20689843749999998 0.3955203125 0.2063421875 0.4048953125 0.211203125 0.4279171875 0.21689843749999999 0.436875 0.22749999999999998 0.43305625000000003 0.2448140625 0.42100625 0.2721765625 0.4145140625 0.2929171875 0.4146875 0.3154625 0.41940937500000003 0.32180624999999996 0.41743125000000003 0.32189843749999997 0.41586875 0.32273125 0.40180625000000003 0.311528125 0.3807640625 0.2853703125 0.36694375 0.2710640625 0.3632296875 0.2688890625 0.36493125000000004 0.2586578125 0.3625 0.24814843749999999 0.36475625 0.2440734375 0.363471875 0.22069375 0.3728125 0.2073609375 0.3877078125
0 0.16643593750000002 0.51805625 0.1573609375 0.5311109375 0.1376859375 0.5479859375 0.1513421875 0.5626390625 0.1596765625 0.5620828125 0.1768984375 0.551596875 0.1875 0.547778125 0.2041671875 0.5466671875 0.2163890625 0.5505203125 0.23638906249999997 0.56319375 0.24708281250000003 0.5578125 0.2561578125 0.54475625 0.25625 0.54319375 0.25861093749999997 0.53836875 0.2598140625 0.51805625 0.23300937500000002 0.5151734375 0.2228703125 0.51118125 0.205046875 0.49680625 0.195740625 0.47874999999999995 0.17254687500000002 0.48496562499999996 0.1639359375 0.4902078125 0.1688890625 0.5116671875 0.16643593750000002 0.51805625
0 0.0 0.6539109375 0.004953125 0.6517703125 0.020278125 0.6382984375 0.0317125 0.6204171875 0.03180625 0.6188546875000001 0.034259374999999995 0.612465625 0.030740625 0.60180625 0.031389062499999995 0.59086875 0.0243515625 0.5695484375000001 0.0104171875 0.5595828125 9.21875e-05 0.5587156249999999 0.0 0.5587359375000001 0.0 0.6539109375
0 0.0 0.41476562499999997 0.00444375 0.41524374999999997 0.02319375 0.41399375000000005 0.040046874999999996 0.40975625000000004 0.0613421875 0.40055625 0.07875 0.38694375000000003 0.09018593750000001 0.36906249999999996 0.090278125 0.3675 0.089490625 0.34576406249999997 0.08226875 0.32756875 0.07069375 0.312778125 0.05666718750000001 0.304375 0.038379687499999995 0.2978125 0.0342125 0.298090625 0.030231249999999998 0.29524374999999997 0.0011578125 0.29562499999999997 0.0 0.29652968749999997 0.0 0.41476562499999997
1 0.1695828125 0.3248609375 0.1863890625 0.3564234375 0.19523125 0.3822921875 0.1992125 0.3851390625 0.20347187500000002 0.38329843750000003 0.218703125 0.3713890625 0.22333281249999998 0.3632984375 0.22342656249999998 0.3617359375 0.2266203125 0.342846875 0.221296875 0.32763906249999997 0.21370312500000002 0.31569375 0.1957875 0.30288125 0.1775 0.29631875 0.1608328125 0.29743125 0.1586578125 0.29913124999999996 0.16398125 0.314340625 0.1679625 0.3171875 0.1695828125 0.3248609375
1 0.32759218749999997 0.4248265625 0.34097187500000004 0.4441671875 0.3421296875 0.459653125 0.33277812500000004 0.4773953125 0.32625000000000004 0.48250000000000004 0.31944374999999997 0.49229218750000003 0.3254171875 0.4965625 0.3376390625 0.5004171875 0.3561109375 0.5038546875 0.3728703125 0.5011812499999999 0.40504687500000003 0.48347187500000005 0.42055625 0.46687500000000004 0.42064843749999997 0.4653125 0.427546875 0.4539578125 0.42874999999999996 0.43364531250000005 0.42703749999999996 0.427534375 0.41925937500000005 0.41871562500000004 0.3889359375 0.40517343749999996 0.3745375 0.4030203125 0.3536109375 0.405971875 0.3365734375 0.41333281250000004 0.327778125 0.4217015625 0.32759218749999997 0.4248265625
1 0.2531484375 0.5605203125 0.26356406250000003 0.5598265625 0.27842656250000003 0.5541671874999999 0.3158328125 0.5532296875 0.33930625000000003 0.5423265625 0.3568984375 0.525590625 0.356990625 0.524028125 0.3576390625 0.513090625 0.354028125 0.50399375 0.333471875 0.50069375 0.319259375 0.4954171875 0.313009375 0.49583281250000005 0.2936109375 0.5080203125 0.2638890625 0.519340625 0.2606015625 0.5397921875 0.25125000000000003 0.557534375 0.2531484375 0.5605203125
1 0.0573609375 0.677846875 0.051528125 0.70625 0.054953125000000005 0.718471875 0.06273125 0.7272921875 0.0828234375 0.7384031249999999 0.09921250000000001 0.7419796875 0.136528125 0.7426046875 0.13870312499999998 0.740903125 0.1491203125 0.7402078125 0.16398125 0.7345484375 0.17731406249999998 0.719653125 0.186759375 0.7003468749999999 0.204259375 0.6851734375 0.2043515625 0.6836109375 0.2032875 0.6665625000000001 0.1974078125 0.6607296875 0.193796875 0.65163125 0.1758796875 0.63881875 0.1595828125 0.63368125 0.12851875 0.6326390625 0.10958281249999999 0.6370140625 0.09680625000000001 0.642534375 0.0729625 0.6596875 0.0573609375 0.677846875
1 0.0 0.8154046875000001 0.003471875 0.816840625 0.032546874999999996 0.8164578125 0.040971875000000005 0.814340625 0.06879687500000001 0.8000343750000001 0.091203125 0.7720828125 0.09837968750000001 0.7560421875000001 0.10055624999999999 0.754340625 0.10245312499999999 0.7573265625000001 0.10907343750000001 0.750659375 0.1154171875 0.74868125 0.11351875 0.74569375 0.1093515625 0.7459718750000001 0.109259375 0.7475343750000001 0.106990625 0.7507984375000001 0.105278125 0.7446875000000001 0.09694375 0.74524375 0.0929625 0.7423953125 0.0826390625 0.741528125 0.0526859375 0.7217359375 0.0445375 0.7191671875 0.0278703125 0.720278125 0.01726875 0.7240968750000001 0.008935937500000001 0.724653125 0.0 0.728803125 0.0 0.8154046875000001
1 0.0 0.5544671875 0.006712500000000001 0.5520484375 0.03944375 0.524965625 0.0463421875 0.5136109375 0.0464359375 0.5120484375000001 0.04819375 0.48236093750000003 0.0425921875 0.471840625 0.026759375000000002 0.45888906250000006 0.0104625 0.45375 0.004490625 0.44947968749999995 0.0 0.44864375 0.0 0.5544671875
1 0.0 0.4469625 0.0066671875 0.44777812499999997 0.028842187499999998 0.45875000000000005 0.04476875 0.47013906250000004 0.053009375000000004 0.4711453125 0.055185937500000004 0.46944375000000005 0.0656015625 0.46875 0.0911578125 0.4577078125 0.11291718749999999 0.44069375 0.1131015625 0.43756874999999995 0.119721875 0.43090312500000005 0.1198140625 0.42934062500000003 0.1185640625 0.4154171875 0.107453125 0.3928125 0.10166718749999999 0.3854171875 0.0956015625 0.38270781249999997 0.0851859375 0.38340312499999996 0.0634265625 0.4004171875 0.031528125000000004 0.4134375 0.00226875 0.41694375 0.0 0.4166671875 0.0 0.4469625
3 0.16930625 0.3295484375 0.1565734375 0.29927031249999997 0.14527812499999998 0.2797921875 0.127453125 0.2654171875 0.1171296875 0.2645484375 0.106990625 0.26055625 0.0938890625 0.23652812499999998 0.082221875 0.2232984375 0.06800937500000001 0.21802031249999998 0.05550937500000001 0.2188546875 0.04680625 0.225659375 0.0463421875 0.233471875 0.053935937499999996 0.24541718750000002 0.059907812500000004 0.2496875 0.06731406250000001 0.26475624999999997 0.0670375 0.26944375 0.0709265625 0.27385468749999997 0.0661109375 0.28506875 0.06717656250000001 0.30211875 0.0845375 0.32430625 0.08416718749999999 0.33055625 0.0935640625 0.3470484375 0.09319374999999999 0.3532984375 0.09851875 0.36850625 0.1154171875 0.39850625 0.12425937499999999 0.42437500000000006 0.1339359375 0.43618125 0.1353703125 0.4469796875 0.142778125 0.4620484375 0.152546875 0.4722921875 0.15814843750000002 0.4828125 0.168471875 0.48368124999999995 0.1918515625 0.47434062499999996 0.19620312499999998 0.47093749999999995 0.2032875 0.45645781249999995 0.20337968750000002 0.4548953125 0.210278125 0.4435421875 0.210740625 0.4357296875 0.2023609375 0.40204843749999997 0.19125 0.37944374999999997 0.1916203125 0.37319375 0.18773125 0.368784375 0.18430625 0.3565625 0.1749078125 0.34006875000000003 0.1751859375 0.33538125 0.16930625 0.3295484375
3 0.31773125 0.556215625 0.28875 0.555034375 0.28657343750000003 0.5567359374999999 0.2740734375 0.55756875 0.24226874999999998 0.569028125 0.24569375 0.58125 0.24375 0.6140625 0.2392125 0.620590625 0.22398125000000002 0.6325000000000001 0.19624999999999998 0.64524375 0.197778125 0.6544796875000001 0.2036578125 0.6603125000000001 0.2071765625 0.670971875 0.2063421875 0.6850343750000001 0.18884218749999998 0.7002078125 0.18402812500000001 0.7114234374999999 0.1726859375 0.7277437499999999 0.1638890625 0.7361109375 0.1636109375 0.7407984375 0.1756484375 0.747778125 0.18388906249999998 0.748784375 0.18606406250000002 0.7470828125 0.19976875 0.7259375 0.22606406250000002 0.7023953125 0.2336109375 0.6801046875 0.2608328125 0.6409374999999999 0.2870375 0.6189578124999999 0.3171296875 0.6013890625 0.3268515625 0.5773953125 0.33583281249999997 0.565903125 0.35976875 0.5471874999999999 0.3661109375 0.5452078124999999 0.3726390625 0.5401046875 0.37273125 0.5385421874999999 0.3692125 0.52788125 0.364953125 0.529721875 0.36296249999999997 0.5282984374999999 0.3391203125 0.5454515625 0.3306015625 0.5491312500000001 0.32615781250000003 0.554096875 0.32199062500000003 0.5543750000000001 0.32606406250000003 0.5556593750000001 0.323796875 0.5589234375000001 0.31773125 0.556215625
