2 0.757915625 0.6002625 0.7619 0.5815453125000001 0.7591875 0.5673453125 0.7633296875 0.5470640625 0.761734375 0.5423125 0.7521671875 0.5341953125 0.70640625 0.5140734375 0.6859968750000001 0.5103578125 0.6714875 0.5099484375000001 0.66925625 0.511453125 0.6483703125 0.5124328125 0.6313109375 0.5166578125 0.6051640625 0.5284718749999999 0.5759890624999999 0.5496140625 0.56610625 0.5650265625 0.56515 0.5744140625 0.5629187499999999 0.5759203125 0.562759375 0.5774843749999999 0.5630796874999999 0.5947546874999999 0.5699375 0.6090703125 0.5826953125000001 0.6266921875 0.6023078125 0.6382296875 0.6305296874999999 0.6468734375 0.6616203125 0.6477515625 0.6807531250000001 0.6435859374999999 0.7088125 0.6333953125 0.7416546875 0.6170625000000001 0.757915625 0.6002625
2 0.8903953124999999 0.483184375 0.8817828125 0.46567968750000005 0.8722156249999999 0.45756406250000003 0.846859375 0.42075781250000005 0.8409609375 0.4174515625 0.82421875 0.4185484375 0.807 0.42433750000000003 0.7964781249999999 0.42560937499999996 0.768259375 0.437365625 0.75024375 0.45097812499999995 0.7429109375 0.46175468750000004 0.7427515625 0.46331875 0.747059375 0.4822703125 0.7507265624999999 0.48708125 0.754715625 0.5091625 0.7677906250000001 0.5236531249999999 0.7719359375 0.5237703125000001 0.8074890625 0.5012390625 0.820403125 0.496896875 0.8459125000000001 0.49134062500000003 0.8895984374999999 0.49100625000000003 0.8903953124999999 0.483184375
2 0.6256953125 0.24504062499999998 0.6465796874999999 0.22366250000000001 0.6496078125 0.21433437500000002 0.6569406250000001 0.2035578125 0.6585328125000001 0.1879109375 0.65135625 0.1767234375 0.651675 0.1735953125 0.6368453125 0.155915625 0.6280734375 0.13997656249999998 0.60575 0.1142390625 0.594109375 0.1060640625 0.5494671875 0.11578593749999999 0.5320890625 0.123140625 0.516465625 0.1336828125 0.5069015625 0.14596562500000002 0.5067421875 0.14753125 0.4939890625 0.17070625 0.49032656250000006 0.20669374999999998 0.4930390625 0.2208921875 0.5018109374999999 0.23683125 0.511378125 0.24494687499999998 0.5550671875 0.2650125 0.58424375 0.2642671875 0.5969984375 0.26148906250000004 0.6056078125 0.2585953125 0.6256953125 0.24504062499999998
3 0.40478593749999997 0.8225109375 0.40558281249999995 0.8146875 0.39106874999999997 0.7734796875 0.388196875 0.7608453125 0.38947031249999997 0.7483296875 0.3875578125 0.74670625 0.3897859375 0.7248015624999999 0.40349375 0.6922375 0.4124140625 0.6250171875 0.41751562499999995 0.6157453125 0.41847031250000005 0.6063578125 0.423253125 0.6002171875 0.4245265625 0.5877 0.4116109375 0.57164375 0.4029953125 0.533740625 0.4010828125 0.5321171875 0.3803546875 0.53153125 0.3691953125 0.5390625 0.35931250000000003 0.5544734375 0.3432109375 0.5697109375 0.32089687499999997 0.62556875 0.3145234375 0.6677546875 0.3122921875 0.6692609375 0.31293125 0.6834 0.31070000000000003 0.6849062499999999 0.310540625 0.686471875 0.311821875 0.73515 0.31931875 0.76360625 0.33446875 0.77815625 0.35663125 0.785059375 0.36045781250000003 0.78830625 0.37050625 0.8121265624999999 0.37991406250000004 0.8218078125 0.3839 0.8234890625 0.4025546875 0.8240171875 0.40478593749999997 0.8225109375
3 0.4284828125 0.344596875 0.432625 0.324315625 0.46180000000000004 0.30317343750000003 0.4769453125 0.297325 0.5038890625 0.2776875 0.51664375 0.274909375 0.5539515625 0.2759640625 0.55889375 0.2682578125 0.5427890625 0.2630953125 0.5351359375 0.256603125 0.5131328125 0.24813437500000002 0.5035640625 0.24001875 0.49941874999999997 0.2399015625 0.48810000000000003 0.248996875 0.4578078125 0.26069375 0.44888125 0.2667171875 0.4485625 0.269846875 0.41875 0.2972484375 0.41221406250000003 0.30020156249999996 0.3940390625 0.3153796875 0.3742703125 0.32580468749999997 0.350834375 0.33141875 0.34078906249999996 0.327996875 0.3371203125 0.3231859375 0.33759843749999996 0.3184921875 0.3296265625 0.315128125 0.3251625 0.318140625 0.3289890625 0.3213859375 0.324365625 0.32596250000000004 0.330425 0.327703125 0.3321796875 0.330890625 0.3256421875 0.3338453125 0.3238890625 0.33065625 0.3235703125 0.33378593749999996 0.31910625000000004 0.3367984375 0.32101875 0.338421875 0.3146421875 0.3398109375 0.30555468750000003 0.3473984375 0.29822187499999997 0.358175 0.2825984375 0.36871875 0.2733515625 0.37787187499999997 0.2578875 0.3868484375 0.24066875 0.39263906249999997 0.24035 0.39576875 0.2424234375 0.39582656250000003 0.2991828125 0.38958593750000003 0.3208671875 0.4011828125 0.33904531250000003 0.40640312500000003 0.35769843749999997 0.40693124999999997 0.36805937499999997 0.38682500000000003 0.3906984375 0.3686359375 0.41174375 0.3660921875 0.4310359375 0.3603609375 0.43183125 0.3525375 0.4284828125 0.344596875
0 0.30093125 0.3519765625 0.31065624999999997 0.338128125 0.3122484375 0.3224828125 0.31065312500000003 0.3177296875 0.3066671875 0.3160484375 0.28816875 0.2935578125 0.27668906249999997 0.28381875 0.248784375 0.2720453125 0.217534375 0.27273125 0.181184375 0.2826875 0.1593421875 0.2930546875 0.14085 0.3113609375 0.140690625 0.312925 0.1355890625 0.322196875 0.1365484375 0.3332078125 0.13973750000000001 0.34271250000000003 0.148828125 0.355521875 0.1850234375 0.387928125 0.20112812500000002 0.393090625 0.23221875 0.39396875 0.2625109375 0.382271875 0.2803671875 0.37022343750000003 0.30093125 0.3519765625
0 0.48912812499999997 0.810771875 0.4935921875 0.8077609375 0.499809375 0.8079359374999999 0.5171875 0.8005812499999999 0.5331296875 0.7869109375 0.5426953125 0.774628125 0.55050625 0.7591578125 0.5546484375 0.738875 0.548746875 0.715171875 0.53965625 0.7023625 0.528175 0.6926234375 0.49995312500000005 0.6839796875 0.45036718750000004 0.681009375 0.43538125 0.6852921875 0.415771875 0.6941531249999999 0.40206093750000005 0.70631875 0.39711875 0.714025 0.3969609375 0.7155890625 0.3907453125 0.7358125 0.3926578125 0.7374359375 0.3905875 0.757775 0.3947359375 0.778290625 0.4031890625 0.797359375 0.41275625 0.805475 0.43475937499999995 0.81394375 0.44113749999999996 0.8125546874999999 0.47637343750000005 0.81355 0.48912812499999997 0.810771875
0 0.7254046875 0.7154578125 0.7542640625 0.7178421875 0.7711640625 0.7151828124999999 0.7971515625000001 0.7049328125 0.8306296874999999 0.6823421875 0.8378046875 0.67313125 0.8432234375000001 0.66073125 0.8443375 0.649778125 0.8370031250000001 0.64015625 0.8188265625 0.634934375 0.79108125 0.6215984375 0.7644515625 0.5973078125 0.7483515625 0.61254375 0.7481921875 0.614109375 0.7348 0.6231453124999999 0.7107265625 0.6350171875 0.6676796875 0.6494921875 0.666246875 0.6635734375 0.6697546875 0.6699499999999999 0.6692765625 0.67464375 0.676453125 0.6858296875 0.6916015625 0.7003812500000001 0.7132875000000001 0.7119765625000001 0.7254046875 0.7154578125
0 0.720596875 0.5176125 0.734309375 0.5258453125 0.74515 0.5214453125 0.7505703125000001 0.5090453125 0.74865625 0.507421875 0.7483359375 0.4901515625 0.741796875 0.47270625 0.7266468749999999 0.45815625000000004 0.7030484375 0.44493593750000004 0.6783359375 0.44266875 0.6497953125 0.43715468749999997 0.6349671875 0.4398734375 0.60898125 0.4501234375 0.591125 0.462171875 0.5858640625 0.47300624999999996 0.576459375 0.483725 0.5657796875 0.506959375 0.5656203125 0.508525 0.5625921875000001 0.517853125 0.56721875 0.533675 0.5707265625 0.5400515625 0.5785390625 0.5449796874999999 0.6075546875 0.5254015625 0.6314703125000001 0.51509375 0.6485296875000001 0.5108671874999999 0.669575 0.5083249999999999 0.6984328125 0.510709375 0.720596875 0.5176125
5 0.5981359375 0.434125 0.5790015625 0.41789375 0.5735796875 0.40989531250000005 0.5716671875 0.40827187499999995 0.5592296875 0.40792031250000005 0.55269375 0.4108734375 0.544403125 0.41063906250000004 0.5337203125000001 0.41347500000000004 0.492425 0.4107390625 0.47855625 0.42446875000000006 0.4739359375 0.44944375000000003 0.46915312499999995 0.4555859375 0.46899375 0.45715000000000006 0.46915625 0.475984375 0.4838265625 0.495228125 0.5295875 0.5153515625 0.5565328125 0.5161125 0.5608375 0.514665625 0.5719953125 0.4867375 0.5839515625 0.4713828125 0.5868203125 0.46361875 0.6027625 0.449946875 0.5981359375 0.434125
0 0.46580937499999997 0.4884421875 0.468359375 0.4838078125 0.46213906250000003 0.4632328125 0.438225 0.47354062499999994 0.4021921875 0.48036874999999996 0.37827500000000003 0.47027656249999994 0.3628078125 0.45885625 0.35626875 0.4414109375 0.3524421875 0.4381640625 0.3452671875 0.4473765625 0.345109375 0.448940625 0.3396890625 0.46134062499999995 0.3398515625 0.480175 0.36249375 0.5027828125 0.37126562500000004 0.518721875 0.383065625 0.5253328125000001 0.401559375 0.5274234375 0.40825625 0.52290625 0.41096562499999995 0.51670625 0.43790781250000005 0.49706875000000006 0.46580937499999997 0.4884421875
0 0.256 0.5892125 0.2579140625 0.5908359375 0.26732187500000004 0.6005171875 0.295065625 0.6138546875 0.3221703125 0.6130515625 0.33587812499999997 0.5804875 0.3342828125 0.575734375 0.30207812500000003 0.5858078124999999 0.2937859375 0.5855734375 0.2831046875 0.588409375 0.25823125 0.58770625 0.256 0.5892125
1 0.3019265625 0.64856875 0.29985625 0.6689093749999999 0.30815000000000003 0.6895421875000001 0.310540625 0.686471875 0.317390625 0.6395906250000001 0.319621875 0.638084375 0.317709375 0.6364625 0.3188234375 0.625509375 0.312128125 0.630028125 0.3020859375 0.6470046875000001 0.3019265625 0.64856875
1 0.2733625 0.459465625 0.2696953125 0.4546546875 0.2578953125 0.4480453125 0.2468921875 0.4336125 0.23684687499999998 0.43018906250000005 0.21404687500000003 0.4295453125 0.1906109375 0.435159375 0.16255 0.44535 0.14214374999999999 0.462034375 0.1321015625 0.4790109375 0.1319421875 0.480575 0.13050937499999998 0.49465624999999996 0.135453125 0.50735 0.18009999999999998 0.5384249999999999 0.1965234375 0.5404578124999999 0.1987546875 0.5389515625 0.20289843749999997 0.5186703125000001 0.2076796875 0.5125296875 0.23031875 0.49433906250000004 0.2717703125 0.4751125 0.2733625 0.459465625
1 0.5144624999999999 0.6843890625 0.534553125 0.691234375 0.5496984375 0.6853859375 0.5563953125000001 0.6808671875 0.5567140625 0.6777375 0.5366234375000001 0.6708937500000001 0.51525625 0.6561671875 0.5005859375 0.6369234374999999 0.4958 0.622665625 0.4956390625 0.6038328125 0.485753125 0.5988453125000001 0.44828437499999996 0.5993546875 0.4417484375 0.602309375 0.422459375 0.6284390625 0.4223 0.630003125 0.4202296875 0.65034375 0.4235796875 0.658284375 0.4368140625 0.6712109374999999 0.4486140625 0.6778203125 0.467109375 0.6799125 0.46934062499999996 0.67840625 0.4712546875 0.6800296875 0.489909375 0.6805578125 0.5041 0.684096875 0.5144624999999999 0.6843890625
1 0.63706875 0.66431875 0.643446875 0.6629296874999999 0.6501421875 0.6584109375 0.6528515625 0.6522109375 0.620165625 0.6465796874999999 0.5941765625000001 0.63643125 0.5787093750000001 0.625009375 0.562603125 0.5994484375 0.5595718749999999 0.588378125 0.5611640625 0.5727328125 0.5715250000000001 0.5526265625 0.5590890625 0.5522750000000001 0.5442609375 0.5549937500000001 0.528796875 0.563971875 0.5079140625 0.58535 0.4975515625 0.6054546875 0.49739374999999997 0.6070203125 0.499309375 0.6290421875 0.509834375 0.64816875 0.5308828125 0.6660234375 0.5390140625 0.6678234375 0.5548 0.676115625 0.5793546875 0.679946875 0.6090093750000001 0.674509375 0.61985 0.6701078125000001 0.6303734375000001 0.6688359375 0.63706875 0.66431875
1 0.59051875 0.7132140625 0.6122046875 0.7248109375 0.6385125 0.73183125 0.6509484375000001 0.7321828125 0.6742265625 0.728134375 0.69606875 0.7177671875 0.6989375 0.710003125 0.6799609375 0.69220625 0.6689578125 0.6777734375 0.6609828125 0.6540109375000001 0.6590703125 0.6523875 0.646634375 0.6520359375 0.648546875 0.6536593749999999 0.6458375000000001 0.659859375 0.634678125 0.6673890625000001 0.61953125 0.6732375 0.600559375 0.6758390624999999 0.5876453125000001 0.68018125 0.5814265625 0.68000625 0.5769624999999999 0.68301875 0.579515625 0.69878125 0.5847781249999999 0.7083453125 0.59051875 0.7132140625
1 0.7526171875000001 0.3051171875 0.7534125 0.29729375 0.74256875 0.2812953125 0.689946875 0.2264578125 0.679584375 0.226165625 0.6776703125 0.2245421875 0.649928125 0.231603125 0.63 0.2435921875 0.6140578125 0.2572640625 0.6138984375 0.2588296875 0.5992328125 0.28038281249999997 0.5997140625 0.2960875 0.6159796875 0.32008437500000003 0.6253875 0.3297640625 0.637028125 0.3379390625 0.651059375 0.34304375 0.6985718750000001 0.3459546875 0.7114859375 0.3416125 0.747515625 0.3143875 0.7526171875000001 0.3051171875
1 0.5944640625 0.3885171875 0.5997234375 0.37768125 0.6041875 0.3746703125 0.6145484375 0.3545640625 0.6178953125 0.34210625 0.61598125 0.3404828125 0.617415625 0.32640156249999996 0.602903125 0.3055921875 0.5855234375 0.2925484375 0.581378125 0.29243125000000003 0.5536328125 0.27909375000000003 0.5455015624999999 0.27729375 0.5185562499999999 0.2765328125 0.5014968750000001 0.2807578125 0.47455468749999996 0.30039531249999996 0.46164062499999997 0.3047375 0.45239375 0.313890625 0.43916093749999996 0.3213625 0.431828125 0.33213906249999997 0.4316703125 0.333703125 0.436775 0.3652296875 0.44953281250000005 0.3828515625 0.4629265625 0.3942140625 0.4806265625 0.404128125 0.5090078124999999 0.4112078125 0.529734375 0.41179375 0.5487078125 0.40919218749999997 0.572303125 0.4020125 0.587609375 0.3946 0.5944640625 0.3885171875
1 0.33873125000000004 0.4503296875 0.3554703125 0.4288359375 0.357221875 0.411625 0.351321875 0.4083203125 0.3388859375 0.40796875000000005 0.32070937499999996 0.40274687499999995 0.2990234375 0.39115 0.2865875 0.3907984375 0.263309375 0.3948484375 0.2588453125 0.397859375 0.2534265625 0.410259375 0.2532671875 0.411825 0.24992031250000002 0.4242828125 0.254546875 0.4401046875 0.26204062499999997 0.4481625 0.27766718749999997 0.45801875000000003 0.287871875 0.45987656250000003 0.290103125 0.45837031250000004 0.2920171875 0.45999375000000003 0.29424843749999996 0.45848750000000005 0.31928125 0.45762656249999994 0.33873125000000004 0.4503296875
5 0.254859375 0.396178125 0.252628125 0.397684375 0.21755 0.3951234375 0.2091 0.3964546875 0.198896875 0.394596875 0.178965625 0.3861875 0.167803125 0.37331875000000003 0.1467546875 0.3554640625 0.1376671875 0.36305156250000004 0.1375078125 0.3646171875 0.1349578125 0.3692515625 0.1328875 0.3895921875 0.1373546875 0.40697968749999996 0.14644375 0.41978906250000003 0.1560109375 0.4279046875 0.1737109375 0.4378203125 0.220584375 0.4265921875 0.24545625000000001 0.42729531249999997 0.2539046875 0.40556562500000004 0.254859375 0.396178125
5 0.364571875 0.5436390624999999 0.36855625000000003 0.524921875 0.3583484375 0.502665625 0.33730000000000004 0.4848109375 0.31513749999999996 0.4779078125 0.29233750000000003 0.4772625 0.26475624999999997 0.482759375 0.230159375 0.49590468750000005 0.21437656249999998 0.5080109375 0.2048109375 0.52029375 0.20401562499999998 0.5281171875 0.2017828125 0.5296234375 0.20162343749999997 0.5311874999999999 0.2037 0.5516453125 0.21071562500000002 0.5643953125000001 0.22203750000000003 0.5757 0.24388281250000002 0.5857328125000001 0.256159375 0.5876484375000001 0.2666828125 0.5863765625 0.27066875 0.5880578125 0.304309375 0.5843015625 0.3342828125 0.575734375 0.364571875 0.5436390624999999
5 0.965665625 0.6014265625 0.9643890624999999 0.5935453125000001 0.9672578125 0.5857796875 0.9548187499999999 0.5650296875 0.9087328125 0.5072390625 0.8974109374999999 0.49593437500000004 0.8873671875 0.4925125 0.837303125 0.49423593749999994 0.8073296875 0.502803125 0.7963296875 0.50876875 0.776240625 0.5223234375 0.771459375 0.5284640625 0.7663578125 0.5377359375 0.7663609375 0.5581343750000001 0.7641281249999999 0.559640625 0.76396875 0.5612046875 0.7650890625 0.59105 0.7759328125 0.607046875 0.789328125 0.6184093749999999 0.8110125 0.63000625 0.8473656249999999 0.6404484375 0.8867484375 0.6415625 0.9207078125000001 0.6346765624999999 0.9517953125 0.61515625 0.95896875 0.6059453125 0.965665625 0.6014265625
4 0.8259703125 0.4013375 0.822940625 0.3902671875 0.7934390625 0.35334374999999996 0.7884953125 0.3406515625 0.7829140625 0.3342171875 0.7746234375000001 0.3339828125 0.7505499999999999 0.34585468750000004 0.7290265625 0.35309218750000004 0.7111703125 0.365140625 0.7063875000000001 0.3712828125 0.7049546875 0.3853640625 0.7027234375 0.38687031250000004 0.7025640625 0.388434375 0.7017671875 0.3962578125 0.7105390625 0.41219687499999996 0.7320640625 0.4253578125 0.7481687499999999 0.4305203125 0.7773453124999999 0.4297765625 0.8181609375000001 0.4168078125 0.8286828125 0.41553593749999995 0.8331468750000001 0.4125234375 0.833465625 0.40939531249999994 0.8259703125 0.4013375
4 0.695390625 0.397646875 0.6941109375 0.36936562500000003 0.6883703125 0.364496875 0.6823109374999999 0.36275625 0.684703125 0.3596859375 0.6803984375 0.3611328125 0.667003125 0.3497703125 0.64468125 0.34443125 0.63878125 0.3411265625 0.6239546875 0.3438453125 0.59876875 0.3870703125 0.5826671875 0.40230625 0.58458125 0.40392968749999997 0.5855390625 0.414940625 0.5892062499999999 0.4197515625 0.6005281250000001 0.4310546875 0.6104140625000001 0.4360421875 0.6727546875 0.436234375 0.6773781249999999 0.4316578125 0.6813640624999999 0.4333390625 0.6931609375 0.4195515625 0.697303125 0.3992703125 0.695390625 0.397646875
4 0.52433125 0.5465859375 0.5190671874999999 0.537021875 0.5200234375 0.527634375 0.5150796875 0.5149421875 0.49945312499999994 0.505084375 0.491321875 0.5032859375000001 0.48350781249999997 0.4983578125 0.473303125 0.4965 0.46692656250000003 0.4978890625 0.45879531250000005 0.496090625 0.4355171875 0.5001390625 0.410646875 0.5198359375 0.407778125 0.5276 0.40761875 0.5291640625 0.40762187499999997 0.5495625000000001 0.41735156250000005 0.5765125 0.4344125 0.5926875 0.44653124999999994 0.5961671875000001 0.471403125 0.5968703125 0.4926078125 0.5927625 0.506159375 0.5821625 0.5136515625 0.5698203125 0.5227375000000001 0.56223125 0.52433125 0.5465859375
4 0.47600312499999997 0.40870625 0.4473015625 0.3843578125 0.4383703125 0.3699828125 0.4307171875 0.36349062499999996 0.42657187499999993 0.3633734375 0.4136578125 0.367715625 0.38830624999999996 0.37170625 0.3793796875 0.3777296875 0.3647140625 0.3992828125 0.359775 0.42738750000000003 0.3575421875 0.42889375 0.3573828125 0.43045937500000003 0.3594578125 0.45091562500000004 0.3648796875 0.4589140625 0.3744484375 0.46703124999999995 0.3883203125 0.4737 0.400278125 0.47874531249999996 0.4106421875 0.4790375 0.44699218749999997 0.46908125 0.4624578125 0.460103125 0.469790625 0.4493265625 0.47600312499999997 0.40870625
4 0.4960703125 0.23196093750000002 0.49080781250000005 0.22239843750000002 0.49144375 0.2161390625 0.48681875 0.2003171875 0.48905000000000004 0.1988109375 0.48841093750000003 0.18467187499999999 0.49096093749999997 0.1800359375 0.4890484375 0.1784125 0.490003125 0.169025 0.4861765625 0.165778125 0.4718265625 0.1638046875 0.4695953125 0.165309375 0.45923125000000004 0.1650171875 0.4483890625 0.16941875 0.4399390625 0.1707484375 0.435953125 0.1690671875 0.41889374999999995 0.1732921875 0.41634374999999996 0.1779265625 0.39832812500000003 0.191540625 0.3911546875 0.20075156249999998 0.39099531249999997 0.2023171875 0.38589531250000003 0.21158749999999998 0.3850984375 0.219409375 0.39163749999999997 0.2368546875 0.408859375 0.25146406250000003 0.42895000000000005 0.258309375 0.45366249999999997 0.2605765625 0.471040625 0.25322187500000004 0.47518593750000004 0.2533390625 0.4928828125 0.2428546875 0.4960703125 0.23196093750000002
