3 0.6508234374999999 0.7901734375 0.6513203125 0.7839109375 0.63568125 0.7720374999999999 0.571265625 0.74803125 0.5634453125000001 0.7420953124999999 0.5532984375 0.739371875 0.48155937499999996 0.7031671875 0.4774015625 0.7033296874999999 0.45136875 0.6918640625 0.44721093749999996 0.692028125 0.421053125 0.682128125 0.3701984375 0.6700765625 0.35136406249999996 0.672375 0.34230625 0.6820953125 0.3442609375 0.6835796875 0.3438890625 0.6882765625 0.34938125000000003 0.697425 0.36635625 0.718609375 0.4050828125 0.7529874999999999 0.4985734375 0.8023859375000001 0.5709328124999999 0.8307625 0.6036984375000001 0.835721875 0.6166671874999999 0.8289703125000001 0.646046875 0.7981640624999999 0.6508234374999999 0.7901734375
3 0.52700625 0.6264703125 0.52945625 0.621690625 0.531659375 0.62004375 0.533365625 0.624659375 0.5354453125 0.624578125 0.53569375 0.621446875 0.5297046875 0.6185609375000001 0.5302 0.6122984375 0.54316875 0.605546875 0.5499015625 0.5990390624999999 0.55945625 0.5830578125 0.567303125 0.5624609375 0.5722328125 0.5263703125 0.5689421875 0.5155734375 0.5696859375 0.50618125 0.5643171875 0.495465625 0.5631062499999999 0.4845890625 0.5388078125 0.45120468750000003 0.502159375 0.41674531249999996 0.47063437500000005 0.39613125 0.46293749999999995 0.38862968750000004 0.456825 0.38730937499999996 0.45108437500000004 0.381290625 0.44497187499999996 0.3799703125 0.43910781249999997 0.37551718749999996 0.4166125 0.3717171875 0.41062343749999997 0.36883125 0.3799375 0.3637921875 0.34887812500000004 0.3634484375 0.3408109375 0.36064375000000004 0.3386078125 0.36229062500000003 0.336653125 0.36080625 0.326259375 0.3612140625 0.25055312500000004 0.37510781249999997 0.23733749999999998 0.38499062500000003 0.23476249999999999 0.391334375 0.23646875 0.39594999999999997 0.242334375 0.40040156250000003 0.26470625000000003 0.40576718749999996 0.2726484375 0.4101390625 0.2788859375 0.40989375 0.2929421875 0.41558593750000006 0.30749375 0.415015625 0.311403125 0.4179828125 0.3216734375 0.419140625 0.33157187499999996 0.4249953125 0.36188750000000003 0.43473281249999995 0.36775156249999996 0.43918437499999996 0.3940328125 0.44751874999999997 0.4159078125 0.45914687499999995 0.4429046875 0.4846203125 0.4580484375 0.5027546875 0.47049375 0.5287984375 0.46975 0.5381921875 0.47437500000000005 0.5583 0.471153125 0.59900625 0.474815625 0.6051046875 0.47431875 0.6113671875 0.48006093749999995 0.6173859375 0.47758124999999996 0.648696875 0.47537812500000004 0.65034375 0.4752546875 0.651909375 0.4733953125 0.67539375 0.47876562500000003 0.6861078125 0.49269687500000003 0.693365625 0.5010125000000001 0.6930390625 0.509946875 0.6848859375 0.51438125 0.6550578125000001 0.5217328125 0.6407234374999999 0.5329953125 0.6293562500000001 0.5331187500000001 0.627790625 0.52700625 0.6264703125
3 0.6975140625 0.46215 0.712934375 0.4506203125 0.7221171875 0.43933437499999994 0.7353328125 0.4294515625 0.748178125 0.424265625 0.80945625 0.40937812500000004 0.8226718749999999 0.3994953125 0.8230437500000001 0.3947984375 0.8152250000000001 0.3888625 0.8011687500000001 0.3831703125 0.7908984375 0.3820125 0.729371875 0.4000328125 0.7129890624999999 0.397553125 0.690121875 0.39845 0.6626015625 0.405771875 0.5897187500000001 0.410190625 0.5712578125000001 0.40779375 0.5633140625 0.403421875 0.5590328125 0.40515156250000006 0.5470546875 0.39937812500000003 0.530671875 0.3968984375 0.5185703125 0.392690625 0.5006046875 0.38403125 0.4732359375 0.3632546875 0.45220000000000005 0.36720156249999997 0.4477953125 0.3704953125 0.4474234375 0.3751921875 0.47088125 0.393 0.4729609375 0.39291875 0.5159687500000001 0.42556874999999994 0.5390546875 0.4480734375 0.5634781249999999 0.47989218749999996 0.5693421875 0.48434375 0.5733765625 0.48574687499999997 0.6191109375 0.48395312500000004 0.657025 0.4762234375 0.6827140625 0.4658515625 0.6889515625 0.46560781249999994 0.6975140625 0.46215
2 0.641609375 0.2520828125 0.6523765625 0.246978125 0.6657171875000001 0.23553125000000003 0.6817562500000001 0.2161734375 0.6900984375 0.1893140625 0.6821828125 0.15840937500000002 0.676690625 0.1492609375 0.6708265625000001 0.14480781250000002 0.65444375 0.1423296875 0.63843125 0.135153125 0.6094515625 0.134728125 0.58816875 0.14180625 0.5687156250000001 0.151934375 0.54228125 0.1716984375 0.5285703125000001 0.18784375 0.5212171875 0.20217812500000001 0.52109375 0.20374374999999997 0.5186437500000001 0.20852187500000002 0.5170328125 0.228875 0.5206937500000001 0.234975 0.5203218749999999 0.23967187499999998 0.5296015625 0.2533546875 0.5614984375 0.269271875 0.5737234375 0.2719125 0.6007484375 0.27085312500000003 0.6283937500000001 0.261965625 0.641609375 0.2520828125
5 0.2060546875 0.5969156250000001 0.228453125 0.5757484374999999 0.235434375 0.566109375 0.23605312500000003 0.5582812500000001 0.22261718749999998 0.5447625 0.21712343750000002 0.5356140625 0.2174953125 0.5309171874999999 0.21383437500000002 0.5248171875 0.21606406250000001 0.4966375 0.2042109375 0.4892984375 0.1796375 0.4855796875 0.15261249999999998 0.4866390625 0.13353125 0.4920703125 0.09779062499999999 0.5246859374999999 0.084078125 0.54083125 0.08150468749999999 0.547175 0.08137968749999999 0.548740625 0.08209531249999999 0.5658796875000001 0.0890484375 0.582775 0.11421406249999999 0.6052 0.1364609375 0.61213125 0.1510125 0.611559375 0.1529671875 0.61304375 0.1551703125 0.611396875 0.1718015625 0.6107453125 0.1951640625 0.6035859375 0.2060546875 0.5969156250000001
5 0.292896875 0.5732203124999999 0.3283609375 0.57026875 0.3626140625 0.556440625 0.37803437500000003 0.5449109375 0.3850140625 0.5352718750000001 0.39261406249999997 0.51780625 0.3937296875 0.503715625 0.383734375 0.47289375 0.3640609375 0.45961875 0.34389375 0.45260625 0.2943734375 0.449865625 0.256334375 0.4591609375 0.2432421875 0.46747812499999997 0.22512343750000002 0.4869171875 0.225 0.48848281250000003 0.2200984375 0.4980390625 0.2184875 0.5183921875 0.22494375 0.54155 0.2363015625 0.5551515625000001 0.242290625 0.5580375 0.25048125 0.5592765625 0.26636875 0.56801875 0.2726046875 0.5677734375 0.2765140625 0.5707421874999999 0.292896875 0.5732203124999999
0 0.3794640625 0.5791906250000001 0.376546875 0.5636984375 0.37080625 0.5576796875000001 0.358209375 0.559734375 0.3282375 0.571834375 0.2927734375 0.5747859375 0.27027812500000004 0.5709859374999999 0.24815468749999997 0.5624890625 0.24399687499999997 0.562653125 0.219146875 0.5885984375 0.21902343750000003 0.5901640625 0.21874687499999998 0.6198296875 0.2239921875 0.632109375 0.23364218750000001 0.6410953125 0.2535640625 0.6512390625 0.2657890625 0.65388125 0.3010046875 0.6540609374999999 0.33280625 0.645009375 0.3547109375 0.6301046875 0.375403125 0.604321875 0.3794640625 0.5791906250000001
0 0.3399828125 0.44963749999999997 0.3464671875 0.4462625 0.3533234375 0.43818906249999995 0.3313234375 0.4281265625 0.31298593750000003 0.42416406249999994 0.3050421875 0.41979375 0.288659375 0.4173140625 0.2786375 0.41302500000000003 0.2662890625 0.4119484375 0.25834531250000003 0.407578125 0.23805312500000003 0.40213124999999994 0.2321875 0.397678125 0.2280296875 0.3978421875 0.22349999999999998 0.4027015625 0.22337656250000001 0.4042671875 0.22105000000000002 0.40747968749999997 0.22300468750000002 0.40896406250000006 0.22213750000000002 0.41992343749999994 0.2290890625 0.43681875000000003 0.238615625 0.44737031250000003 0.25658125 0.45602968749999995 0.2882609375 0.4485453125 0.31320625 0.447565625 0.3275109375 0.45012656250000005 0.3399828125 0.44963749999999997
0 0.47423593750000004 0.69096875 0.47473124999999994 0.68470625 0.4691140625 0.677121875 0.475034375 0.6285078125 0.46733906249999996 0.62100625 0.4493734375 0.6123453125 0.4271265625 0.6054140625 0.408540625 0.6045828125 0.40633749999999996 0.6062296875000001 0.387628125 0.6069640625 0.3702546875 0.6170093750000001 0.3544625 0.6332359375000001 0.3369640625 0.644846875 0.329984375 0.654484375 0.3319390625 0.65596875 0.33277812500000004 0.67154375 0.34047499999999997 0.6790453125 0.3557703125 0.66908125 0.370321875 0.6685109375 0.3928171875 0.6723109375 0.41702031249999993 0.6807265625000001 0.42325625 0.6804812499999999 0.45540156249999997 0.6932671874999999 0.4676265625 0.695909375 0.47423593750000004 0.69096875
0 0.43532187499999997 0.37098437500000003 0.47581093750000003 0.3569109375 0.4913546875 0.343815625 0.5007843750000001 0.3293984375 0.5060578125 0.3151453125 0.50779375 0.293228125 0.4975515625 0.26553593750000004 0.490103125 0.254903125 0.4822828125 0.2489671875 0.46394531250000004 0.245003125 0.426775 0.24333906249999998 0.416628125 0.240615625 0.3833671875 0.2419203125 0.37467968749999997 0.24694375000000002 0.3407703125 0.282609375 0.33599375 0.2906 0.3350015625 0.303125 0.3328 0.304771875 0.332675 0.30633750000000004 0.333515625 0.3219125 0.3390078125 0.3310609375 0.3421734375 0.343421875 0.35353124999999996 0.3570234375 0.38006093750000003 0.36222656249999996 0.3904546875 0.36181874999999997 0.398521875 0.36462343750000004 0.404759375 0.3643796875 0.42700625 0.3713109375 0.43532187499999997 0.37098437500000003
5 0.8270781250000001 0.3962 0.83539375 0.39587500000000003 0.8484859374999999 0.3875578125 0.8668515625 0.3649875 0.8744515625 0.347521875 0.8753187499999999 0.3365625 0.8733640625 0.335078125 0.8741078124999999 0.32568437499999997 0.8669078125 0.31192031249999996 0.8473578125 0.2970796875 0.82926875 0.2899859375 0.7876921875 0.291615625 0.764453125 0.297209375 0.7404703125000001 0.31219687500000004 0.7250515625 0.3237265625 0.715125 0.34440468750000003 0.7150000000000001 0.3459703125 0.7116828125 0.3617078125 0.7136375 0.36319218750000004 0.7126453125000001 0.3757171875 0.7254625 0.39706406250000004 0.733778125 0.3967375 0.7592203125 0.38949687499999996 0.7699859375 0.38439375 0.7951796875 0.3802828125 0.8153484375 0.387296875 0.8270781250000001 0.3962
5 0.9258984375000001 0.37827968749999996 0.9125578125 0.38972656250000004 0.9438359374999999 0.41347187500000004 0.9550703125 0.4286390625 0.9550421874999999 0.455171875 0.9528390625000001 0.4568203125 0.9520953125 0.4662125 0.9601625 0.46901875000000004 0.9726359375 0.46852968749999996 0.9800437499999999 0.37495781250000004 0.9809625000000001 0.35426875 0.9712890625 0.35464843749999997 0.9414421875000001 0.365184375 0.926021875 0.3767140625 0.9258984375000001 0.37827968749999996
0 0.9246140625000001 0.5515703125 0.9466421875 0.5350984375000001 0.9593906249999999 0.5049453125000001 0.960259375 0.4939859375 0.9509796875 0.480303125 0.9427890624999999 0.4790640625 0.9358078125 0.4887015625 0.9180624999999999 0.50344375 0.9006875000000001 0.513490625 0.8751218749999999 0.522296875 0.8336703125 0.5223609375 0.8076359375 0.510896875 0.8013999999999999 0.511140625 0.7987015625 0.51905 0.8007796875000001 0.51896875 0.8098109375 0.5357828125 0.811021875 0.5466609375 0.8207968749999999 0.5540812500000001 0.826909375 0.5554015625 0.828740625 0.5584515624999999 0.8408421875000001 0.562659375 0.859303125 0.56505625 0.886328125 0.5639968750000001 0.90320625 0.5602125 0.9246140625000001 0.5515703125
1 0.8558734375 0.686928125 0.8717874999999999 0.6691359375 0.8753546875 0.6502671875 0.8706046875 0.631725 0.855709375 0.6104578125 0.838115625 0.5971015625 0.8201499999999999 0.5884421875 0.77038125 0.5888328125 0.753503125 0.592615625 0.729271875 0.610734375 0.719965625 0.623584375 0.7165234375 0.6408875 0.7143203125 0.6425359375 0.7141968750000001 0.6441 0.7144171874999999 0.667503125 0.7197859375 0.6782171875 0.7353015625 0.6916562500000001 0.7634125 0.7030390625 0.80449375 0.7076718750000001 0.8066968749999999 0.7060234375000001 0.812809375 0.7073453125 0.823328125 0.705371875 0.83396875 0.7018328125 0.8558734375 0.686928125
1 0.706825 0.21362968750000003 0.6950968750000001 0.204725 0.6909390625 0.20488749999999997 0.6865328125 0.20818124999999998 0.67918125 0.2225171875 0.6544546875 0.24689687500000002 0.6282703125 0.26353125 0.6198296875 0.2654234375 0.61114375 0.27044531250000003 0.61101875 0.2720109375 0.6282421874999999 0.2900640625 0.6402187500000001 0.29583750000000003 0.6650406249999999 0.296425 0.6777624999999999 0.2928046875 0.69060625 0.28761875 0.7038234375 0.27773593750000003 0.710803125 0.2680984375 0.7160765625 0.25384531250000003 0.717315625 0.2381890625 0.706825 0.21362968750000003
1 0.6127374999999999 0.3811953125 0.6303609375 0.36801875 0.6400390625 0.3504703125 0.638084375 0.3489859375 0.6402859375000001 0.3473390625 0.6414015625 0.3332484375 0.639446875 0.331765625 0.63873125 0.31462500000000004 0.62799375 0.2931953125 0.6066140625 0.27530625 0.548778125 0.2728921875 0.5316515625 0.27980625 0.5184359374999999 0.28968906250000004 0.51378125 0.2961140625 0.5102156250000001 0.3149828125 0.502615625 0.33244843749999997 0.4887796875 0.350159375 0.48865625 0.351725 0.487540625 0.36581562500000003 0.49498749999999997 0.3764484375 0.5067171874999999 0.385353125 0.5248078125 0.392446875 0.528965625 0.392284375 0.532875 0.39525156250000004 0.5639328124999999 0.3955953125 0.5849703125 0.3916484375 0.6085796875 0.3813578125 0.6127374999999999 0.3811953125
1 0.6880953125 0.581134375 0.6936171875 0.56375 0.689115625 0.5420765624999999 0.6836218749999999 0.5329265624999999 0.6777578125 0.528475 0.67421875 0.5208109375000001 0.6587046875 0.507371875 0.6426937500000001 0.500196875 0.6222765625 0.49631406250000004 0.5931734375 0.49745625000000004 0.5804515625 0.5010765625 0.57384375 0.5060171875 0.57208125 0.5544687500000001 0.569878125 0.5561171875 0.5664359375 0.57341875 0.5567578125 0.5909671875 0.5566328125 0.5925328125 0.554059375 0.5988765625 0.5638328125000001 0.606296875 0.57984375 0.613471875 0.61053125 0.6185125 0.6313187499999999 0.617696875 0.6527265625 0.609053125 0.6704734375 0.5943109375 0.676834375 0.5925015625000001 0.6834421875000001 0.587559375 0.6880953125 0.581134375
1 0.6044578125 0.6952265625 0.593225 0.680059375 0.579540625 0.6696703125 0.5675625 0.663896875 0.5472703125 0.65845 0.522325 0.659428125 0.51791875 0.6627234375 0.516803125 0.6768125 0.5116546875 0.6895 0.49856249999999996 0.6978171875 0.492325 0.6980625 0.4842578125 0.6952578125 0.48205468749999997 0.6969046875 0.48193125 0.6984703125 0.5055140625 0.7147125 0.515659375 0.7174375000000001 0.5374125000000001 0.7306296875 0.583490625 0.7506734374999999 0.5876484375000001 0.7505109375 0.592053125 0.747215625 0.6039343749999999 0.728021875 0.60579375 0.7045375 0.6038390625 0.7030531250000001 0.6044578125 0.6952265625
1 0.708 0.7223796874999999 0.7049578125 0.708453125 0.6958031250000001 0.6932046875 0.69434375 0.6854578124999999 0.6904343749999999 0.682490625 0.665115625 0.688165625 0.6380921875000001 0.689225 0.6319781250000001 0.687903125 0.6297765625 0.6895515624999999 0.6257421875 0.6881484375 0.6235390625 0.6897953125 0.6195062499999999 0.6883921875000001 0.6045828125 0.6936609375 0.606509375 0.7216781250000001 0.5987859375 0.740709375 0.59425625 0.74556875 0.5941328125 0.747134375 0.5937609375 0.7518312500000001 0.599625 0.756284375 0.621996875 0.76165 0.6419171875 0.77179375 0.6584234375 0.7727062499999999 0.6689421875 0.7707328125 0.6904734375 0.760525 0.69720625 0.7540171875 0.7067609375 0.7380359375000001 0.708 0.7223796874999999
0 0.6952109375 0.6744984374999999 0.7047656250000001 0.6585171875 0.7111546875 0.6301734375 0.71850625 0.6158390625 0.7072734374999999 0.600671875 0.6912609375 0.593496875 0.6830703125 0.5922562499999999 0.6681468749999999 0.5975234375 0.6461187500000001 0.6139953125 0.63755625 0.6174515625 0.6124859375 0.619996875 0.5837546875 0.616440625 0.577765625 0.6135546875 0.56945 0.6138796875 0.5647968750000001 0.62030625 0.5646734375 0.621871875 0.5628140625 0.6453546875 0.5662281250000001 0.6545859375 0.585653125 0.6709921875 0.59750625 0.67833125 0.617675 0.68534375 0.642496875 0.68593125 0.6444515625 0.6874140625 0.6631609375 0.68668125 0.6779609375 0.6829796875 0.6952109375 0.6744984374999999
4 0.747390625 0.5912953125 0.751671875 0.5895671874999999 0.76929375 0.5763890625 0.780059375 0.5712859375 0.7932765625 0.561403125 0.8001328125 0.5533296875 0.8005046874999999 0.5486328125 0.804909375 0.5453390625 0.805778125 0.5343796875 0.796375 0.5222625 0.7825671875 0.513440625 0.7672984375 0.4968703125 0.75923125 0.494065625 0.7300046874999999 0.49677187500000003 0.70136875 0.5181843749999999 0.69010625 0.5295515625 0.6899828125 0.5311171875 0.6876562500000001 0.5343296875 0.6964390625 0.554275 0.6967828125 0.5761109375 0.702646875 0.5805640624999999 0.7042296875 0.5867453125 0.7082640625 0.588146875 0.708015625 0.591278125 0.7243984375 0.5937578125 0.7266015625 0.5921109375 0.747390625 0.5912953125
2 0.8761859375000001 0.325603125 0.8767781250000001 0.3443078125 0.8689296875 0.36490625 0.85509375 0.382615625 0.8416296875 0.3956296875 0.8437078124999999 0.3955484375 0.8520234375 0.395221875 0.8731843749999999 0.38971093749999997 0.9064453125 0.38840625 0.91280625 0.3865953125 0.926021875 0.3767140625 0.932878125 0.368640625 0.931915625 0.3546328125 0.91885 0.336415625 0.894771875 0.326434375 0.8761859375000001 0.325603125
3 0.7752703125 0.4747078125 0.7726 0.456084375 0.7800765625 0.44018281249999996 0.7915859375000001 0.42568593750000006 0.8048015625 0.41580312499999994 0.8050499999999999 0.412671875 0.743771875 0.4275609375 0.7287250000000001 0.43439375 0.7217453125 0.44403125 0.7062015625 0.45712656249999994 0.706078125 0.45869218749999996 0.7014234375 0.46511718750000003 0.7008046875 0.4729453125 0.720353125 0.4877859375 0.7324546875 0.49199374999999995 0.7616828124999999 0.4892875 0.7697499999999999 0.49209218750000006 0.7759859375 0.4918484375 0.7802671875 0.49011875 0.7825953125 0.48690625 0.7752703125 0.4747078125
