3 0.5659609375 0.3681359375 0.52006875 0.376628125 0.5095828124999999 0.3861578125 0.5094671875000001 0.40178281250000003 0.542453125 0.44816406249999996 0.5441890625 0.49500781250000003 0.5314 0.5342546875 0.5061 0.57525 0.5099765625 0.6142515625 0.4762734375 0.6647453125 0.49480312499999995 0.6941546875 0.5239812500000001 0.6921609375 0.5535765625 0.633915625 0.5995609375 0.6129249999999999 0.6061578125 0.5659562499999999 0.5959140625 0.5426734375 0.5960875 0.5192359375 0.61726875 0.47205312499999996 0.623784375 0.43602187499999995 0.6468640625 0.4138078125 0.646921875 0.4059953125 0.6262265625000001 0.3875546875 0.5659609375 0.3681359375
0 0.6886234375 0.681909375 0.6366546875 0.66705625 0.5952890625 0.6270484374999999 0.578471875 0.6476078125 0.5739703125 0.6929828125 0.586284375 0.717796875 0.617384375 0.737646875 0.65695625 0.7386234375 0.6654859375 0.7119375 0.6886234375 0.681909375
0 0.6538078125 0.601184375 0.6891203124999999 0.6147218750000001 0.716203125 0.6143203125000001 0.6873953125 0.566315625 0.689734375 0.531909375 0.719225 0.487728125 0.71133125 0.42847656250000005 0.68211875 0.43515781249999996 0.6402890625000001 0.45765 0.6130093750000001 0.48461406250000005 0.5981359375 0.5238921875 0.6000578125 0.5457375 0.6206484375 0.5782406250000001 0.6538078125 0.601184375
0 0.632234375 0.1390546875 0.6012390625 0.1051421875 0.559525 0.11200937500000001 0.530265625 0.1249421875 0.49881875000000003 0.1519671875 0.49841406250000003 0.2066546875 0.533634375 0.2326921875 0.5982062499999999 0.2332984375 0.65476875 0.19027812500000002 0.632234375 0.1390546875
5 0.4806828125 0.3506515625 0.5035296875 0.3596875 0.5493750000000001 0.3574453125 0.5245953125 0.328128125 0.522859375 0.281284375 0.5438765625 0.2559765625 0.579409375 0.2398265625 0.5731828125 0.23679375 0.525278125 0.23594062500000001 0.47930624999999993 0.25537031250000003 0.4562390625 0.27602187499999997 0.4497453125 0.308928125 0.457928125 0.32911718749999996 0.4806828125 0.3506515625
5 0.730509375 0.6516046875 0.6696765625000001 0.70875 0.660903125 0.7682484374999999 0.695890625 0.8255359375 0.739421875 0.854575 0.76024375 0.8558296875 0.7625109375 0.8307984375 0.7429625 0.6576703125 0.730509375 0.6516046875
1 0.6928234375 0.6771609375 0.7368171875 0.6437 0.7370015624999999 0.6187 0.6745609375 0.6118125 0.6475578125 0.6012765625000001 0.610265625 0.5737078125 0.6015734375 0.62226875 0.6138890625 0.6470828125 0.644965625 0.6700578125 0.6761453125 0.6789703125 0.6928234375 0.6771609375
1 0.6743515625 0.35871875000000003 0.7014234375 0.3598796875 0.7160765625 0.3502890625 0.7045953125 0.212975 0.6839000000000001 0.1945328125 0.6588546875 0.201153125 0.6379046875000001 0.21708750000000002 0.61485 0.2361765625 0.608471875 0.25345625 0.608321875 0.27376875 0.63288125 0.3327734375 0.65148125 0.352809375 0.6743515625 0.35871875000000003
4 0.5930093750000001 0.3724234375 0.6263546875 0.3703671875 0.649375 0.3559640625 0.6308109375 0.3312421875 0.6082875 0.27845624999999996 0.612765625 0.2362078125 0.6065390625 0.233175 0.5417703125 0.25913125 0.52491875 0.28437812500000004 0.5247109375 0.312503125 0.53493125 0.3389125 0.5535421875 0.357384375 0.5930093750000001 0.3724234375
4 0.709375 0.41131875000000007 0.6760640625 0.4086875 0.64475625 0.41696406250000007 0.6237609375 0.43914687499999994 0.6193984375 0.465771875 0.6277078125 0.4687734375 0.6674890625 0.441625 0.7092484375 0.42850625000000003 0.709375 0.41131875000000007
4 0.6890515625 0.061659375 0.6832171875 0.0055015624999999995 0.6603015625 0.005840625 0.6373031250000001 0.01711875 0.6057171875 0.06289375 0.609525 0.11126875 0.6322687499999999 0.1343671875 0.6489234374999999 0.1356828125 0.6492359375000001 0.09349531250000001 0.6890515625 0.061659375
0 0.6573140625 0.408965625 0.7115046875 0.40503906250000005 0.7139234375 0.35969531250000003 0.6535296875000001 0.357465625 0.64515 0.3638390625 0.6429046875 0.3857453125 0.6573140625 0.408965625
