2 0.2546875 0.3479171875 0.2375 0.3604171875 0.221875 0.3791671875 0.2140625 0.39375 0.2109375 0.40833281250000003 0.2125 0.4166671875 0.2109375 0.41875 0.209375 0.43958281250000003 0.2125 0.4479171875 0.234375 0.47708281250000006 0.2453125 0.48333281250000004 0.253125 0.48125 0.290625 0.45625 0.315625 0.44583281250000006 0.3265625 0.43541718749999997 0.33125 0.42291718749999996 0.33125 0.39375 0.325 0.375 0.31875 0.3645828125 0.303125 0.35 0.3015625 0.35 0.2875 0.34375 0.2546875 0.3479171875
2 0.33125 0.6291671875 0.3015625 0.66875 0.3046875 0.6791671874999999 0.3359375 0.71875 0.3453125 0.7395828125 0.3515625 0.7458328125 0.35625 0.7458328125 0.3609375 0.7416671874999999 0.365625 0.73125 0.4140625 0.70625 0.4265625 0.6958328125000001 0.425 0.675 0.4171875 0.6520828125 0.4015625 0.6333328125000001 0.3890625 0.625 0.3734375 0.61875 0.371875 0.61875 0.35 0.6208328125 0.33125 0.6291671875
3 0.55 0.5729171875 0.5390625 0.5729171875 0.515625 0.58125 0.5046875 0.5895828125 0.5015625 0.5895828125 0.4828125 0.60625 0.4625 0.6333328125000001 0.453125 0.65 0.4484375 0.6645828125000001 0.453125 0.6583328125000001 0.478125 0.65 0.496875 0.6520828125 0.5046875 0.6583328125000001 0.5125 0.65625 0.5203125 0.65 0.5359375 0.64375 0.5875 0.6145828125 0.590625 0.5979171875 0.590625 0.5833328125 0.5859375 0.5770828125 0.575 0.5729171875 0.5734375 0.5729171875 0.5515625 0.5708328125000001 0.55 0.5729171875
3 0.4578125 0.35 0.45625 0.3541671875 0.45625 0.3770828125 0.4578125 0.3791671875 0.4578125 0.39375 0.4640625 0.4375 0.4671875 0.45416718749999996 0.4703125 0.46041718749999994 0.4703125 0.46666718749999997 0.4734375 0.47083281250000003 0.4859375 0.47291718749999995 0.5046875 0.4875 0.503125 0.46041718749999994 0.5015625 0.4583328125 0.503125 0.45625 0.503125 0.44375 0.515625 0.40833281250000003 0.5046875 0.35625 0.5015625 0.3520828125 0.5015625 0.3479171875 0.496875 0.34375 0.4953125 0.34375 0.4640625 0.3458328125 0.4578125 0.35
5 0.1515625 0.3958328125 0.134375 0.40208281250000005 0.121875 0.41041718749999995 0.1109375 0.425 0.1109375 0.43541718749999997 0.1578125 0.49791718749999997 0.1703125 0.5208328125 0.1890625 0.5395828125000001 0.196875 0.5395828125000001 0.20625 0.5333328125000001 0.2140625 0.5208328125 0.221875 0.5020828125000001 0.221875 0.49375 0.2265625 0.47291718749999995 0.209375 0.4479171875 0.2078125 0.42916718749999994 0.2046875 0.41875 0.2015625 0.41458281250000006 0.18125 0.40208281250000005 0.1796875 0.40208281250000005 0.1734375 0.3979171875 0.1515625 0.3958328125
5 0.5515625 0.3916671875 0.54375 0.3916671875 0.5265625 0.40208281250000005 0.515625 0.41458281250000006 0.5078125 0.43125 0.503125 0.45416718749999996 0.5046875 0.4791671875 0.5140625 0.5083328125000001 0.521875 0.5166671875 0.54375 0.53125 0.5609375 0.5333328125000001 0.578125 0.5270828125 0.5890625 0.51875 0.6 0.5041671875 0.6078125 0.48541718749999996 0.6125 0.46666718749999997 0.609375 0.43333281250000005 0.6015625 0.4125 0.5859375 0.3979171875 0.5734375 0.3916671875 0.571875 0.3916671875 0.553125 0.3895828125 0.5515625 0.3916671875
2 0.20625 0.5375 0.1984375 0.5416671875 0.1953125 0.5479171875 0.2328125 0.5916671874999999 0.2546875 0.6104171875 0.2625 0.6125 0.2640625 0.6104171875 0.2640625 0.59375 0.2625 0.5875 0.2515625 0.5708328125000001 0.2453125 0.5520828125 0.2359375 0.54375 0.234375 0.54375 0.2234375 0.5375 0.20625 0.5375
4 0.4546875 0.4791671875 0.4484375 0.48541718749999996 0.4375 0.5 0.4328125 0.5208328125 0.4328125 0.525 0.4359375 0.5291671874999999 0.44375 0.5333328125000001 0.459375 0.5520828125 0.46875 0.5833328125 0.4703125 0.6 0.46875 0.6083328125 0.4703125 0.6125 0.4734375 0.6125 0.5015625 0.5875 0.5125 0.58125 0.51875 0.55625 0.5140625 0.51875 0.5046875 0.49375 0.49375 0.48125 0.4796875 0.47291718749999995 0.478125 0.47291718749999995 0.4671875 0.47291718749999995 0.4546875 0.4791671875
4 0.43125 0.45 0.4234375 0.45208281250000004 0.4046875 0.46666718749999997 0.3953125 0.48333281250000004 0.39375 0.49375 0.3953125 0.5041671875 0.396875 0.5104171875 0.403125 0.51875 0.4203125 0.5208328125 0.4296875 0.525 0.4328125 0.51875 0.4359375 0.5020828125000001 0.453125 0.4791671875 0.4625 0.475 0.465625 0.47083281250000003 0.4609375 0.46041718749999994 0.4515625 0.45208281250000004 0.45 0.45208281250000004 0.4484375 0.45 0.43125 0.45
4 0.325 0.6208328125 0.328125 0.6208328125 0.33125 0.5833328125 0.3171875 0.5875 0.2984375 0.6041671875 0.3 0.60625 0.3125 0.6104171875 0.325 0.6208328125
0 0.4078125 0.30625 0.378125 0.325 0.36875 0.3416671875 0.3640625 0.3666671875 0.3640625 0.3854171875 0.36875 0.3916671875 0.38125 0.4 0.4 0.4270828125 0.40625 0.4270828125 0.4109375 0.42291718749999996 0.4265625 0.41875 0.4484375 0.42083281250000004 0.4546875 0.40416718749999997 0.453125 0.3541671875 0.4421875 0.3291671875 0.4296875 0.3125 0.421875 0.3083328125 0.4203125 0.3083328125 0.41875 0.30625 0.4078125 0.30625
0 0.2828125 0.46666718749999997 0.2796875 0.46666718749999997 0.265625 0.47708281250000006 0.2515625 0.49791718749999997 0.24375 0.5229171874999999 0.2421875 0.5395828125000001 0.24375 0.5458328125 0.25 0.5583328125 0.2515625 0.5666671875 0.265625 0.5916671874999999 0.2734375 0.6 0.2796875 0.6020828125000001 0.296875 0.6020828125000001 0.3171875 0.5854171874999999 0.33125 0.58125 0.334375 0.5770828125 0.3421875 0.5541671874999999 0.3640625 0.5270828125 0.3640625 0.5104171875 0.3609375 0.5020828125000001 0.3609375 0.49583281250000005 0.353125 0.47708281250000006 0.34375 0.46666718749999997 0.328125 0.45625 0.31875 0.45625 0.3171875 0.45416718749999996 0.315625 0.45416718749999996 0.2859375 0.4625 0.2828125 0.46666718749999997
0 0.64375 0.5104171875 0.6390625 0.5104171875 0.6265625 0.51875 0.6078125 0.5416671875 0.5984375 0.5604171874999999 0.59375 0.5770828125 0.590625 0.6083328125 0.59375 0.6104171875 0.665625 0.5729171875 0.6734375 0.5708328125000001 0.6890625 0.5604171874999999 0.7015625 0.55625 0.715625 0.5458328125 0.7109375 0.5354171875 0.690625 0.5166671875 0.678125 0.5083328125000001 0.6703125 0.5083328125000001 0.66875 0.50625 0.6671875 0.50625 0.65 0.50625 0.64375 0.5104171875
0 0.51875 0.5625 0.515625 0.575 0.5171875 0.5791671875 0.5375 0.5708328125000001 0.5578125 0.56875 0.559375 0.5645828125000001 0.5515625 0.5458328125 0.54375 0.5354171875 0.53125 0.525 0.5203125 0.51875 0.515625 0.51875 0.515625 0.5208328125 0.51875 0.5375 0.51875 0.5625
1 0.6296875 0.45208281250000004 0.6140625 0.46875 0.609375 0.4895828125 0.6046875 0.5 0.6015625 0.51875 0.6015625 0.5395828125000001 0.6046875 0.5458328125 0.621875 0.5208328125 0.6359375 0.5104171875 0.6515625 0.5041671875 0.66875 0.5041671875 0.68125 0.5083328125000001 0.6984375 0.5229171874999999 0.7046875 0.525 0.7046875 0.5125 0.70625 0.5104171875 0.703125 0.49375 0.6984375 0.48125 0.684375 0.46458281250000005 0.671875 0.45625 0.65625 0.45 0.6546875 0.45 0.6390625 0.4479171875 0.6296875 0.45208281250000004
1 0.334375 0.3958328125 0.3328125 0.425 0.325 0.44583281250000006 0.33125 0.45625 0.346875 0.46666718749999997 0.3546875 0.47708281250000006 0.3625 0.49375 0.3671875 0.5208328125 0.3734375 0.5208328125 0.3796875 0.51875 0.3890625 0.5041671875 0.3875 0.5 0.3921875 0.49166718749999994 0.3953125 0.47708281250000006 0.4015625 0.46666718749999997 0.4015625 0.4625 0.4 0.46041718749999994 0.3984375 0.43125 0.39375 0.41875 0.3734375 0.3958328125 0.3625 0.3895828125 0.3609375 0.3895828125 0.34375 0.3895828125 0.334375 0.3958328125
1 0.4 0.43333281250000005 0.4 0.4479171875 0.403125 0.46458281250000005 0.415625 0.4583328125 0.425 0.45 0.4328125 0.45 0.434375 0.4479171875 0.4484375 0.4479171875 0.4671875 0.4625 0.4640625 0.44583281250000006 0.4515625 0.42916718749999994 0.4390625 0.42291718749999996 0.4265625 0.42291718749999996 0.425 0.42083281250000004 0.4234375 0.42291718749999996 0.4109375 0.425 0.4 0.43333281250000005
1 0.3671875 0.5270828125 0.3578125 0.5354171875 0.34375 0.5541671874999999 0.3328125 0.5854171874999999 0.33125 0.6166671874999999 0.3296875 0.61875 0.33125 0.6229171874999999 0.3375 0.625 0.3484375 0.61875 0.3609375 0.61875 0.3625 0.6166671874999999 0.3640625 0.61875 0.371875 0.6166671874999999 0.3796875 0.6208328125 0.3859375 0.6208328125 0.40625 0.6354171875 0.4203125 0.6541671874999999 0.4265625 0.675 0.4375 0.6708328125 0.45 0.6541671874999999 0.4640625 0.625 0.4671875 0.6083328125 0.4671875 0.5833328125 0.459375 0.55625 0.45 0.5416671875 0.4359375 0.53125 0.415625 0.5229171874999999 0.4078125 0.5229171874999999 0.396875 0.51875 0.3953125 0.5208328125 0.3859375 0.5208328125 0.3671875 0.5270828125
1 0.284375 0.6083328125 0.2703125 0.6145828125 0.265625 0.6208328125 0.2671875 0.6270828125000001 0.2921875 0.6604171875 0.3 0.6666671875 0.328125 0.6291671875 0.3234375 0.61875 0.3125 0.6125 0.3109375 0.6125 0.3046875 0.6083328125 0.284375 0.6083328125
