2 0.5369531249999999 0.4510484375 0.5461484375000001 0.47183906249999996 0.5546421875 0.482203125 0.566115625 0.4904578125 0.577309375 0.4945421875 0.6055140625 0.49640312499999995 0.6177078125000001 0.49213281249999996 0.62494375 0.4837296875 0.6326203125000001 0.45863125 0.6322015624999999 0.45237499999999997 0.6414375 0.42726406250000004 0.6538125 0.37917812500000003 0.6528328125 0.36457968749999997 0.647596875 0.3562765625 0.635703125 0.34176562499999996 0.61629375 0.3314890625 0.614734375 0.3315015625 0.5927671875 0.32958906250000003 0.5913484375 0.3316875 0.5835515625000001 0.33175 0.575896875 0.333896875 0.558025 0.3465578125 0.537875 0.37175625 0.532478125 0.3843171875 0.5293390625 0.40729375 0.5304578125 0.42397656250000004 0.5369531249999999 0.4510484375
2 0.28673906250000003 0.8139953125 0.29409375 0.8306281249999999 0.309384375 0.8492843750000001 0.34210625 0.871975 0.361375 0.8801671875 0.38164375 0.8800062499999999 0.39341875000000004 0.8694796874999999 0.401934375 0.85689375 0.4139875 0.8505375000000001 0.42108437500000007 0.8400484374999999 0.42336406249999997 0.8275124999999999 0.42212500000000003 0.7857937500000001 0.4204265625 0.7837203125000001 0.4195875 0.7712078124999999 0.4119515625 0.7504046875 0.391425 0.7234453125 0.3798109375 0.7131046875 0.3766921875 0.7131296875 0.36521875000000004 0.704875 0.35090781249999997 0.7008171875 0.3493484375 0.7008296875 0.34297187500000004 0.69879375 0.34155156249999996 0.700890625 0.3198640625 0.70315 0.30950937500000003 0.7115781250000001 0.306390625 0.711603125 0.2933375 0.7263124999999999 0.28538125000000003 0.747240625 0.2818234375 0.7639609375 0.28250156249999997 0.7973375 0.28673906250000003 0.8139953125
2 0.483590625 0.8416375 0.5056765624999999 0.868584375 0.51119375 0.8810593750000001 0.5127531249999999 0.881046875 0.5197093749999999 0.8684734375 0.544878125 0.7785562500000001 0.5445984375 0.774384375 0.520953125 0.74745 0.51939375 0.7474624999999999 0.5049421875 0.7413171875 0.494028125 0.7414046875 0.48041406249999996 0.7477734375 0.46820000000000006 0.7749937499999999 0.4554265625 0.7938734375000001 0.45186875000000004 0.81059375 0.452846875 0.825190625 0.454546875 0.8272640625 0.47055781249999995 0.8333953125000001 0.483590625 0.8416375
0 0.3117421875 0.27966875 0.318259375 0.2837890625 0.3341296875 0.2878359375 0.340646875 0.29195625000000003 0.37806562499999996 0.2916578125 0.39153906250000003 0.2832046875 0.3970765625 0.272728125 0.39851562500000004 0.24767968749999997 0.40349375 0.22886250000000002 0.39913750000000003 0.18716875 0.386965625 0.16848749999999998 0.3604796875 0.1457484375 0.33781249999999996 0.133409375 0.32831875 0.1313984375 0.3253390625 0.13350937499999999 0.323640625 0.1314359375 0.32208125 0.1314484375 0.3052109375 0.13575625 0.2924375 0.1546359375 0.2915765625 0.165075 0.28759843749999997 0.1755390625 0.28374062499999997 0.21103906249999999 0.2835796875 0.2319046875 0.2856984375 0.2402328125 0.296590625 0.263096875 0.309903125 0.275509375 0.3117421875 0.27966875
0 0.3066609375 0.413240625 0.29516718750000004 0.42793749999999997 0.2911890625 0.4384015625 0.2896078125 0.46136406250000006 0.2832109375 0.4822796875 0.28575 0.49686562500000003 0.29310468749999996 0.5134984375 0.29820156249999996 0.5197171875000001 0.31549218749999997 0.521665625 0.3251265625 0.5257609375000001 0.3303640625 0.534065625 0.3507734375 0.5359890625 0.3547515625 0.525525 0.354471875 0.5213546874999999 0.329825 0.5027734374999999 0.328265625 0.5027859375 0.314534375 0.4841171875 0.310296875 0.46745937499999995 0.30917812499999997 0.45077656250000003 0.3142953125 0.43404375 0.322671875 0.41937187500000006 0.34338125 0.40251562500000004 0.3465 0.402490625 0.34622031249999996 0.3983203125 0.33218749999999997 0.3984328125 0.3066609375 0.413240625
0 0.1471140625 0.825540625 0.16270625 0.8254171875 0.16412500000000002 0.82331875 0.18269531249999998 0.8210843750000001 0.203684375 0.8083984375 0.2095015625 0.8020921875000001 0.222275 0.7832125 0.2292515625 0.7476875 0.22459531250000003 0.7247734375 0.2029484375 0.68113125 0.1879375 0.6666453125 0.1719265625 0.6605140625 0.1703671875 0.6605265625000001 0.1471203125 0.6627984375 0.119034375 0.6859734375000001 0.098025 0.721609375 0.09418593750000001 0.7341593750000001 0.0921875 0.7508671875 0.09642500000000001 0.767525 0.113834375 0.794509375 0.125446875 0.8048484374999999 0.1390390625 0.8214328125 0.1471140625 0.825540625
0 0.381840625 0.9759796875 0.3846796875 0.971784375 0.38004375 0.9259203125000001 0.3854625 0.8904078125 0.384903125 0.8820656250000001 0.361515625 0.8822531250000001 0.3470640625 0.8761078124999999 0.32595625 0.8637578124999999 0.30782656249999996 0.849296875 0.3062671875 0.849309375 0.3017296875 0.8514328125 0.294771875 0.8640062500000001 0.2887953125 0.891178125 0.2913125 0.9287140624999999 0.297109375 0.945359375 0.312259375 0.9619296875 0.3252921875 0.9701718749999999 0.349378125 0.9804109375 0.3651109375 0.9823734375000001 0.381840625 0.9759796875
0 0.37315468749999997 0.7068984375 0.391284375 0.721359375 0.408275 0.7420890625000001 0.4171890625 0.758709375 0.423265625 0.779525 0.4245234375 0.7982921875 0.4262234375 0.8003656250000001 0.435578125 0.800290625 0.4535875 0.789715625 0.4679203125 0.7708234375 0.47729687500000006 0.7477968749999999 0.48115625 0.712296875 0.48045625000000003 0.7018703125 0.4764984375 0.689384375 0.46928281250000003 0.6748359374999999 0.46334687499999994 0.6561046875 0.45655156249999995 0.6478140625 0.44507812500000005 0.6395593749999999 0.4258078125 0.6313671875 0.42424999999999996 0.6313796875000001 0.3869703125 0.6337640625 0.3719375 0.642228125 0.3631421875 0.6506453125 0.3532078125 0.6653296875 0.3490890625 0.6737078125 0.34581093749999997 0.6945984375 0.3492078125 0.69874375 0.36026250000000004 0.7007421875000001 0.36521875000000004 0.704875 0.37315468749999997 0.7068984375
1 0.20863593749999998 0.34725625 0.2179921875 0.34718125 0.243496875 0.3553234375 0.2646046875 0.36767500000000003 0.2708421875 0.367625 0.27665937500000004 0.36131875 0.2797765625 0.36129375 0.280496875 0.3487703125 0.28433593749999997 0.3362203125 0.2826359375 0.334146875 0.283496875 0.3237078125 0.2886140625 0.3069765625 0.287775 0.2944640625 0.280559375 0.2799171875 0.2686671875 0.26540625 0.24246093750000003 0.2468375 0.2409015625 0.24685 0.2312671875 0.242753125 0.20476250000000001 0.242965625 0.1927078125 0.2493203125 0.1812140625 0.26401718750000003 0.1773765625 0.27656562500000004 0.1794734375 0.30784531249999997 0.1776140625 0.3266390625 0.17859375 0.3412359375 0.18566875 0.35369843749999996 0.20863593749999998 0.34725625
1 0.322553125 0.3943359375 0.35061718750000004 0.3941125 0.3596921875 0.3898671875 0.3594125 0.385696875 0.3504984375 0.3690765625 0.3425828125 0.3441015625 0.33976562499999996 0.32534687500000004 0.341184375 0.3232484375 0.34020625 0.30865156250000003 0.3281734375 0.29205625 0.32661406249999997 0.29206875 0.3169796875 0.287971875 0.3108828125 0.2901078125 0.29896875 0.2985484375 0.290453125 0.311134375 0.28561562500000004 0.3320375 0.28729375 0.3570609375 0.2926703125 0.36745 0.30456249999999996 0.38196093750000004 0.3177359375 0.3922875 0.322553125 0.3943359375
1 0.2403265625 0.7267359375 0.24374531250000003 0.7079296875 0.2502828125 0.6891 0.260078125 0.6723296875 0.280646875 0.6533890625 0.2783890625 0.6429750000000001 0.2632375 0.6264031250000001 0.2588609375 0.6076609375 0.2537640625 0.6014421875 0.2507859375 0.6035515625000001 0.2490859375 0.6014796875 0.2475265625 0.6014921875 0.22611875 0.607921875 0.21874218750000002 0.6142390625 0.2061078125 0.6352046875 0.20282968750000002 0.6560953125 0.20436875 0.679034375 0.22389687500000002 0.714346875 0.2313921875 0.7330656249999999 0.2381875 0.7413578125 0.2408859375 0.7350765625 0.2403265625 0.7267359375
1 0.19487812499999999 0.51428125 0.18694375000000002 0.5122578125 0.185384375 0.5122703125 0.1775875 0.5123328125 0.16695312499999998 0.5165890625 0.1490828125 0.52925 0.136309375 0.54813125 0.132471875 0.5606796875 0.1341703125 0.562753125 0.1653734375 0.5395531250000001 0.1726109375 0.53115 0.1951578125 0.5184515625 0.19487812499999999 0.51428125
1 0.2622328125 0.7975 0.2724265625 0.8099375 0.2822015625 0.81611875 0.2850390625 0.8119234375 0.2810828125 0.7994359375 0.2792640625 0.7723265625 0.28126406249999997 0.75561875 0.2876609375 0.734703125 0.29745625000000003 0.717934375 0.3062515625 0.70951875 0.3242625 0.6989421874999999 0.339853125 0.69881875 0.3441109375 0.6925250000000001 0.34583125 0.671646875 0.3373359375 0.6612828125 0.3165078125 0.653103125 0.3149484375 0.6531156250000001 0.282346875 0.6554609375 0.26887343750000003 0.6639140625 0.254540625 0.68280625 0.252121875 0.6932578125 0.24388593749999998 0.710015625 0.2408859375 0.7350765625 0.24186562500000003 0.7496734375 0.24822031249999998 0.7746609375 0.2601140625 0.7891703125 0.2622328125 0.7975
1 0.29321406250000004 0.86401875 0.30017031250000004 0.8514453124999999 0.301309375 0.8451765625000001 0.292675 0.8327265625000001 0.2871578125 0.8202515625 0.2739859375 0.809925 0.2724265625 0.8099375 0.26053281250000004 0.7954265625 0.2585546875 0.7891828125 0.25217812500000003 0.787146875 0.24550156250000002 0.8038921875 0.24617968750000002 0.8372703125 0.25027656249999997 0.8518421875 0.25749218749999997 0.866390625 0.2776015625 0.88709375 0.28709531250000003 0.8891046875 0.29321406250000004 0.86401875
1 0.40594374999999994 0.49799375 0.41018125000000005 0.5146515625 0.417396875 0.5291984375000001 0.41767656249999996 0.53336875 0.42645156249999994 0.5479046875 0.45151562500000003 0.5727421875 0.4611515625 0.5768375 0.4767421875 0.5767140625 0.49815156250000003 0.5702843750000001 0.5116234375000001 0.56183125 0.5242578124999999 0.540865625 0.53449375 0.5074015625 0.532675 0.4802921875 0.5223625000000001 0.44281875 0.5135875000000001 0.4282828125 0.5035328125 0.41793125 0.4744890625 0.4035578125 0.47292968750000003 0.40357031250000003 0.47123125000000005 0.40149687500000003 0.43848906249999997 0.4017578125 0.42813437499999996 0.4101859375 0.425015625 0.41021093750000004 0.41777968750000005 0.4186140625 0.416640625 0.42488281250000004 0.41238281250000003 0.43117656249999997 0.4072640625 0.4479078125 0.4039859375 0.4687984375 0.40594374999999994 0.49799375
1 0.56825 0.638578125 0.5838421874999999 0.6384531250000001 0.5881000000000001 0.6321609375 0.5943562499999999 0.6091593750000001 0.5939375 0.602903125 0.5966359375 0.5966234375 0.599775 0.573646875 0.6098703125 0.538096875 0.611590625 0.51721875 0.593321875 0.5006734374999999 0.5600203125000001 0.4925921875 0.551525 0.48222812499999995 0.549965625 0.48224062500000003 0.5469875 0.4843515625 0.5432890625 0.4989859375 0.5296546875 0.5283046875 0.5233984375 0.5513046875 0.5236562499999999 0.5784265625 0.525915625 0.588840625 0.5334109375 0.607559375 0.540346875 0.6179359375 0.5553578124999999 0.632421875 0.56825 0.638578125
5 0.3761953125 0.6359359375 0.38087343749999997 0.6358984375000001 0.3913671875 0.6295546875 0.4147546875 0.62936875 0.41929218749999997 0.627246875 0.4351640625 0.6312921874999999 0.4411203125 0.6270718750000001 0.4443984375 0.60618125 0.4483765625 0.59571875 0.44853750000000003 0.574853125 0.41795625000000003 0.537540625 0.40310468750000006 0.5021890625000001 0.40168593750000003 0.5042875 0.38949218750000003 0.50855625 0.374740625 0.52119375 0.36396562499999996 0.5233656250000001 0.35545 0.5359515625 0.3503328125 0.552684375 0.351590625 0.5714515625 0.350171875 0.57355 0.35566718750000004 0.608975 0.3679796875 0.6297421875 0.3761953125 0.6359359375
5 0.42140000000000005 0.3330421875 0.44095000000000006 0.3454046875 0.4471859375 0.3453546875 0.46319687500000006 0.3514859375 0.4898421875 0.3533609375 0.492540625 0.3470796875 0.484765625 0.324190625 0.48450781249999997 0.29706875 0.4924640625 0.27614218749999997 0.5084953125 0.25932187500000003 0.509634375 0.253053125 0.5059578124999999 0.2447375 0.501 0.2406046875 0.48003125 0.2303390625 0.47847343750000004 0.23035156250000002 0.4505484375 0.2326609375 0.43267812499999997 0.245321875 0.419903125 0.2642015625 0.4173453125 0.27256718750000003 0.41306562500000005 0.3018109375 0.41476562499999997 0.303884375 0.4133453125 0.30598281250000003 0.4140453125 0.316409375 0.41616406250000004 0.3247375 0.42140000000000005 0.3330421875
5 0.305365625 0.2776328125 0.291634375 0.2589640625 0.282159375 0.234003125 0.2809015625 0.215234375 0.2834609375 0.20686875 0.28276093750000003 0.1964421875 0.288459375 0.1651 0.2880390625 0.15884375 0.2907375 0.1525625 0.2891796875 0.152575 0.2876203125 0.15258750000000001 0.274146875 0.161040625 0.258534375 0.184115625 0.2528375 0.2154578125 0.254375 0.238396875 0.260171875 0.2550421875 0.2906140625 0.29026874999999996 0.3032265625 0.2922546875 0.3107421875 0.288021875 0.3118828125 0.281753125 0.305365625 0.2776328125
5 0.18924375 0.47677031249999996 0.20425468750000003 0.4912546875 0.2172875 0.499496875 0.24393281249999998 0.501371875 0.26831875 0.49283124999999994 0.278534375 0.48231718749999997 0.2866296875 0.463475 0.2896296875 0.4384140625 0.28864999999999996 0.42381718749999997 0.2807359375 0.3988421875 0.26020781249999997 0.3718828125 0.2437765625 0.3594953125 0.2260671875 0.35129062499999997 0.22450781250000001 0.351303125 0.2118953125 0.34931718749999996 0.21047500000000002 0.3514140625 0.19956093749999998 0.35150156250000003 0.17999218749999998 0.3620890625 0.170196875 0.378859375 0.1649390625 0.39350625 0.162659375 0.40604218750000004 0.16419843750000002 0.42898125 0.177209375 0.46017343750000006 0.18924375 0.47677031249999996
5 0.482046875 1.0 0.506915625 0.9103031250000001 0.51019375 0.8894125 0.509634375 0.881071875 0.5007203125 0.8644515625 0.485428125 0.8457953125 0.47069687499999996 0.83548125 0.45000937499999993 0.8293859375 0.44858906249999997 0.8314843749999999 0.43767500000000004 0.8315703125 0.42704062499999995 0.8358281249999999 0.41710624999999996 0.8505125 0.4066109375 0.8568562500000001 0.392278125 0.8757484375000001 0.38246250000000004 0.9154687499999999 0.3851203125 0.9550890624999999 0.38681875 0.9571624999999999 0.3876578125 0.969675 0.3934546875 0.9863203125 0.4005296875 0.9987812500000001 0.4016125 1.0 0.482046875 1.0
0 0.18568437499999998 0.4934890625 0.1992765625 0.5100734375 0.21458750000000001 0.505778125 0.21742656249999998 0.5015828124999999 0.1960390625 0.4850609375 0.1807484375 0.4664046875 0.1808875 0.468490625 0.1818671875 0.4830875 0.18568437499999998 0.4934890625
4 0.32316875 0.4965671875 0.34625625000000004 0.5151609374999999 0.3575890625 0.5213296875 0.36538593750000004 0.5212671875 0.37601874999999996 0.517009375 0.386234375 0.5064968750000001 0.396728125 0.500153125 0.40240625 0.4917625 0.4012875 0.47507968749999996 0.403146875 0.4562875 0.409684375 0.43745781250000004 0.40940468750000003 0.4332859375 0.414940625 0.42280937500000004 0.414521875 0.4165546875 0.39271406249999996 0.3937765625 0.3815203125 0.38969375 0.3801015625 0.391790625 0.364509375 0.391915625 0.358553125 0.3961359375 0.353875 0.3961734375 0.3377046875 0.41090625000000003 0.32423125 0.419359375 0.3144359375 0.4361296875 0.310596875 0.4486796875 0.3122765625 0.473703125 0.318071875 0.49034843749999996 0.32316875 0.4965671875
4 0.4508953125 0.633253125 0.4593890625 0.64361875 0.477359375 0.6789453125 0.4804765625 0.6789203125000001 0.48175625 0.6747359375 0.508121875 0.672440625 0.51068125 0.6640734375 0.5150781249999999 0.659865625 0.5174984375 0.6494140625 0.5234546875 0.64519375 0.527153125 0.630559375 0.5267546875 0.6013531249999999 0.5250546875000001 0.5992796874999999 0.522096875 0.5784390625 0.51488125 0.5638921875 0.5134624999999999 0.5659890625 0.5075062499999999 0.570209375 0.49517187500000004 0.57239375 0.48155937499999996 0.5787625000000001 0.461290625 0.5789234375000001 0.4600109375 0.5831062499999999 0.45689375 0.58313125 0.45617343750000006 0.59565625 0.4506359375 0.6061328125000001 0.44835624999999996 0.61866875 0.4508953125 0.633253125
4 0.5457390625 0.7681171875 0.5589515625 0.7325421875 0.5700265625000001 0.7115890625 0.5774234375 0.6823203125 0.5767249999999999 0.67189375 0.569928125 0.6636015625 0.5488203125 0.6512515624999999 0.5472609375 0.6512640625 0.5455625000000001 0.649190625 0.5377671875 0.649253125 0.521175 0.65773125 0.511240625 0.672415625 0.5075421875 0.6870499999999999 0.5117578125 0.7266578124999999 0.5154359375 0.734975 0.5308671875 0.755715625 0.5409203125000001 0.76606875 0.5457390625 0.7681171875
4 0.30659375 0.6448359375 0.3098515625 0.646896875 0.31750781250000004 0.6447484375 0.3219046875 0.6405406250000001 0.3300015625 0.6216984375 0.3343984375 0.6174906250000001 0.3395171875 0.6007578125 0.34037656250000003 0.59031875 0.33641875 0.5778328125 0.33502031250000003 0.5569796874999999 0.3144921875 0.53001875 0.2967828125 0.5218140625000001 0.29536406249999997 0.5239125 0.2862875 0.5281578125 0.2774921875 0.5365734375 0.2675578125 0.5512578125 0.2570421875 0.5805515625 0.2564625 0.5951609375 0.262259375 0.61180625 0.264796875 0.626390625 0.2833453125 0.6471078125 0.303615625 0.646946875 0.30659375 0.6448359375
4 0.57575625 0.3318109375 0.5778953125 0.3171890625 0.570540625 0.30055624999999997 0.548453125 0.27360937500000004 0.5434953124999999 0.269475 0.5245062500000001 0.2654546875 0.517990625 0.26133281249999996 0.51643125 0.2613453125 0.501259375 0.267725 0.49260312500000003 0.2782265625 0.4849265625 0.30332499999999996 0.4866046875 0.3283484375 0.4960796875 0.3533109375 0.5011765625 0.3595296875 0.51930625 0.373990625 0.533478125 0.3759640625 0.5505093750000001 0.350790625 0.57575625 0.3318109375
3 0.5049515625 0.4158328125 0.5167046875 0.42825781249999995 0.5271796875 0.4448671875 0.5318562499999999 0.44482968749999996 0.5277796875 0.40730625 0.5311984375 0.38849999999999996 0.5290796875 0.380171875 0.514628125 0.374028125 0.4931 0.355421875 0.4633375 0.353571875 0.4347125 0.3454546875 0.4216796875 0.3372125 0.40836875 0.32480000000000003 0.391378125 0.3040703125 0.38316249999999996 0.2978765625 0.3643125 0.29594062499999996 0.359775 0.2980640625 0.35807656250000003 0.295990625 0.342484375 0.2961140625 0.328503125 0.29255 0.3420453125 0.312809375 0.340625 0.3149078125 0.3420234375 0.3357609375 0.3462609375 0.35241875 0.3611125 0.3877703125 0.3643703125 0.3898296875 0.3844984375 0.3875828125 0.389315625 0.38963125 0.4142421875 0.41238281250000003 0.420478125 0.41233437500000003 0.436790625 0.399684375 0.471090625 0.3994125 0.48738281250000004 0.4097140625 0.5049515625 0.4158328125
3 0.22995625 0.595371875 0.2539234375 0.5805765625 0.25818281249999997 0.5742828125 0.2659984375 0.5512703125 0.277353125 0.5344875 0.293525 0.519753125 0.28263125 0.496890625 0.27455625 0.49278125 0.2534265625 0.50338125 0.2253625 0.50360625 0.1951578125 0.5184515625 0.17275000000000001 0.5332343749999999 0.1388484375 0.5627156249999999 0.1327515625 0.5648500000000001 0.1008265625 0.600575 0.088053125 0.6194546875 0.0799578125 0.638296875 0.0795171875 0.6549921875 0.087571875 0.6820515625 0.07947499999999999 0.70089375 0.0790359375 0.7175890625 0.0810140625 0.7238328125 0.0861109375 0.7300500000000001 0.0876703125 0.7300390625000001 0.0923484375 0.7300015625 0.096465625 0.7216218750000001 0.0961859375 0.7174515625 0.1045625 0.7027796875 0.1173359375 0.6839000000000001 0.13194843750000002 0.669178125 0.146840625 0.658628125 0.1515171875 0.658590625 0.1620125 0.652246875 0.22995625 0.595371875
