5 0.0958765625 0.8342765625 0.099803125 0.8594843750000001 0.3028109375 0.8076531250000001 0.30470312499999996 0.770096875 0.2976625 0.7447859375 0.26725468750000003 0.701984375 0.2372796875 0.6884578125 0.19818125 0.689259375 0.1556109375 0.710846875 0.1173515625 0.7534765625000001 0.1014546875 0.790571875 0.0958765625 0.8342765625
0 0.1794328125 0.638484375 0.156903125 0.6628203125 0.143328125 0.6916328125 0.139090625 0.720753125 0.19039999999999999 0.6890031249999999 0.24817343749999998 0.6888171875 0.283034375 0.717134375 0.30429531249999997 0.75754375 0.309921875 0.7472796875000001 0.31279375 0.7160249999999999 0.302234375 0.6780578125 0.272809375 0.641559375 0.241659375 0.6238140624999999 0.212090625 0.6228390625 0.1794328125 0.638484375
2 0.44251562499999997 0.697309375 0.4142859375 0.6817484375 0.365084375 0.690578125 0.334390625 0.7188265625 0.31169375 0.7619671875 0.30903749999999997 0.8078593749999999 0.47024218749999996 0.7692796875 0.460640625 0.7208953124999999 0.44251562499999997 0.697309375
0 0.3701109375 0.5339968749999999 0.35107656249999997 0.5542703125 0.3246921875 0.603559375 0.3208859375 0.6619531249999999 0.3400171875 0.7085625 0.389578125 0.6788453125 0.42362500000000003 0.68205625 0.45985 0.712509375 0.49205156250000004 0.650871875 0.49197968750000004 0.6007109374999999 0.48046249999999996 0.5731609375 0.446559375 0.5344265625 0.4181390625 0.52095 0.3963515625 0.5202328125 0.3701109375 0.5339968749999999
1 0.58566875 0.6853046875000001 0.5563140625 0.6989671875 0.528159375 0.73356875 0.5225562499999999 0.760553125 0.5886859375 0.754371875 0.6629562499999999 0.727559375 0.6366421875 0.6911640625000001 0.58566875 0.6853046875000001
5 0.477328125 0.6921859375 0.46140625 0.7125609374999999 0.47354531250000004 0.7672984375 0.51633125 0.7603484375 0.5300984375 0.729453125 0.5730265625000001 0.686978125 0.55619375 0.615365625 0.52504375 0.5976203124999999 0.49470937499999995 0.6049796875 0.49166875 0.6550390625 0.477328125 0.6921859375
1 0.5639031250000001 0.5654609374999999 0.55930625 0.6154671875 0.579634375 0.683015625 0.6323562500000001 0.6868421875 0.6650859375 0.721359375 0.6811515625 0.6654609375 0.7145265625 0.608040625 0.7094015625 0.5618937500000001 0.6895046875 0.52361875 0.6645796875000001 0.5060781249999999 0.6233515625 0.5130796875 0.5819546875 0.5388859375 0.5639031250000001 0.5654609374999999
2 0.6693484375 0.7089609375 0.670928125 0.7257328125 0.8434109375000001 0.6833453125 0.8490375 0.67308125 0.839459375 0.6414156249999999 0.8148937500000001 0.6029875 0.788221875 0.5874796875 0.750296875 0.5925 0.7209421875 0.6061625 0.698221875 0.632584375 0.6786375 0.675828125 0.6693484375 0.7089609375
1 0.8349578125000001 0.6224578125 0.8515750000000001 0.679434375 0.91555 0.6627328125 0.9036500000000001 0.6393500000000001 0.8863140625 0.62415 0.8682140625000001 0.617284375 0.8349578125000001 0.6224578125
4 0.759321875 0.5112890625000001 0.7541015625 0.53410625 0.7652609375 0.5825437499999999 0.810990625 0.5945 0.8275593750000001 0.6180343749999999 0.846809375 0.6123984375 0.880209375 0.5717 0.8783875 0.523571875 0.858490625 0.48529687499999996 0.8425218750000001 0.47223125 0.8084749999999999 0.46901875000000004 0.776990625 0.48888125000000004 0.759321875 0.5112890625000001
5 0.7597046875 0.5071218749999999 0.802440625 0.46673125000000004 0.7818031249999999 0.45351093750000004 0.75086875 0.4504015625 0.711028125 0.476259375 0.7219703125 0.510059375 0.7566640625 0.55718125 0.7525453125 0.53405625 0.7597046875 0.5071218749999999
3 0.670109375 0.4289328125 0.6818421875 0.4711171875 0.6692484375000001 0.5062328125 0.68833125 0.5194 0.7033437499999999 0.5428843750000001 0.7178296875 0.6060609375 0.7615734375 0.5886921875 0.7574546875 0.5655671875 0.7096875 0.4908453125 0.69113125 0.437984375 0.6737968750000001 0.422784375 0.670109375 0.4289328125
4 0.5486015625 0.477178125 0.579034375 0.5367 0.628403125 0.5090671875 0.664771875 0.5039953125000001 0.6797109375 0.4773171875 0.6810515625 0.4627328125 0.6654171875 0.41205781249999995 0.6426234375 0.38831875 0.5955515625000001 0.39094687499999997 0.5640671875 0.41080937500000003 0.5539875000000001 0.43555781250000003 0.5486015625 0.477178125
0 0.5121374999999999 0.551215625 0.5075171875 0.584503125 0.50014375 0.5968 0.5283484374999999 0.5956390625 0.5563859375 0.61328125 0.5619625 0.5695765625 0.5757296875 0.53868125 0.5468546875 0.4792109375 0.511084375 0.4947515625 0.5040921875000001 0.50288125 0.5121374999999999 0.551215625
4 0.4937265625 0.598678125 0.5057703124999999 0.586534375 0.510940625 0.5302765625 0.5025359375 0.5028312500000001 0.4842203125 0.481328125 0.4458875 0.47379531249999995 0.41519375 0.50204375 0.4105484375 0.518609375 0.45824375 0.5431703125 0.4937265625 0.598678125
1 0.2482671875 0.6198515625 0.2930640625 0.658946875 0.3171984375 0.6681015625 0.31868281249999997 0.617990625 0.334771875 0.5788125 0.3685546875 0.533946875 0.39342968749999996 0.5180453125 0.370828125 0.492221875 0.3216015625 0.48433125 0.2817609375 0.5101875 0.25556875 0.55739375 0.2482671875 0.6198515625
1 0.2457296875 0.6134984375 0.2514984375 0.567709375 0.2151296875 0.57278125 0.19473125 0.5909187499999999 0.18134843750000001 0.6176468749999999 0.17806875 0.6363484374999999 0.21539375 0.620859375 0.249440625 0.6240703125 0.2457296875 0.6134984375
0 0.17708437500000002 0.49420000000000003 0.1796703125 0.5339937499999999 0.1908046875 0.565709375 0.1995671875 0.57226875 0.2520734375 0.5614578125 0.2695265625 0.5244140625 0.3138203125 0.484075 0.2962453125 0.4375171875 0.27287812499999997 0.42002656250000003 0.2143375 0.42854843750000005 0.18443437499999998 0.4651828125 0.17708437500000002 0.49420000000000003
0 0.7632921875 0.2982453125 0.7193343750000001 0.3009765625 0.68260625 0.3269359375 0.6836359375 0.3666796875 0.6683375 0.41424374999999997 0.6874203125 0.4274125 0.705378125 0.469803125 0.7114109375 0.47209218750000004 0.7430875 0.4501453125 0.7668140625000001 0.4467484375 0.7858484375 0.42647500000000005 0.7920499999999999 0.409959375 0.79315 0.3640171875 0.77205625 0.304803125 0.7632921875 0.2982453125
0 0.45579843750000004 0.3320046875 0.431903125 0.3542078125 0.4237640625 0.3748390625 0.4239796875 0.389475 0.459175 0.380184375 0.48443437500000003 0.3601171875 0.49975625 0.32927343750000004 0.45579843750000004 0.3320046875
3 0.49995 0.46303593750000005 0.5399328125 0.40165468750000005 0.5497734375000001 0.34554999999999997 0.542709375 0.30351875 0.5312171875 0.292690625 0.5127578125000001 0.3067125 0.47899843750000004 0.3682984375 0.4459578125 0.388109375 0.39733125 0.39068749999999997 0.35373125 0.37253125 0.30024375000000003 0.3770390625 0.257409375 0.35055000000000003 0.2463234375 0.3522734375 0.22379375 0.3766109375 0.22108906250000002 0.3890625 0.22654843750000003 0.3976015625 0.25884687500000003 0.40284531250000005 0.29136093750000003 0.4227265625 0.30522499999999997 0.4587125 0.32490625 0.48235 0.3620640625 0.4856640625 0.3883546875 0.5053390624999999 0.40683749999999996 0.5080375 0.4493828125 0.4697296875 0.483046875 0.47710937500000006 0.49995 0.46303593750000005
1 0.57026875 0.39429375 0.5612890625 0.3730984375 0.56006875 0.3354390625 0.5726609375 0.300325 0.59033125 0.27791875 0.5747687499999999 0.27740468749999997 0.5465875 0.2952859375 0.5521921875 0.40414843749999996 0.5613374999999999 0.406540625 0.57026875 0.39429375
1 0.33874218749999996 0.36576875000000003 0.335246875 0.3698328125 0.4161984375 0.38921875 0.41033125000000004 0.3681265625 0.3863890625 0.35688749999999997 0.3614875 0.3560671875 0.33874218749999996 0.36576875000000003
1 0.22812812500000001 0.4143734375 0.22425 0.42260468749999996 0.28669218750000003 0.42257187500000004 0.25106562499999996 0.4025890625 0.22812812500000001 0.4143734375
5 0.5918875 0.27796875 0.5724703124999999 0.302409375 0.5621984375 0.329240625 0.5585359375000001 0.352109375 0.5729984375 0.3985640625 0.600603125 0.386934375 0.6383375 0.383996875 0.6646265625 0.403671875 0.67995 0.372828125 0.6824390625000001 0.345740625 0.6710890625 0.29938750000000003 0.6605546875 0.278140625 0.6430281250000001 0.265025 0.6181281249999999 0.26420468750000003 0.5918875 0.27796875
