2 0.36987187499999996 0.4839953125 0.3764453125 0.48767812499999996 0.4041390625 0.492803125 0.4378421875 0.49387499999999995 0.44581406250000005 0.48795312500000004 0.4611953125 0.4683703125 0.464446875 0.45535156250000003 0.4643328125 0.45380312500000003 0.45881875 0.4358734375 0.44741093750000005 0.423546875 0.42780312499999995 0.4140453125 0.4129171875 0.41164218750000003 0.38601406250000003 0.41735 0.37585 0.42204375 0.3659125 0.429834375 0.356540625 0.4453609375 0.35812343750000003 0.467025 0.36987187499999996 0.4839953125
2 0.0738609375 0.37307812500000004 0.1046515625 0.3918125 0.11931093749999999 0.3911203125 0.131553125 0.3861046875 0.1522203125 0.3813578125 0.16030625 0.37698437500000004 0.177878125 0.3586296875 0.1866859375 0.335365625 0.186571875 0.3338171875 0.182684375 0.309378125 0.1713890625 0.29859843750000004 0.1368953125 0.2866953125 0.1119578125 0.290534375 0.09567187499999999 0.2977359375 0.0798390625 0.31112812500000003 0.0705796875 0.3282015625 0.0654765625 0.3446359375 0.06694687499999999 0.364753125 0.0738609375 0.37307812500000004
2 0.111409375 0.42676406250000004 0.10192343749999999 0.44074375000000005 0.0901328125 0.4519484375 0.0800828125 0.458190625 0.08030781249999999 0.46128437499999997 0.103846875 0.46704999999999997 0.1354703125 0.4684421875 0.14193125 0.47057656249999996 0.148165625 0.46961718750000003 0.15787656249999998 0.4587328125 0.1671359375 0.4416578125 0.16702343749999998 0.44011093749999997 0.1707265625 0.43328125 0.169934375 0.42244843750000005 0.1649875 0.41225625 0.134875 0.40280781250000003 0.1303796875 0.39880468750000003 0.117459375 0.394534375 0.11330312499999999 0.395175 0.1113375 0.3970421875 0.11314687500000001 0.42180156249999995 0.111409375 0.42676406250000004
0 0.467340625 0.293721875 0.47610625000000006 0.29863125 0.5036875000000001 0.302209375 0.5264328125 0.29714375 0.5423796875 0.2852984375 0.5575328125000001 0.262621875 0.5627500000000001 0.247734375 0.5626359375 0.2461875 0.5590875 0.22639062499999998 0.5503234375 0.22147968750000002 0.5207765625 0.21976874999999998 0.5037 0.2161390625 0.48707500000000004 0.2186984375 0.46905156249999996 0.23086250000000003 0.4634953125 0.2411078125 0.4582796875 0.25599375 0.4600890625 0.2807546875 0.467340625 0.293721875
0 0.0 0.3791921875 0.0029796875 0.3808609375 0.0296546875 0.37205937499999997 0.0483578125 0.36918125 0.065209375 0.369715625 0.0635125 0.3465046875 0.0685015625 0.32852187499999996 0.0741703125 0.31982499999999997 0.0740578125 0.318278125 0.076021875 0.316409375 0.07523125 0.305578125 0.059892187500000006 0.29698437499999997 0.0343890625 0.2930859375 0.005409375 0.2991125 0.0 0.3020390625 0.0 0.3791921875
0 0.0366359375 0.18006875 0.041582812499999997 0.1902609375 0.0551828125 0.203815625 0.070521875 0.212409375 0.098328125 0.2190828125 0.127309375 0.21305625 0.14336875 0.202759375 0.161053125 0.1859515625 0.1609390625 0.1844046875 0.16464375 0.17757499999999998 0.165590625 0.1617796875 0.15361562499999998 0.14171562499999998 0.11855625 0.122075 0.09501875 0.116309375 0.076315625 0.11918906250000001 0.07227343750000001 0.1213765625 0.0445375 0.144425 0.0372421875 0.15963125 0.0366359375 0.18006875
0 0.1604203125 0.37853125 0.1462125 0.3854125 0.1297015625 0.3895203125 0.1278484375 0.392934375 0.13903125 0.4021671875 0.1669515625 0.4103890625 0.19593125 0.40436249999999996 0.2200765625 0.38969062499999996 0.2242328125 0.38905 0.23012812500000002 0.3834484375 0.23904843750000002 0.36173125 0.23893593750000003 0.360184375 0.23814375000000002 0.3493515625 0.233534375 0.3438015625 0.2331953125 0.33915937500000004 0.21936874999999997 0.322509375 0.1976828125 0.313328125 0.1871796875 0.31338125 0.1887640625 0.3350453125 0.1855125 0.348065625 0.1761390625 0.3635921875 0.1604203125 0.37853125
0 0.285796875 0.28254843749999997 0.28625 0.28873906250000003 0.2970921875 0.2933296875 0.3033265625 0.29236875 0.3226375 0.269053125 0.3307234375 0.264678125 0.3473484375 0.26211875 0.3666171875 0.2669765625 0.3798765625 0.2758890625 0.384146875 0.276796875 0.38599843749999996 0.2733828125 0.385884375 0.27183437499999996 0.3802578125 0.2523578125 0.36885 0.2400296875 0.360084375 0.23511875 0.34126875 0.23645156250000002 0.31346250000000003 0.229778125 0.303071875 0.231378125 0.289090625 0.24135468750000003 0.2940390625 0.251546875 0.2952828125 0.26857031249999996 0.285796875 0.28254843749999997
0 0.3488015625 0.13826875 0.3467234375 0.1385890625 0.32330000000000003 0.1343703125 0.300440625 0.1378890625 0.280225 0.14882656249999998 0.272590625 0.159390625 0.27293124999999996 0.16403281249999999 0.29344375 0.1859140625 0.3165703125 0.1573140625 0.3367859375 0.146378125 0.3470640625 0.14323125 0.3488015625 0.13826875
5 0.4583203125 0.2278203125 0.4728671875 0.22557968750000001 0.4869625 0.2171515625 0.5035859375 0.2145921875 0.5249328125 0.2191296875 0.541784375 0.21966562500000003 0.5458265625000001 0.21747812500000002 0.5512703125 0.20568593750000003 0.55115625 0.2041375 0.5457562499999999 0.18775625 0.5345734375 0.1785234375 0.5215390625 0.1727046875 0.504575 0.17062187499999998 0.481715625 0.1741421875 0.475821875 0.17974375 0.46471093750000003 0.2002328125 0.45095625000000006 0.21330468749999998 0.4512953125 0.21794687499999998 0.4583203125 0.2278203125
5 0.4328765625 0.3397140625 0.43547812500000005 0.37530625 0.44586875 0.37370625 0.4539546875 0.3693328125 0.4705796875 0.3667734375 0.49827343749999997 0.37189843749999996 0.506134375 0.364428125 0.5115765624999999 0.3526375 0.5114625 0.3510890625 0.5099921875 0.330971875 0.5029671875 0.3211 0.4895921875 0.3106390625 0.46616875 0.306421875 0.4537 0.308340625 0.45150781249999994 0.3071140625 0.4455 0.31116875 0.43786718750000003 0.32173281249999997 0.43438906250000003 0.3316578125 0.4328765625 0.3397140625
5 0.23296875 0.3360640625 0.24056093750000002 0.3536734375 0.2411265625 0.3614109375 0.245509375 0.3638671875 0.2624734375 0.36595 0.2854453125 0.363978125 0.30717343750000003 0.34498281249999996 0.3213796875 0.3381015625 0.325196875 0.33281875 0.32300625 0.33159218749999997 0.3158671875 0.320171875 0.3022671875 0.3066171875 0.299509375 0.2976515625 0.2929359375 0.29396875 0.27805 0.291565625 0.2346359375 0.3013796875 0.216725 0.3150921875 0.21706562499999998 0.319734375 0.22363906249999999 0.3234171875 0.23296875 0.3360640625
5 0.0 0.4544359375 0.0634578125 0.46075 0.0780046875 0.45850937500000005 0.0998453125 0.4410640625 0.11106875000000001 0.42212187500000004 0.11095625 0.4205734375 0.10706875 0.39613437500000004 0.0939203125 0.38876875 0.09150312499999999 0.38444687499999997 0.06959062499999999 0.372171875 0.0505484375 0.3704078125 0.02976875 0.3736078125 0.0072484375000000005 0.38176875 0.0 0.385690625 0.0 0.4544359375
1 0.3930078125 0.1392875 0.3873390625 0.147984375 0.398521875 0.1572171875 0.40335625 0.1658625 0.40505312499999996 0.1890734375 0.40135 0.1959046875 0.4022546875 0.208284375 0.41101875000000004 0.21319375 0.4486515625 0.2105296875 0.4567375 0.2061546875 0.47015312500000006 0.188440625 0.47744687499999994 0.173234375 0.47733437500000003 0.1716859375 0.47828125000000005 0.1558921875 0.4760890625 0.1546640625 0.47541093749999996 0.14537968750000002 0.46169843750000006 0.1302765625 0.45523749999999996 0.1281421875 0.4383859375 0.12760625 0.436421875 0.1294734375 0.42164843750000003 0.12861875 0.4112578125 0.1302171875 0.3930078125 0.1392875
5 0.2962 0.19487812499999999 0.29986250000000003 0.2162234375 0.304584375 0.2233203125 0.3133484375 0.22823125000000002 0.3368859375 0.23399687500000002 0.3640140625 0.23138437500000003 0.37614375 0.2248234375 0.3897859375 0.210203125 0.39730625 0.19809062500000002 0.39719375 0.19654375 0.40263593750000004 0.1847515625 0.401390625 0.1677296875 0.39655625 0.159084375 0.37879999999999997 0.14616875000000001 0.35953124999999997 0.14131093749999998 0.3388640625 0.1460578125 0.316684375 0.1588625 0.2993390625 0.1803109375 0.294009375 0.19365156249999999 0.2962 0.19487812499999999
1 0.284384375 0.378225 0.285290625 0.3906046875 0.29945468750000004 0.41189687499999994 0.312603125 0.4192625 0.3379921875 0.4216125 0.3566953125 0.418734375 0.3771375 0.4108921875 0.3910046875 0.3993671875 0.3961078125 0.3829328125 0.39599531250000003 0.3813859375 0.39947187500000003 0.37146093750000003 0.3980015625 0.35134375 0.39339375 0.34579375 0.37159375 0.33506562500000003 0.3630546875 0.33325 0.3420484375 0.3333546875 0.3316578125 0.3349546875 0.3113296875 0.34434375 0.29353125 0.35960312499999997 0.284384375 0.378225
1 0.3879625 0.2715140625 0.392459375 0.2755171875 0.396615625 0.274878125 0.4187953125 0.2620734375 0.441540625 0.25700625 0.4494015625 0.24953750000000002 0.45692187500000003 0.237425 0.4568078125 0.23587656250000003 0.45866093750000003 0.23246250000000002 0.4562421875 0.22814062499999999 0.4493296875 0.219815625 0.44056562499999996 0.21490468749999997 0.4090546875 0.21506093750000002 0.39299531249999997 0.22535781250000003 0.38339687499999997 0.237790625 0.38245 0.25358437500000003 0.387284375 0.2622296875 0.3879625 0.2715140625
1 0.259775 0.47277812499999994 0.2621921875 0.47709999999999997 0.27095625 0.48200937499999996 0.315275 0.48457656250000003 0.3361703125 0.482925 0.3461078125 0.475134375 0.353515625 0.46147499999999997 0.3520453125 0.4413578125 0.35597500000000004 0.4376234375 0.35355781249999996 0.43330156249999996 0.35760000000000003 0.4311140625 0.35979218749999997 0.432340625 0.36372187500000003 0.42860624999999997 0.3615296875 0.427378125 0.3529921875 0.4255640625 0.3489484375 0.42774999999999996 0.33175781249999997 0.4225734375 0.3170984375 0.423265625 0.3106375 0.4211296875 0.295978125 0.421821875 0.2776140625 0.42934374999999997 0.26178124999999997 0.4427359375 0.2583046875 0.45266093749999997 0.259775 0.47277812499999994
1 0.101878125 0.23887968750000002 0.10637343749999999 0.2428828125 0.12484999999999999 0.2369078125 0.139396875 0.23466874999999998 0.1584390625 0.23643125 0.1909671875 0.2502015625 0.203096875 0.243640625 0.22066875000000002 0.22528593749999998 0.2205546875 0.2237375 0.21711874999999997 0.2054890625 0.21009375000000002 0.19561562500000002 0.1990234375 0.18793125 0.181834375 0.18275312500000002 0.16313125 0.18563281250000002 0.1514546875 0.198384375 0.131465625 0.212415625 0.12130156249999999 0.2171109375 0.1027109375 0.2215375 0.101878125 0.23887968750000002
1 0.2618609375 0.1563484375 0.268321875 0.15848281250000001 0.26820937499999997 0.15693593749999998 0.2719125 0.15010625 0.271346875 0.14236875 0.2662859375 0.130628125 0.25937343749999997 0.122303125 0.231 0.10789375000000001 0.22038281249999997 0.1063984375 0.2079140625 0.1083171875 0.208028125 0.109865625 0.2324703125 0.1280109375 0.2618609375 0.1563484375
1 0.07696875 0.300615625 0.085621875 0.303978125 0.10572343749999999 0.29149375 0.13470312499999998 0.2854671875 0.14554687500000002 0.2900578125 0.16043281250000002 0.2924609375 0.1779625 0.30228125 0.1825703125 0.30783125 0.192621875 0.3015890625 0.198290625 0.29289062499999996 0.198178125 0.29134375 0.2001421875 0.2894765625 0.198671875 0.26935937499999996 0.1890015625 0.25206875 0.167090625 0.23979374999999997 0.1415875 0.2358953125 0.122884375 0.23877500000000002 0.100478125 0.248484375 0.0811671875 0.2718015625 0.075725 0.28359375 0.07696875 0.300615625
1 0.0065828125 0.2864140625 0.015460937499999999 0.292871875 0.0384328125 0.2909 0.0725875 0.2981609375 0.0719078125 0.288875 0.08290625 0.2668390625 0.0868359375 0.263103125 0.0867234375 0.26155625 0.0985125 0.2503515625 0.0981734375 0.24570937499999998 0.082834375 0.2371171875 0.0700265625 0.23439375 0.0512109375 0.23572500000000002 0.040934375 0.23887343749999998 0.022570312500000002 0.24639531250000002 0.010781250000000001 0.2575984375 0.005678125 0.274034375 0.0065828125 0.2864140625
4 0.37148125 0.33351875 0.37979375000000004 0.3322390625 0.39713906250000003 0.3107890625 0.397025 0.3092421875 0.396234375 0.298409375 0.38206875 0.2771171875 0.3645390625 0.267296875 0.3474609375 0.263665625 0.324715625 0.26873281250000003 0.314890625 0.2780703125 0.3054046875 0.29205000000000003 0.3043453125 0.306296875 0.3270484375 0.32940468749999996 0.37148125 0.33351875
4 0.4688703125 0.42963125 0.4905984375 0.4106375 0.495475 0.3911078125 0.4953625 0.3895609375 0.492153125 0.37440625 0.4855796875 0.37072343750000003 0.472771875 0.368 0.4601890625 0.368371875 0.43373906250000005 0.38026875000000004 0.42448125000000003 0.39734375 0.42549843750000005 0.4112703125 0.44729843750000003 0.4219984375 0.4584796875 0.43123125 0.4688703125 0.42963125
4 0.24017968750000002 0.37720625 0.22238125000000003 0.392465625 0.22098281250000001 0.40207031249999997 0.2234 0.4063921875 0.221434375 0.408259375 0.23053906249999997 0.4178125 0.25430312499999996 0.42667343750000003 0.2562671875 0.42480624999999994 0.262615625 0.42539375 0.2645796875 0.42352656250000004 0.2749703125 0.42192656250000005 0.28097812499999997 0.417871875 0.2852484375 0.4187796875 0.293221875 0.41285625000000004 0.2931078125 0.411309375 0.29276875 0.40666718749999997 0.283325 0.39247187499999997 0.2803421875 0.3804125 0.28230625 0.3785453125 0.27792500000000003 0.3760890625 0.275959375 0.3779578125 0.26522968750000003 0.3749140625 0.25865625 0.37123125 0.248265625 0.37283125 0.24017968750000002 0.37720625
4 0.236375 0.2964171875 0.24895625 0.2960453125 0.267434375 0.29007031250000004 0.281528125 0.28164218750000003 0.2912390625 0.27075625 0.2911265625 0.26920937500000003 0.2920734375 0.2534140625 0.28712499999999996 0.243221875 0.2564484375 0.22603749999999997 0.24790937500000002 0.22422187500000001 0.22909375 0.22555312500000002 0.21892968750000003 0.2302484375 0.1992796875 0.24892187500000001 0.1982203125 0.26316875 0.20581093749999999 0.28077968750000004 0.236375 0.2964171875
4 0.1840578125 0.471915625 0.22236875 0.47853593749999995 0.23275937500000002 0.47693593749999996 0.234271875 0.46887968750000003 0.23994062500000002 0.4601828125 0.239828125 0.45863437500000004 0.24353125000000003 0.45180468749999997 0.2422875 0.43478281250000006 0.23767812500000002 0.4292328125 0.22453125 0.4218671875 0.20756718749999997 0.419784375 0.1889765625 0.4242109375 0.1768484375 0.43077343749999997 0.1544 0.46865625 0.1630515625 0.47202031250000004 0.1840578125 0.471915625
3 0.232584375 0.1295578125 0.20606249999999998 0.1117328125 0.2014546875 0.10618281249999999 0.1643171875 0.0868609375 0.147353125 0.08477812500000001 0.1309546875 0.0904328125 0.113425 0.0806125 0.09623437500000001 0.075434375 0.0818 0.079221875 0.0779828125 0.0845046875 0.07832343750000001 0.089146875 0.08281875 0.0931484375 0.1088875 0.104784375 0.120521875 0.12020781250000001 0.15558125 0.1398484375 0.174015625 0.1620484375 0.184971875 0.1681859375 0.24110937500000001 0.21744375 0.2826296875 0.2392203125 0.2908296875 0.2363921875 0.300653125 0.22705625000000002 0.300540625 0.2255078125 0.294575 0.2013875 0.2923828125 0.20016093750000002 0.2915921875 0.189328125 0.2826 0.1813234375 0.28007031250000003 0.17545312500000002 0.26635624999999996 0.16035 0.2575921875 0.155440625 0.248375 0.144340625 0.23730625 0.1366546875 0.232584375 0.1295578125
3 0.3838359375 0.3300515625 0.3822109375 0.3365609375 0.3931671875 0.3426984375 0.4000796875 0.3510234375 0.4031765625 0.36463125 0.39784687500000004 0.3779703125 0.3967859375 0.3922171875 0.383484375 0.41147968749999997 0.3859015625 0.4158015625 0.3900578125 0.4151625 0.3920234375 0.4132953125 0.41903750000000006 0.4091359375 0.42100312500000003 0.40726874999999996 0.4222890625 0.396115625 0.4335140625 0.3771734375 0.43030468749999995 0.36201875 0.43226875 0.3601515625 0.4309125 0.3415828125 0.43393750000000003 0.32546718750000003 0.45868906249999997 0.29035937500000003 0.4563140625 0.2578625 0.45956562500000003 0.24484218750000003 0.4669734375 0.2311828125 0.46489531250000005 0.231503125 0.4608515625 0.233690625 0.4552953125 0.24393437499999998 0.4376109375 0.260740625 0.41278750000000003 0.266128125 0.4006578125 0.27269062499999996 0.3908328125 0.2820265625 0.39139843750000003 0.28976406250000003 0.39831249999999996 0.2980890625 0.3992171875 0.31046874999999996 0.3838359375 0.3300515625
