3 0.618884375 0.8892328125000001 0.62195625 0.8995890624999999 0.6282203125 0.89735 0.6313796875000001 0.891015625 0.6517984375 0.87174375 0.6596375 0.86738125 0.6799578125 0.8668875 0.6815328125 0.8647625 0.6801125 0.837678125 0.6881265625 0.7999328125 0.6912859375 0.7935984375 0.6929046875 0.783128125 0.6960531249999999 0.7788796875 0.6960859375 0.7726203125 0.72129375 0.7344578125 0.7213609375 0.7219390625 0.7136984375 0.6929203125 0.7138859375 0.6574515625 0.712334375 0.6554031250000001 0.70451875 0.65559375 0.68726875 0.66644375 0.6589765625 0.6963375 0.658965625 0.6984234375 0.6479468749999999 0.71329375 0.643203125 0.7238390625 0.6321171875 0.751228125 0.6304875 0.763784375 0.627328125 0.7701203125 0.6272734375 0.7805515625 0.6224624999999999 0.803615625 0.6222749999999999 0.839084375 0.6190828125000001 0.851678125 0.618884375 0.8892328125000001
3 0.5475749999999999 0.482090625 0.5537390624999999 0.4986296875 0.5754140624999999 0.5377390625 0.6049046875 0.5766578124999999 0.611146875 0.5785921875 0.614284375 0.5764296875 0.61430625 0.57225625 0.5941390625 0.5435421875 0.589515625 0.5311375 0.5895718750000001 0.5207046875 0.58801875 0.5186578125 0.5897140624999999 0.49358281249999997 0.596065625 0.474653125 0.6023734375 0.46406875000000003 0.6008765625 0.45158906249999997 0.590034375 0.43307812500000004 0.5730703125 0.38968125 0.5731140625 0.3813359375 0.5654312499999999 0.356490625 0.5452421875 0.3319484375 0.5389999999999999 0.3300140625 0.532725 0.3343375 0.5327140625 0.33642500000000003 0.529565625 0.3406734375 0.5279375 0.3532296875 0.51376875 0.3723484375 0.5136703125000001 0.3911265625 0.521309375 0.42431875 0.530578125 0.44495312499999995 0.53055625 0.44912656249999994 0.5382953125000001 0.463540625 0.5382734375 0.46771406249999997 0.5475749999999999 0.482090625
0 0.45843125 0.4926015625 0.4755375 0.508875 0.492721875 0.51054375 0.5147484375 0.48288906249999997 0.5241718750000001 0.474315625 0.5304796875 0.46373125000000004 0.530534375 0.45330000000000004 0.51820625 0.420221875 0.510565625 0.3870296875 0.4981046875 0.3789875 0.49654218749999995 0.3790265625 0.4903109375 0.3750046875 0.473115625 0.37542343749999996 0.46370468750000005 0.3819109375 0.45270625000000003 0.3926078125 0.44794062500000004 0.40732656250000004 0.4384953125 0.4200734375 0.4368984375 0.4263703125 0.4383296875 0.45136875 0.4475765625 0.476178125 0.45843125 0.4926015625
0 0.651171875 0.694440625 0.6495984375 0.6965656250000001 0.6998390624999999 0.653621875 0.6985187500000001 0.607759375 0.68925 0.5871234375000001 0.6752703125 0.570775 0.6737062500000001 0.5708125 0.647078125 0.581890625 0.6158359375 0.578478125 0.6048390625 0.589175 0.5985203125 0.6018453125 0.595328125 0.6144406250000001 0.5953062499999999 0.6186125 0.610915625 0.6224062499999999 0.6264703125 0.6366296874999999 0.638865625 0.6571890625 0.651171875 0.694440625
0 0.7368375 0.75076875 0.7571046875 0.7607062499999999 0.77115 0.7645375 0.7758625 0.76025 0.7774578125 0.753953125 0.7837546875 0.7454562499999999 0.80274375 0.7011859375 0.8359234375 0.6336234375 0.8391375 0.61685625 0.8328953125 0.6149218750000001 0.8282390625 0.6087765625 0.8204343749999999 0.60688125 0.81733125 0.6027843749999999 0.8048359375 0.6010015625 0.78458125 0.588978125 0.7720984375 0.585109375 0.770534375 0.5851468750000001 0.7501921874999999 0.5898140625 0.7392046875 0.598425 0.7297609375 0.6111718749999999 0.720259375 0.63435 0.715471875 0.653240625 0.715284375 0.688709375 0.7213828125 0.7177671875 0.72756875 0.7301328125000001 0.727546875 0.73430625 0.7368375 0.75076875
1 0.6416296874999999 0.4297375 0.652571875 0.42947187500000006 0.6572828125 0.425184375 0.6573265625 0.41683906249999997 0.652703125 0.404434375 0.6402859375000001 0.3880484375 0.6215953125 0.3759859375 0.62003125 0.3760234375 0.5934468749999999 0.37875625 0.580875 0.391578125 0.579290625 0.3957890625 0.5792578125000001 0.40204843749999997 0.5900562500000001 0.42890468750000005 0.6024296875 0.45363749999999997 0.6071078125 0.455609375 0.621253125 0.4406625 0.630665625 0.4341765625 0.6416296874999999 0.4297375
0 0.713490625 0.43633437500000005 0.7119609375 0.43011406250000006 0.701040625 0.42620625 0.699478125 0.42624531250000003 0.6947984375 0.42427187499999997 0.668225 0.42491874999999996 0.6603875 0.42928125 0.6603765625 0.43136718749999997 0.680609375 0.44756406249999997 0.6930265624999999 0.46395156249999997 0.6992015625 0.4784046875 0.700853125 0.46167499999999995 0.704034375 0.4511671875 0.713490625 0.43633437500000005
1 0.7006875 0.49297031249999995 0.7006109375 0.507575 0.7128953124999999 0.5489984375 0.72065625 0.5592406249999999 0.7268875 0.5632609375000001 0.7659109374999999 0.5727421875 0.7909984375 0.5575296875 0.8036031250000001 0.5384484375 0.8115515625 0.5132218749999999 0.8116734375 0.490271875 0.8132468749999999 0.48814843750000003 0.8116953125 0.4861 0.810253125 0.4631875 0.8025359375000001 0.4446 0.7916703125 0.43026093750000005 0.7838765624999999 0.42627812499999995 0.7823140625 0.4263171875 0.7776359375 0.42434374999999996 0.73855625 0.42529374999999997 0.721328125 0.431971875 0.7087578125 0.44479375 0.7024171875 0.4616375 0.7023609375000001 0.47206875000000004 0.7007875 0.47419374999999997 0.700709375 0.4887984375 0.7022625 0.490846875 0.7006875 0.49297031249999995
1 0.729771875 0.6090859375 0.7439281249999999 0.5920515625 0.7674296875 0.5810500000000001 0.779925 0.5828328125 0.7830296875 0.5869296875 0.7861546875000001 0.586853125 0.775290625 0.5725140625 0.770578125 0.5768015625 0.7658890625 0.576915625 0.7580953125 0.5729328125 0.7565328124999999 0.5729703125000001 0.7393703125 0.5671296875 0.7221765625 0.5675484375 0.7159015625 0.571871875 0.70488125 0.58674375 0.7017 0.5972515625 0.701446875 0.6452375 0.7029765625 0.6514593750000001 0.71391875 0.6511921875 0.723453125 0.62175625 0.729771875 0.6090859375
1 0.57419375 0.4730984375 0.49603437499999997 0.47499843750000004 0.49555 0.5668 0.5737078125 0.5649 0.57419375 0.4730984375
1 0.44670624999999997 0.6410015625 0.44668437499999997 0.6451734375 0.4497890625 0.6492703125 0.47167343749999996 0.6487375 0.47322499999999995 0.6507859375 0.4997765625 0.6543125 0.5060515624999999 0.6499890625 0.5170921875000001 0.6309453125 0.514021875 0.6205890625 0.5141875 0.5892937500000001 0.5173687499999999 0.5787859375 0.5174234375 0.568353125 0.5112375 0.5559875 0.49724531250000004 0.541725 0.47385312500000004 0.5318640625 0.4707484375 0.5277671875000001 0.4613703125 0.5279953125 0.4597953125 0.53011875 0.45824375 0.5280703124999999 0.4566796875 0.528109375 0.451990625 0.5282234375 0.44884218750000004 0.5324718749999999 0.44571562499999995 0.532546875 0.44410937500000003 0.5409312500000001 0.4394296875 0.5389578125 0.43155937499999997 0.5495796875 0.4204296875 0.585315625 0.4203421875 0.60200625 0.43898906249999997 0.6224140625000001 0.44670624999999997 0.6410015625
4 0.5607624999999999 0.6486578125 0.5639328124999999 0.6402375 0.5749515625 0.6253656249999999 0.5874796875 0.6208890625000001 0.592190625 0.6166031249999999 0.598553125 0.5955874999999999 0.604871875 0.5829171875 0.5955812500000001 0.566453125 0.5753812500000001 0.543996875 0.57381875 0.5440359375 0.572265625 0.5419875000000001 0.5519453125 0.54248125 0.53314375 0.5512828125 0.5252828125 0.55981875 0.5173578125 0.5808718749999999 0.51560625 0.616378125 0.5202078125 0.6329546875000001 0.5341890625 0.6493046875 0.5560625 0.650859375 0.5607624999999999 0.6486578125
4 0.6008421875 0.754075 0.6133484375 0.7537703125 0.6305765625 0.74709375 0.636884375 0.736509375 0.638490625 0.7281265625 0.646384375 0.71333125 0.64649375 0.69246875 0.6449421875 0.6904203125 0.644996875 0.6799875 0.63575 0.6551796875 0.6233546875 0.6346203125 0.6140203125 0.6265015625 0.6124562499999999 0.626540625 0.6031 0.6225953125 0.5859046875 0.6230140625 0.578078125 0.625290625 0.57021875 0.6338250000000001 0.5607296875000001 0.6549171874999999 0.559121875 0.6633015624999999 0.5589671875 0.692509375 0.5651328125 0.7090484375 0.583725 0.7398890625 0.6008421875 0.754075
2 0.3742609375 0.74498125 0.388340625 0.7425531249999999 0.39301875000000003 0.744525 0.407109375 0.7400109375 0.41971406250000004 0.7209296875 0.4371296875 0.6787828124999999 0.4371625 0.672525 0.4435140625 0.6535953125 0.44357968750000004 0.6410765625 0.4389671875 0.6265859375 0.434321875 0.6183546875 0.4156640625 0.6000328125000001 0.4141 0.600071875 0.39690625 0.6004890625 0.382815625 0.6050046874999999 0.3686796875 0.6178640625 0.360809375 0.6284859375 0.35290625000000003 0.6453671875 0.3465203125 0.67055625 0.344825 0.69563125 0.3602359375 0.736978125 0.36645625000000004 0.743084375 0.3742609375 0.74498125
0 0.41946093749999996 0.768915625 0.43184531249999997 0.7915609375 0.44119062500000006 0.7975921875 0.4536953125 0.7972890625 0.46460468749999995 0.8032812500000001 0.4724203125 0.8030921875000001 0.4975421875 0.7816203125000001 0.5054234375 0.7689109375000001 0.5133828125 0.7415984375 0.5134375 0.7311671875 0.5150125 0.7290421874999999 0.5151656250000001 0.6998328125 0.5120953125 0.689478125 0.49659531250000005 0.664821875 0.48569687500000003 0.6567421875 0.484134375 0.6567796875 0.477903125 0.652759375 0.44662968750000004 0.6556046875 0.44031093749999994 0.6682750000000001 0.4355109375 0.689253125 0.4228515625 0.7187671875 0.41496875 0.731475 0.4149140625 0.74190625 0.413340625 0.74403125 0.41483749999999997 0.7565109375 0.41946093749999996 0.768915625
4 0.6846140625 0.8730328125 0.6830515625 0.8730703125 0.67369375 0.869125 0.6627531249999999 0.8693921874999999 0.6533515624999999 0.8737921875 0.6266453125 0.899475 0.6203265625000001 0.9121453125000001 0.6155484375 0.92895 0.615428125 0.9519 0.619609375 0.9650375 0.6820859375 0.9613359375 0.684184375 0.9544015625 0.7110453125 0.899509375 0.7110890624999999 0.8911640625 0.6846140625 0.8730328125
2 0.5843296875 0.921365625 0.5749734375 0.9174203125 0.56403125 0.9176859374999999 0.5420906249999999 0.92865 0.5247859375 0.9499328125 0.5184562500000001 0.9646890625 0.518434375 0.9688609375 0.580596875 0.96735 0.6166375000000001 0.9652140625 0.612334375 0.9457171875 0.60146875 0.931378125 0.5858921875 0.9213265625 0.5843296875 0.921365625
1 0.5220125 0.8832437499999999 0.5313359375 0.8934484375 0.5437984375 0.9014890624999999 0.55628125 0.9053578124999999 0.5719125 0.9049781250000001 0.6001375 0.887603125 0.6127312500000001 0.8706078125 0.620734375 0.8349500000000001 0.6209109374999999 0.8015671875000001 0.611675 0.7746734375 0.597715625 0.7541515624999999 0.575909375 0.7400781249999999 0.5743453125 0.7401171875 0.554025 0.7406109375 0.5258 0.7579859375 0.51164375 0.77501875 0.511621875 0.7791921875 0.5068984375000001 0.7855640625 0.505246875 0.8022937499999999 0.5020765625 0.8107156249999999 0.50656875 0.8481562500000001 0.5142625 0.870915625 0.5220125 0.8832437499999999
1 0.538965625 0.9287265625 0.5483765625 0.9222390624999999 0.5609046875 0.9177625 0.5656156250000001 0.913475 0.5656375 0.9093031249999999 0.55314375 0.9075203125 0.532878125 0.8975828124999999 0.514240625 0.8750890625000001 0.512678125 0.8751265625 0.5048625 0.8753171875 0.493896875 0.87975625 0.4781890625 0.8947406250000001 0.46710312500000006 0.9221296875 0.46387812500000003 0.9409828125 0.46841406250000006 0.970078125 0.516871875 0.9689 0.51689375 0.9647265624999999 0.5232234375 0.9499703125 0.538965625 0.9287265625
4 0.503496875 0.8378 0.5020875 0.808628125 0.5036625 0.8065046875 0.5037281250000001 0.7939859375 0.5100796875 0.77505625 0.5085171875000001 0.7750953125 0.49439374999999997 0.78586875 0.4802375 0.8029015625 0.48178906250000003 0.80495 0.47861875 0.813371875 0.4785640625 0.8238031250000001 0.498696875 0.8587781250000001 0.500228125 0.8649984375 0.509584375 0.86894375 0.509628125 0.8605984375 0.503496875 0.8378
4 0.44660625 0.9560046874999999 0.452825 0.9621124999999999 0.46376718749999996 0.961846875 0.46234843750000004 0.9347609374999999 0.47189218750000006 0.9032375 0.4813484375 0.8884046874999999 0.49862031250000005 0.8733828125 0.49711249999999996 0.8629890625 0.49093593750000003 0.8485359375 0.48475 0.8361703125 0.48008281249999996 0.8321109375000001 0.47851875 0.8321484375000001 0.46444062500000005 0.834578125 0.4487640625 0.843303125 0.43145937500000003 0.864584375 0.42828906250000004 0.8730062500000001 0.42825625 0.879265625 0.42034062499999997 0.8982328125000001 0.4202421875 0.9170093749999999 0.42639531249999996 0.9356359375000001 0.4434796875 0.9560812500000001 0.44660625 0.9560046874999999
2 0.4156625 0.8962609374999999 0.4203625 0.894059375 0.42668125 0.8813890625 0.42831093750000004 0.8688328125 0.44877500000000003 0.8412171875000001 0.4597390625 0.836778125 0.46602499999999997 0.8303671874999999 0.467709375 0.807378125 0.4552484375 0.7993375 0.4396171875 0.7997171875 0.4365015625 0.79770625 0.425625 0.7854546874999999 0.4210015625 0.77305 0.413240625 0.7628078125 0.4116671875 0.7649328125 0.3991171875 0.7735828125 0.3864578125 0.8030953125 0.375428125 0.8200531249999999 0.37222343750000003 0.8347328125000001 0.372146875 0.8493375000000001 0.3798640625 0.867925 0.3813390625 0.884578125 0.3875578125 0.8906859375 0.3937890625 0.8947062499999999 0.4156625 0.8962609374999999
5 0.8235718750000001 0.60471875 0.8282609375 0.6046046875 0.8422750000000001 0.61469375 0.8548796875000001 0.5956125 0.8580609375 0.5851046875 0.8849328125 0.5281265625 0.8849656250000001 0.5218671875 0.87405625 0.5158750000000001 0.8724921875 0.5159125 0.860009375 0.51204375 0.8428140624999999 0.5124625 0.8271609375000001 0.517015625 0.8114640625 0.5299125 0.8035921874999999 0.540534375 0.794103125 0.5616265625 0.792396875 0.5887875 0.7955015624999999 0.592884375 0.8142265625 0.5986875 0.8235718750000001 0.60471875
5 0.7142265625 0.8890015625000001 0.722096875 0.8783796875000001 0.733171875 0.8530765625000001 0.73789375 0.846703125 0.7679578125 0.7771312499999999 0.767990625 0.770871875 0.7648875 0.766775 0.7352531250000001 0.7549796875 0.7336890625 0.7550171875 0.7258734375 0.7552078125 0.714909375 0.7596468749999999 0.708634375 0.7639703124999999 0.7007640625 0.7745921874999999 0.689678125 0.8019812500000001 0.6832609374999999 0.8334296875 0.6830953125 0.864725 0.6893046875 0.87291875 0.7048921874999999 0.8808843749999999 0.7142265625 0.8890015625000001
5 0.5810609375 0.6523375 0.5169718750000001 0.6538953125 0.51643125 0.756128125 0.580521875 0.75456875 0.5810609375 0.6523375
5 0.33159218749999997 0.8336359375000001 0.3503515625 0.8331796875 0.362878125 0.8287015625 0.3723015625 0.8201281249999999 0.3864796875 0.7989234374999999 0.39439531250000004 0.77995625 0.3945375 0.7528328125 0.392996875 0.7486984375 0.385203125 0.744715625 0.3836296875 0.7468390625 0.367996875 0.7472203125 0.3648828125 0.7452093750000001 0.357121875 0.7349671875 0.3447921875 0.7018890625 0.3448140625 0.6977171875 0.341709375 0.6936203125 0.34014687499999996 0.6936578124999999 0.32763125 0.6960484375 0.31351874999999996 0.7047359375 0.29936093750000003 0.7217687500000001 0.291446875 0.7407359375 0.28824375 0.7554171875 0.28809999999999997 0.782540625 0.291159375 0.7949828125 0.30354375 0.817628125 0.3175578125 0.8277187500000001 0.33159218749999997 0.8336359375000001
0 0.370265625 0.613653125 0.3875265625 0.6007171875 0.4062953125 0.598175 0.40787031249999994 0.59605 0.38915625 0.5881609375 0.3875921875 0.5882 0.3703765625 0.592790625 0.3578265625 0.6014390625 0.35310312499999996 0.6078125 0.34197500000000003 0.643546875 0.34188593749999996 0.6602375 0.34496875 0.6685078125 0.3481828125 0.651740625 0.3529171875 0.64328125 0.35452343750000004 0.6348984375 0.370265625 0.613653125
