2 0.7098546875 0.43096249999999997 0.7248015624999999 0.441278125 0.7424906250000001 0.447396875 0.7674078125 0.4471984375 0.7750078125 0.44505 0.785978125 0.42826875 0.7881625 0.4178171875 0.7936468750000001 0.40942656250000004 0.7970171875000001 0.3947921875 0.807428125 0.371753125 0.82595 0.3173484375 0.825578125 0.313178125 0.8029140625 0.28623125 0.7815515625 0.27387968749999997 0.77999375 0.2738921875 0.7611203125 0.27195625 0.7597484375 0.2740546875 0.748846875 0.27414062499999997 0.719003125 0.2889875 0.703175 0.3037203125 0.690834375 0.3226 0.6845359375 0.3393453125 0.688003125 0.39566093750000003 0.6976515625 0.416453125 0.7098546875 0.43096249999999997
2 0.48353124999999997 0.7937859375 0.505334375 0.7936124999999999 0.5199765625 0.7830609374999999 0.52701875 0.7746578125 0.5389203124999999 0.768303125 0.5444046874999999 0.7599125 0.5474015624999999 0.74110625 0.5456578125 0.739034375 0.5470984375 0.720240625 0.5444921875000001 0.691046875 0.5341015625 0.6619140625 0.51125 0.63288125 0.4945609375 0.62049375 0.46541249999999995 0.6082046875 0.46385468750000003 0.6082171875 0.43619531250000004 0.6126125 0.41725312499999995 0.6273703125 0.4054703125 0.65250625 0.4012875 0.6754953125000001 0.40426406249999997 0.7088593750000001 0.41465625 0.7379921875 0.4200734375 0.746296875 0.428790625 0.7566609375 0.452453125 0.777340625 0.48353124999999997 0.7937859375
2 0.63426875 0.8238859375 0.6375703125000001 0.825946875 0.6467968749999999 0.8070921875 0.673359375 0.738015625 0.6729875 0.73384375 0.6557390625 0.7152000000000001 0.64409375 0.7069468750000001 0.6312625 0.7028749999999999 0.6297046875000001 0.7028875 0.612575 0.7030234375 0.6020453125 0.7072812500000001 0.5869625 0.73035625 0.5756203125 0.74296875 0.57225 0.7576031249999999 0.574365625 0.763846875 0.5937984375 0.7720390625 0.6106734375 0.7865109375 0.6248078125000001 0.8051796875000001 0.63426875 0.8238859375
0 0.5524843749999999 0.9727015625 0.5573421875 0.97475 0.5602703124999999 0.9726390625000001 0.5655015624999999 0.9788578125 0.57154375 0.9767234374999999 0.5748453125 0.978784375 0.5789593749999999 0.972490625 0.5834453125 0.9703687499999999 0.5989687499999999 0.9347687499999999 0.62223125 0.8636312500000001 0.6300874999999999 0.846875 0.6336421875 0.834325 0.6330843749999999 0.8280687500000001 0.62150625 0.8031203124999999 0.599028125 0.7782578124999999 0.590684375 0.7720640624999999 0.5619078125 0.7639453125 0.5605359375 0.7660437499999999 0.549634375 0.76613125 0.531690625 0.7746203125 0.5172343749999999 0.7872578125 0.50745 0.79985625 0.497596875 0.8291499999999999 0.49478437499999994 0.8500406249999999 0.49850625 0.8917468749999999 0.510828125 0.9250375 0.5340515625 0.958240625 0.5524843749999999 0.9727015625
0 0.490025 0.9189437500000001 0.5005531249999999 0.9146859375 0.5017390625 0.910503125 0.497321875 0.8959296875 0.49546093750000003 0.8750765625 0.4937171875 0.8730046874999999 0.49304218750000006 0.8479671874999999 0.4982234375 0.8187109375 0.5047078125 0.8040515625 0.5055203125000001 0.7956984375 0.48216093750000005 0.795884375 0.47244374999999994 0.7917875000000001 0.4442953125 0.77323125 0.43402031250000006 0.7628796875 0.4324625 0.7628921875 0.42897656250000005 0.7587453125 0.4211890625 0.7588078125 0.4057328125 0.7777125 0.40062031249999996 0.7902750000000001 0.39388125 0.81954375 0.3991609375 0.8612375 0.40862187499999997 0.87994375 0.4258703125 0.8985875 0.45869218749999996 0.91710625 0.490025 0.9189437500000001
0 0.22094062499999997 0.6978015625 0.23681718749999997 0.71854375 0.2568078125 0.732990625 0.29281250000000003 0.734790625 0.309384375 0.7283984375 0.3238421875 0.7157625000000001 0.33618281250000004 0.6968828125 0.34173593750000003 0.671796875 0.3396890625 0.6488578125 0.33508593750000004 0.6322 0.3212078125 0.598921875 0.303959375 0.580278125 0.28919843749999996 0.5720484375 0.28764218750000003 0.5720609375000001 0.2705109375 0.572196875 0.258425 0.5764671875 0.23188124999999998 0.5933734375 0.21505468749999998 0.6143765625000001 0.20857031250000002 0.6290359375000001 0.20894218750000002 0.63320625 0.20401562499999998 0.6478531249999999 0.20513281249999998 0.6603656250000001 0.21440781250000002 0.6769859375 0.22094062499999997 0.6978015625
0 0.548959375 0.74109375 0.550703125 0.7431671875 0.5584890625 0.7431046875 0.57661875 0.7367 0.588146875 0.7261734375 0.5991171875 0.7093921875 0.6074125 0.6801109375000001 0.6104109375 0.6613046875 0.6073640625000001 0.644634375 0.5925546875000001 0.6009296875000001 0.5838375 0.590565625 0.5704484375 0.5802390625 0.549459375 0.572059375 0.5479015625 0.572071875 0.49669687500000004 0.5745671875 0.483796875 0.5871906250000001 0.47438437499999997 0.603959375 0.4765 0.610203125 0.4877734375 0.6142875 0.5110640625 0.6307953125 0.5319859375 0.6556703125000001 0.5416328125 0.6764609375 0.5460499999999999 0.691034375 0.548959375 0.74109375
0 0.4586453125 0.21802656250000002 0.47047812499999997 0.228365625 0.4735921875 0.22834062500000002 0.48523750000000004 0.2365953125 0.4978828125 0.23858125000000002 0.504484375 0.24270156250000002 0.532515625 0.24247812500000002 0.544415625 0.2361234375 0.5499015625 0.22773125 0.552340625 0.2026703125 0.560821875 0.175475 0.5599609375 0.148353125 0.55554375 0.1337796875 0.5377375 0.10888125 0.51893125 0.09025 0.502428125 0.079946875 0.5008703125 0.079959375 0.49601249999999997 0.0779109375 0.47576718749999997 0.0780734375 0.46679531250000006 0.08231875 0.451525 0.10330781250000001 0.44322968749999997 0.1325890625 0.44397343749999996 0.14093125 0.439978125 0.1660046875 0.44165312500000004 0.184771875 0.44955625 0.203490625 0.4586453125 0.21802656250000002
0 0.485021875 0.4786671875 0.4916921875 0.4660921875 0.4975484375 0.46187187500000004 0.4971765625 0.45770156249999994 0.48241562499999996 0.44947187499999997 0.47388593749999997 0.4411921875 0.4599375 0.424609375 0.45433593749999995 0.4142203125 0.45135781250000007 0.3808546875 0.45454062500000003 0.3641359375 0.45846875000000004 0.35575625 0.4569109375 0.35576875 0.4553546875 0.35578125 0.44482499999999997 0.3600390625 0.433296875 0.370565625 0.4175171875 0.420775 0.419378125 0.441628125 0.42149374999999994 0.447871875 0.4265390625 0.4520046875 0.44229843750000003 0.45396562500000004 0.4588015625 0.46426875 0.47779375 0.48498437499999997 0.485021875 0.4786671875
0 0.31305937500000003 0.40282656250000004 0.3145484375 0.41950937499999996 0.3224515625 0.438228125 0.3317953125 0.43815312500000003 0.343696875 0.431796875 0.3514828125 0.43173593749999994 0.3557828125 0.427528125 0.315684375 0.37985156249999996 0.31587031250000003 0.3819359375 0.31305937500000003 0.40282656250000004
5 0.4454140625 0.12213750000000001 0.4436703125 0.120065625 0.43607031249999995 0.12221249999999999 0.42298437499999997 0.1327515625 0.41064375000000003 0.15163125 0.4039046875 0.1809 0.405765625 0.20175312500000003 0.42861562500000006 0.2307859375 0.43633437500000005 0.24741875000000002 0.4368921875 0.253675 0.43845 0.2536625 0.4671078125 0.24300000000000002 0.46654999999999996 0.23674374999999998 0.45920468750000004 0.22428125 0.45690156249999997 0.21595312500000002 0.4479984375 0.20350312499999998 0.4400953125 0.184784375 0.43823437500000006 0.16393125 0.4424171875 0.14094374999999998 0.44167187500000005 0.1326015625 0.4454140625 0.12213750000000001
5 0.646484375 0.3146078125 0.6494140625 0.312496875 0.6488546875 0.306240625 0.6403921875 0.2812671875 0.6387171875 0.2624984375 0.644271875 0.23741249999999997 0.6567984375 0.22061875 0.6576125 0.2122640625 0.6556828125 0.20810625 0.64229375 0.1977796875 0.6263484375 0.19373281250000002 0.6247906249999999 0.1937453125 0.607659375 0.19388125 0.601803125 0.1981015625 0.59713125 0.1981390625 0.5811171875000001 0.2107875 0.56621875 0.2359484375 0.56196875 0.2756328125 0.5693140624999999 0.28809375 0.5858171875 0.298396875 0.6003921875 0.304540625 0.646484375 0.3146078125
5 0.507225 0.570309375 0.529028125 0.5701343750000001 0.53195625 0.568025 0.5337 0.5700984375 0.5381859375 0.567975 0.5479015625 0.572071875 0.571634375 0.5760546875 0.5743765625 0.5718593750000001 0.5761890625 0.5572375 0.5814874999999999 0.5467609375 0.5821140625 0.536321875 0.5874125 0.5258468749999999 0.589596875 0.5153953125 0.5636328125000001 0.4863859375 0.548009375 0.45103593750000004 0.5447093749999999 0.448975 0.5431515625000001 0.4489875 0.5398515625 0.4469265625 0.53225 0.449075 0.5022203125 0.461834375 0.48795 0.47655624999999996 0.48146562499999995 0.491215625 0.47946718749999995 0.503753125 0.482190625 0.551728125 0.48623593749999994 0.5621296874999999 0.4951390625 0.5745796875 0.507225 0.570309375
5 0.350553125 0.421309375 0.358896875 0.427503125 0.3668703125 0.4295265625 0.3919734375 0.4314125 0.404059375 0.4271421875 0.4167734375 0.41243281249999997 0.42444218749999996 0.39359062499999997 0.42781250000000004 0.37895625 0.42695 0.35183437500000003 0.4184875 0.3268609375 0.4008671875 0.3040453125 0.38224843750000004 0.2875 0.3626296875 0.277221875 0.36107187500000004 0.27723437500000003 0.3453125 0.2752734375 0.3392703125 0.277409375 0.32032656249999997 0.2921671875 0.3122859375 0.30683906250000004 0.307359375 0.3214859375 0.306359375 0.32775468750000003 0.3087796875 0.3548640625 0.322471875 0.3860578125 0.3350484375 0.4047375 0.350553125 0.421309375
3 0.2648796875 0.4741625 0.261765625 0.47418750000000004 0.2199515625 0.5120828125 0.200940625 0.5435375 0.20149843750000002 0.54979375 0.19894218749999998 0.5560734375 0.20061718750000002 0.5748421875 0.2052203125 0.5915 0.19169375 0.6145625 0.1881390625 0.6271125 0.1913703125 0.6458671875 0.1948578125 0.6500125 0.2010875 0.6499640624999999 0.20819843750000003 0.624865625 0.231509375 0.5892031249999999 0.2611671875 0.572271875 0.29156875000000004 0.5636828125 0.3343125 0.5362125 0.338984375 0.536175 0.361228125 0.5234765625 0.3779859375 0.5191703125 0.38547031249999997 0.4982421875 0.3935109375 0.48357031250000004 0.40448125 0.4667875 0.41326718749999997 0.46045781249999995 0.41875156249999995 0.45206718749999997 0.41470624999999994 0.441665625 0.4094765625 0.43544687499999996 0.40461875 0.4333984375 0.4030609375 0.4334109375 0.3561546875 0.4316984375 0.3471828125 0.43594375 0.339396875 0.4360046875 0.329053125 0.4423484375 0.3212671875 0.44241093749999993 0.30643750000000003 0.45087656249999997 0.2972796875 0.4530359375 0.29297968750000003 0.45724375000000006 0.2883078125 0.45728125000000003 0.2648796875 0.4741625
3 0.55658125 0.3549734375 0.5641812500000001 0.3528265625 0.5725953125000001 0.342325 0.58138125 0.33599531250000003 0.5952109375 0.333796875 0.603740625 0.3420765625 0.6130859375 0.3420015625 0.6262890624999999 0.35024375 0.6422343749999999 0.354290625 0.65369375 0.36045937499999997 0.6713140625 0.3832734375 0.6771015625000001 0.3957484375 0.6799625 0.4103328125 0.6834484375 0.41447968749999997 0.6927921875 0.4144046875 0.6924203125 0.41023437500000004 0.684703125 0.3936015625 0.6829796875 0.33935781249999997 0.67930625 0.3331265625 0.65115625 0.3145703125 0.637140625 0.31468124999999997 0.6258671875 0.3105984375 0.6165234374999999 0.31067187500000004 0.6083640625 0.3065640625 0.5893046875 0.3025421875 0.57124375 0.292253125 0.54665 0.261146875 0.529959375 0.24875937499999998 0.5015546875 0.24481250000000002 0.46250468749999996 0.2263421875 0.462690625 0.22842812499999998 0.48958593749999996 0.2678625 0.4884015625 0.2720453125 0.4915640625 0.3074953125 0.4933078125 0.30956875 0.4942390625 0.3199953125 0.49791093750000004 0.3262265625 0.5257578125 0.3239171875 0.5354734375 0.3280140625 0.5440046875 0.3362921875 0.55658125 0.3549734375
1 0.346684375 0.2731765625 0.36244375 0.2751375 0.3853625 0.28747500000000004 0.405725 0.30609375 0.41855624999999996 0.310165625 0.4254125 0.2996765625 0.4277828125 0.2913109375 0.4280375 0.2767 0.43570624999999996 0.2578578125 0.4349625 0.24951718750000002 0.4270578125 0.2307984375 0.4164125 0.2162765625 0.40265000000000006 0.201778125 0.386146875 0.191475 0.3845890625 0.1914875 0.3748734375 0.1873921875 0.35462812499999996 0.18755312500000001 0.33842812499999997 0.1981171875 0.329015625 0.21488593749999998 0.32913281250000004 0.23366718749999998 0.32432343750000003 0.26709375 0.32525312500000003 0.2775203125 0.3302984375 0.2816546875 0.3345984375 0.277446875 0.346684375 0.2731765625
1 0.39835 0.5377890625 0.31736875000000003 0.538434375 0.3307671875 0.688578125 0.4117484375 0.68793125 0.39835 0.5377890625
1 0.404128125 0.7422500000000001 0.4136578125 0.7442609375 0.41502812499999997 0.7421625 0.402521875 0.7067875 0.4001015625 0.679678125 0.4027265625 0.6567015625 0.4156953125 0.6273828124999999 0.42273750000000004 0.6189796875 0.44049531249999996 0.6084046875 0.45743906250000005 0.60618125 0.46541249999999995 0.6082046875 0.461553125 0.5998890625 0.4528359375 0.5895234375 0.431846875 0.58134375 0.4193875 0.58144375 0.41764375 0.5793703125 0.4131578125 0.58149375 0.41141562499999995 0.5794203125 0.41004375 0.5815187500000001 0.4022578125 0.5815812499999999 0.3829421875 0.59216875 0.370415625 0.6089625 0.3615609375 0.6319890625 0.35812343750000003 0.66331875 0.35905312500000003 0.6737453125 0.367515625 0.69871875 0.3783484375 0.7153265625 0.3940390625 0.7339828125000001 0.404128125 0.7422500000000001
1 0.39650625 0.7965671875 0.4041765625 0.777725 0.42063125 0.7525515625 0.41540156250000004 0.7463328125 0.410728125 0.7463703125000001 0.3907390625 0.731921875 0.3748609375 0.71118125 0.3733046875 0.71119375 0.370003125 0.7091328125 0.3655171875 0.71125625 0.35336249999999997 0.7322203125 0.35073750000000004 0.755196875 0.35259843750000003 0.77605 0.357015625 0.790621875 0.3682203125 0.8114015625000001 0.383353125 0.8238015624999999 0.3911390625 0.8237390625 0.39650625 0.7965671875
1 0.54615 0.4301828125 0.5478921875 0.43225468749999996 0.5493812499999999 0.4489375 0.5530546875 0.45516875 0.555728125 0.46766874999999997 0.563259375 0.482215625 0.57565 0.49881093749999994 0.589225 0.5112234375 0.599128125 0.5174046875 0.6380609374999999 0.5170953125 0.6530765625 0.5107140625000001 0.665975 0.498090625 0.6720875000000001 0.4792609375 0.6762015625 0.4729671875 0.6793843749999999 0.456246875 0.6787765625 0.41451562500000005 0.67491875 0.4062 0.671871875 0.3895296875 0.654065625 0.3646296875 0.6393046874999999 0.3564 0.6233593749999999 0.3523546875 0.6117140625 0.34409999999999996 0.603928125 0.34416250000000004 0.5988828125000001 0.340028125 0.5973265624999999 0.340040625 0.5955828125 0.33796875000000004 0.58468125 0.3380546875 0.575709375 0.3423 0.5684812499999999 0.34861875000000003 0.560253125 0.3612046875 0.5592546875 0.3674734375 0.5563265625 0.36958281249999997 0.550028125 0.386328125 0.54603125 0.41140156250000004 0.54615 0.4301828125
1 0.7107265625 0.5979 0.726671875 0.601946875 0.7347125 0.587275 0.7450078125 0.54545625 0.7491203125 0.5391640625 0.755859375 0.50989375 0.767084375 0.47850312500000003 0.766340625 0.47016093750000004 0.7459765625 0.4515421875 0.7444203125 0.4515546875 0.7315890625 0.447484375 0.6975140625 0.4498421875 0.68735625 0.4582703125 0.6777578125 0.47295468749999997 0.6677187499999999 0.5001640625 0.6660921875 0.516871875 0.667953125 0.537725 0.676415625 0.5626984375 0.6944078124999999 0.5896828125 0.7107265625 0.5979
1 0.46706875 0.347340625 0.4949828125 0.3283375 0.4887046875 0.29291093749999997 0.48696093749999997 0.29083749999999997 0.488146875 0.2866546875 0.4861 0.2637171875 0.470409375 0.2450609375 0.46903750000000005 0.24715781250000002 0.45969375 0.2472328125 0.45383593749999995 0.251453125 0.44916406249999996 0.251490625 0.44037812499999995 0.2578203125 0.43489374999999997 0.2662125 0.4281546875 0.29548125000000003 0.43120156249999997 0.3121515625 0.4443359375 0.3370875 0.45635312499999997 0.3495125 0.46706875 0.347340625
4 0.487275 0.4515203125 0.49680468749999995 0.45353125 0.500290625 0.4576765625 0.5065203125 0.45762656249999994 0.54340625 0.434378125 0.5421046875 0.4197796875 0.5461 0.39470625 0.55476875 0.3695953125 0.5588828125 0.363303125 0.5585109375 0.3591328125 0.5482359375 0.3487796875 0.537403125 0.332171875 0.52924375 0.32806406250000003 0.5276875000000001 0.3280765625 0.5088125 0.3261390625 0.5074421874999999 0.3282375 0.49965468749999997 0.3283 0.4686265625 0.347328125 0.4586546875 0.3578421875 0.45272968750000003 0.3787578125 0.4539625 0.41005 0.4580078125 0.4204515625 0.4754421875 0.44117968750000003 0.487275 0.4515203125
4 0.7043609375 0.2995375 0.7188171875 0.2869015625 0.7395031249999999 0.27421562499999996 0.7389453125000001 0.267959375 0.7329703125 0.25339999999999996 0.7192093749999999 0.2389015625 0.7151640625 0.2285 0.7081906250000001 0.2202078125 0.6936171875 0.2140640625 0.692059375 0.21407656249999998 0.6763 0.21211562499999997 0.6626562500000001 0.2163984375 0.645828125 0.2374 0.6400890625 0.2604015625 0.6421359375 0.28333906249999996 0.6523421875000001 0.3103875 0.6791203125 0.33104062500000003 0.68535 0.33099218750000003 0.6904625 0.3184296875 0.7043609375 0.2995375
4 0.388378125 0.5483015625000001 0.3995828125 0.56908125 0.4063703125 0.5752875000000001 0.4127859375 0.5773234375 0.4188296875 0.5751875 0.4205734375 0.5772609375 0.445490625 0.5770625 0.45739062500000005 0.57070625 0.46131875000000006 0.562328125 0.465990625 0.5622906249999999 0.4769609375 0.545509375 0.47647031249999994 0.5225578125 0.4778421875 0.520459375 0.47516875000000003 0.5079609375 0.4765390625 0.5058625 0.46844843750000004 0.48505937499999996 0.45587343750000003 0.46637812500000003 0.45275781249999997 0.466403125 0.447528125 0.460184375 0.44597031249999997 0.460196875 0.43451093749999997 0.45402812499999995 0.423609375 0.45411406249999997 0.41482343750000006 0.4604453125 0.40329531249999995 0.47097187500000004 0.3964390625 0.481459375 0.38839843749999997 0.49613125 0.3822859375 0.5149625 0.3835890625 0.529559375 0.38763437500000003 0.5399609375 0.388378125 0.5483015625000001
4 0.6088046874999999 0.6258421875 0.6138484375 0.6299750000000001 0.6372078125 0.6297890625 0.6522921875 0.6067140625 0.6624484374999999 0.5982859375 0.6618906250000001 0.5920296875 0.66581875 0.5836515624999999 0.663703125 0.5774078125 0.6643296875 0.56696875 0.66844375 0.560675 0.66495625 0.5565296875 0.6676984375 0.552334375 0.66246875 0.546115625 0.6638390625 0.5440171874999999 0.6625375 0.5294203125 0.653634375 0.5169703125 0.6520765625 0.5169828125 0.6491484375 0.51909375 0.59345625 0.5237109375 0.5867859375 0.5362859375 0.5871578125 0.54045625 0.584415625 0.5446515625 0.5786765625 0.5676515625 0.58135 0.5801515625 0.5918109375 0.5925890625 0.6000875 0.615478125 0.6088046874999999 0.6258421875
4 0.6928109375 0.6940359375 0.702596875 0.6814375 0.703409375 0.673084375 0.7014796875 0.6689265625 0.7158187500000001 0.6375093749999999 0.7135171875 0.6291796875 0.6966421875 0.6147078125000001 0.6851812500000001 0.6085390625 0.6836249999999999 0.6085515625 0.6709796875 0.606565625 0.651478125 0.6150671875 0.6406953125 0.633934375 0.6363265625000001 0.6548375 0.6404890625 0.6840203125000001 0.646278125 0.6964953125 0.665828125 0.7234671875 0.6772875 0.7296359375 0.682771875 0.7212453125 0.6928109375 0.6940359375
