2 0.11586250000000001 0.6397796875 0.1096625 0.6503203125 0.10975937499999999 0.6706140625 0.1223453125 0.688559375 0.1328015625 0.697009375 0.15782968749999998 0.7032390625 0.16824843750000001 0.703884375 0.1849046875 0.70179375 0.20154531250000002 0.69658125 0.22230937499999998 0.682259375 0.23472187500000002 0.6643 0.23471406250000001 0.6627390625 0.236709375 0.6441359375 0.2346171875 0.6424453125 0.23458125000000002 0.6346406250000001 0.2262 0.624759375 0.21574374999999998 0.6163093749999999 0.20739375 0.6126703124999999 0.1740375 0.6074859375 0.14906250000000001 0.6121828125000001 0.12622968750000002 0.629496875 0.11586250000000001 0.6397796875
2 0.1456609375 0.7727125 0.1498 0.7667265624999999 0.1476265625 0.747865625 0.137146875 0.7347312500000001 0.120425 0.7227734375 0.09343125 0.741390625 0.0934546875 0.7460734375 0.1394171875 0.7738875000000001 0.1435921875 0.77570625 0.14566874999999999 0.7742734375 0.1456609375 0.7727125
2 0.42560937499999996 0.9398515625 0.4359984375 0.9342515625000001 0.444265625 0.92071875 0.4442296875 0.9129125 0.44630625 0.9114812499999999 0.4462984375 0.9099203125 0.4399046875 0.8798734375 0.4252296875 0.8602375 0.41059062500000004 0.8484078125 0.39390468749999996 0.8442546875 0.377234375 0.8432234375000001 0.35017343749999996 0.847790625 0.335646875 0.8593765624999999 0.3274078125 0.8791546875 0.3420546875 0.8925453125 0.42560937499999996 0.9398515625
1 0.4471828125 0.6587203125000001 0.43057187499999994 0.6701765625 0.42851718749999995 0.6762921875 0.4347921875 0.6813625 0.4556453125 0.6857734375 0.472359375 0.6961703124999999 0.47861093749999994 0.6965578125 0.49109218749999994 0.6926484375 0.5097796875 0.6797593749999999 0.518040625 0.6646640625 0.5180328125 0.663103125 0.5158453125 0.6411203125 0.5032890625 0.6294187499999999 0.4949390625 0.62578125 0.4803453125 0.6233171875 0.46782031249999995 0.6178609374999999 0.459484375 0.6173453125 0.4574234375 0.6218984375 0.4595140625 0.6235890625 0.459603125 0.642321875 0.4471828125 0.6587203125000001
1 0.468340625 0.727134375 0.47665468750000006 0.7229671875 0.47664687499999997 0.72140625 0.47870156250000007 0.715290625 0.47447343750000004 0.70254375 0.464009375 0.6925328125 0.45356874999999997 0.6872046875 0.426471875 0.68396875 0.4098453125 0.692303125 0.40988281249999997 0.7001078125 0.4225125 0.7274203124999999 0.443328125 0.7240265625 0.468340625 0.727134375
1 0.28521874999999997 0.7688640625 0.2832828125 0.7999546875 0.287503125 0.811140625 0.32303281250000004 0.8351875 0.3501296875 0.838425 0.360540625 0.8375078125 0.3730296875 0.8351593749999999 0.387571875 0.8266953125000001 0.402046875 0.8041828125 0.40407031250000003 0.7918234375 0.40821562499999997 0.7873984375 0.4082078125 0.7858375 0.40815625000000005 0.774909375 0.395578125 0.758525 0.3851296875 0.7516359375 0.3705203125 0.7460515625 0.35800312500000003 0.7421546875 0.3413328125 0.7411234375 0.3142796875 0.7472531250000001 0.2997296875 0.7541546875 0.29143281249999997 0.7614453125 0.28521874999999997 0.7688640625
1 0.2647671875 0.8487484375 0.27104062500000003 0.85381875 0.32115625 0.8787671874999999 0.325309375 0.875903125 0.32735625 0.8682265625 0.3273484375 0.8666656250000001 0.32935781249999996 0.8511843750000001 0.323046875 0.838309375 0.304225 0.8230999999999999 0.285434375 0.8141343750000001 0.264603125 0.81440625 0.2479546875 0.8180578125 0.2313359375 0.827953125 0.2313515625 0.831075 0.2501578125 0.8431625 0.2647671875 0.8487484375
1 0.1760328125 0.5888828125 0.1864296875 0.58484375 0.20309218750000002 0.5843140625000001 0.2239609375 0.591846875 0.24695625 0.6088765625 0.255375 0.6265640625 0.2595421875 0.626821875 0.2740984375 0.6214796875 0.280328125 0.617184375 0.2803203125 0.615621875 0.282396875 0.614190625 0.2823296875 0.600140625 0.2739203125 0.5840140625 0.26137968749999996 0.5754359375 0.25094531249999996 0.57166875 0.21556562499999998 0.57884375 0.186384375 0.5754765625 0.18015625 0.5797734375 0.180178125 0.58445625 0.1760328125 0.5888828125
1 0.19058906250000002 0.583540625 0.17809375 0.5843281250000001 0.1531703125 0.5999515625 0.15113125 0.6091890624999999 0.159465625 0.6097046875000001 0.165703125 0.6069703125 0.1761140625 0.6060531250000001 0.1907015625 0.60695625 0.21156250000000001 0.612928125 0.23456562500000003 0.63151875 0.23878593750000002 0.6427031249999999 0.23712343749999998 0.6595765625000001 0.245096875 0.6555796875000001 0.2512890625 0.643478125 0.25128125 0.641915625 0.25327500000000003 0.6233125 0.2490484375 0.6105671874999999 0.24067500000000003 0.6022453125 0.2406609375 0.5991234375000001 0.23649375 0.598865625 0.22186875 0.5901578125 0.2177015625 0.5899 0.20933593749999999 0.5831390625 0.198925 0.5840562499999999 0.1947421875 0.5806765625 0.19058906250000002 0.583540625
1 0.1407421875 0.6147890625 0.149046875 0.6090609375 0.14902500000000002 0.604378125 0.155253125 0.60008125 0.155246875 0.5985203125 0.1635515625 0.5927921875 0.16143125 0.5848578125 0.1447078125 0.5728984374999999 0.1217640625 0.566796875 0.09054375 0.57266875 0.0739328125 0.584125 0.10730312500000001 0.5924328125 0.12820937500000001 0.607771875 0.13449687500000002 0.6159625 0.1407421875 0.6147890625
0 0.1549859375 0.5438828124999999 0.1633875 0.5584484375 0.17802656249999999 0.570278125 0.1863765625 0.5739156249999999 0.211390625 0.577025 0.24053437500000002 0.5725859375 0.25300781250000004 0.567115625 0.26544375 0.5538390625 0.2654359375 0.5522781250000001 0.2653546875 0.53510625 0.2527390625 0.5109171875 0.2422828125 0.5024671875 0.219315625 0.4916828125 0.20889687499999998 0.4910375 0.177684375 0.4984703125 0.15899687499999998 0.511359375 0.152834375 0.5297046875 0.1549265625 0.5313953125 0.1549859375 0.5438828124999999
0 0.4829359375 0.7295984375 0.47681874999999996 0.757309375 0.478909375 0.759 0.478946875 0.7668046875 0.4873265625 0.7766875 0.5123624999999999 0.7844781249999999 0.5165453125 0.787859375 0.5394890625000001 0.793959375 0.5519765624999999 0.7916109375 0.5602828125 0.7858828124999999 0.5789328125 0.7651890625 0.578925 0.763628125 0.5851031250000001 0.7484046875 0.5830109375 0.7467140624999999 0.582959375 0.7357875 0.5787609375 0.729284375 0.5599484375 0.7156359375 0.5432625 0.7114828125 0.5286453125 0.7043359375 0.5119906249999999 0.7064265625 0.4912109375 0.717625 0.4829359375 0.7295984375
0 0.38658125 0.6190765625 0.3864609375 0.5941 0.3510359375 0.5919078125 0.35115625 0.6168843749999999 0.38658125 0.6190765625
0 0.31193593750000004 0.6924875 0.33075625 0.707696875 0.34318593750000004 0.692859375 0.357728125 0.684396875 0.37646718749999997 0.6824343749999999 0.393153125 0.6865875 0.39941875 0.6900968749999999 0.3994109375 0.6885359375 0.39940312499999997 0.686975 0.3972984375 0.6821625 0.386840625 0.6737124999999999 0.3617765625 0.659678125 0.3534328125 0.6576 0.340953125 0.661509375 0.336859375 0.6768625 0.332721875 0.6828484375 0.324415625 0.688578125 0.311928125 0.6909265625 0.31193593750000004 0.6924875
0 0.130725 0.698440625 0.12659375 0.7059890625 0.12870781250000002 0.7123609375 0.126646875 0.7169156250000001 0.1350484375 0.7314812500000001 0.15179375 0.7481234375 0.1768515625 0.760596875 0.193521875 0.7616296874999999 0.21640781250000002 0.7552421875 0.22681874999999999 0.7543249999999999 0.23513125 0.7501578125 0.24755312499999998 0.7337609375 0.25166093749999996 0.7215296875 0.251653125 0.7199687499999999 0.253715625 0.7154140625000001 0.25360312500000004 0.6919984375 0.24730781249999997 0.6822453125 0.23267500000000002 0.6719765625 0.22646875 0.68095625 0.2015515625 0.6981421875 0.189071875 0.7020515625 0.16825625 0.7054453125 0.155753125 0.7046718750000001 0.130725 0.698440625
0 0.0930296875 0.65709375 0.1055703125 0.6656734375 0.109640625 0.6456375000000001 0.13244375 0.622078125 0.1324359375 0.6205171875 0.1324140625 0.615834375 0.121934375 0.6027015625 0.10313593750000001 0.592175 0.08645 0.5880203125000001 0.06977968749999999 0.5869890625 0.0510484375 0.5905125 0.034421875000000005 0.598846875 0.013796875 0.6208640625 0.014421875 0.6489984375 0.0388125 0.6459359375 0.06590312499999999 0.6476124999999999 0.07632968749999999 0.64981875 0.0930296875 0.65709375
5 0.386834375 0.6721515625000001 0.391009375 0.6739703125000001 0.4097640625 0.67513125 0.42641093750000003 0.6714796875 0.4450984375 0.658590625 0.45752031249999997 0.6421921875 0.4575125 0.64063125 0.45743124999999996 0.6234609375 0.44694375 0.608765625 0.4344046875 0.6001875 0.4239703125 0.5964203125 0.4031328125 0.59513125 0.3802546875 0.6030796875 0.359490625 0.6174000000000001 0.35545781249999997 0.645240625 0.3617609375 0.6565546875 0.386834375 0.6721515625000001
5 0.4375984375 0.8329125 0.44383437499999995 0.8301765624999999 0.4688484375 0.8332859375 0.48347968750000003 0.8435546875 0.4939578125 0.8566874999999999 0.49812500000000004 0.8569453125000001 0.5043390624999999 0.8495265625 0.5084546875 0.8388578125 0.5084484375 0.837296875 0.5083656249999999 0.820125 0.49994843749999995 0.8024374999999999 0.48112656249999997 0.7872281250000001 0.4727765625 0.783590625 0.45193125 0.7807390625 0.44154218749999996 0.7863390625 0.43740468750000006 0.7923250000000001 0.429165625 0.8121031249999999 0.42510312499999997 0.8337 0.4375984375 0.8329125
5 0.52239375 0.7039484375 0.55368125 0.7121265625000001 0.5599484375 0.7156359375 0.5620234375 0.7142031249999999 0.5599328125 0.7125140625 0.549446875 0.6978203125 0.5389984375 0.69093125 0.5223046874999999 0.685215625 0.5098015625000001 0.6844421875 0.47863437500000006 0.701240625 0.47867812499999995 0.7106078124999999 0.48288281250000004 0.7186703125 0.489134375 0.7190578125 0.499509375 0.7103359375 0.52239375 0.7039484375
5 0.2538859375 0.75131875 0.2768609375 0.7636640625 0.285203125 0.7657406250000001 0.2997234375 0.7525937500000001 0.33715 0.73774375 0.33714218749999997 0.7361828125 0.32658906249999997 0.7074390625 0.3182171875 0.69911875 0.301509375 0.69028125 0.26399218750000003 0.6864 0.2556796875 0.6905671875 0.25580625 0.7171046875 0.24757500000000002 0.73844375 0.2434296875 0.74286875 0.24345937499999998 0.7491125000000001 0.2538859375 0.75131875
5 0.0913484375 0.7412609375 0.0996609375 0.73709375 0.11418124999999998 0.723946875 0.1141734375 0.7223859375 0.12037187499999999 0.7118453125 0.12027499999999999 0.6915515625 0.11816875 0.686740625 0.105584375 0.6687953125 0.0930375 0.6586546875 0.06799374999999999 0.649303125 0.036735937499999996 0.6473687499999999 0.014490624999999998 0.6520578125000001 0.0155875 0.7014140624999999 0.0558484375 0.723459375 0.0642140625 0.7302187499999999 0.0871796875 0.741003125 0.0913484375 0.7412609375
3 0.21926406250000002 0.4807546875 0.21303437500000003 0.4850515625 0.21513437500000002 0.488303125 0.244359375 0.5010343749999999 0.2632109375 0.5224890624999999 0.2674234375 0.5321140625 0.2696328125 0.5587796875000001 0.2780359375 0.5733453125 0.2780578125 0.578028125 0.28224062499999997 0.5814078125 0.2928234375 0.6163968750000001 0.307446875 0.6251046875 0.32626875 0.6403140625 0.3367546875 0.6550078125 0.345090625 0.6555234375000001 0.3513265625 0.6527890625 0.3532921875 0.627940625 0.35536875 0.6265078125 0.35536093750000003 0.624946875 0.35529375 0.6108984375000001 0.3468234375 0.5822828125 0.32998906250000004 0.546909375 0.311115625 0.520771875 0.2839375 0.5003625 0.2589234375 0.4972546875 0.2547640625 0.4985578125 0.242215625 0.48841718749999996 0.22759999999999997 0.48127031249999996 0.21926406250000002 0.4807546875
3 0.40412968749999995 0.8043125 0.3917234375 0.8238312499999999 0.379265625 0.832425 0.37513593749999996 0.839971875 0.37722656250000003 0.8416625 0.39598125 0.8428218749999999 0.41058281250000006 0.846846875 0.42095781250000003 0.838125 0.43532031250000003 0.7921968749999999 0.4415265625 0.7832171875 0.468528125 0.7661609375 0.474734375 0.75718125 0.4765625 0.7309593750000001 0.47462187499999997 0.733765625 0.4704546875 0.7335078125 0.46835625 0.7302562499999999 0.457921875 0.7264890625 0.4412515625 0.7254578125 0.4225203125 0.72898125 0.42051718749999994 0.7460234375 0.414303125 0.7534421874999999 0.40183749999999996 0.7604734375 0.401853125 0.7635953125 0.41024062499999997 0.7750390625 0.4103 0.7875265625 0.40616250000000004 0.7935140625 0.40412968749999995 0.8043125
4 0.2472109375 0.6619515625 0.2660609375 0.68340625 0.27023593749999997 0.685225 0.29940937500000003 0.6870296875 0.30150156250000004 0.6887203125 0.31608125 0.6880625 0.3285609375 0.6841515625000001 0.336821875 0.6690578125 0.3368140625 0.667496875 0.33676249999999996 0.65656875 0.324184375 0.640184375 0.3032796875 0.624846875 0.2949296875 0.6212078125 0.2845109375 0.6205640625 0.2637015625 0.62551875 0.25747343749999996 0.6298140625 0.2533875 0.646728125 0.2471796875 0.6557078125 0.2472109375 0.6619515625
4 0.33077968750000003 0.7123796875 0.3412953125 0.73331875 0.3413171875 0.7380015625 0.3454921875 0.7398203125 0.3621625 0.7408515625 0.385121875 0.750075 0.399746875 0.7587828125 0.41636562499999996 0.7488875 0.4184265625 0.7443328124999999 0.41841875 0.7427718750000001 0.42042812500000004 0.727290625 0.41831406250000003 0.7209171875 0.4036015625 0.6934765625 0.39524375 0.688278125 0.38899218750000003 0.6878921874999999 0.3806421875 0.684253125 0.37022343750000003 0.683609375 0.357734375 0.6859578125 0.339040625 0.6972859375 0.33077968750000003 0.7123796875
4 0.42940468750000005 0.86205625 0.44199687499999996 0.8815625 0.44835156249999997 0.9038046874999999 0.44840468749999995 0.91473125 0.45259375 0.9196734375 0.46715937500000004 0.9158921875000001 0.48790781250000004 0.8984484374999999 0.48789999999999994 0.8968875000000001 0.4941 0.8863468749999999 0.49397343749999995 0.859809375 0.48557812499999997 0.84680625 0.4709390625 0.834975 0.458421875 0.8310796874999999 0.44591875 0.8303062499999999 0.4230484375 0.839815625 0.4168265625 0.8456718750000001 0.4168484375 0.8503562499999999 0.42940468750000005 0.86205625
4 0.1957109375 0.7836125 0.206159375 0.7905015625 0.214546875 0.8019453125 0.2166671875 0.809878125 0.22503281249999998 0.8166390625 0.23339062500000002 0.8218375 0.2562671875 0.8138890625 0.277090625 0.81205625 0.2833203125 0.8077609375 0.2812296875 0.8060703124999999 0.28105 0.76860625 0.27268593750000003 0.7618453125 0.2601671875 0.75795 0.25598437500000004 0.7545703125000001 0.23930625 0.7519765625 0.2330625 0.7531515625 0.22475 0.75731875 0.203934375 0.7607125 0.193559375 0.769434375 0.1957109375 0.7836125
4 0.2167046875 0.817684375 0.2146140625 0.81599375 0.2124625 0.801815625 0.20616718750000002 0.7920625 0.19989218749999998 0.7869921875 0.1873671875 0.7815359374999999 0.17277343750000002 0.779071875 0.1561171875 0.7811625 0.1561328125 0.784284375 0.1874640625 0.8018296875 0.21255156249999999 0.8205484375 0.2167046875 0.817684375
