3 0.530221875 0.6047578125 0.505584375 0.634265625 0.4838796875 0.636628125 0.43105937499999997 0.6164453125 0.400128125 0.6210093750000001 0.35145 0.5924328125 0.3234234375 0.6178140625 0.3240953125 0.62823125 0.383828125 0.6587531249999999 0.398728125 0.6961015625 0.41723125000000005 0.7167203125 0.47954687500000004 0.7388671875 0.5328 0.7173359375 0.577178125 0.679234375 0.5951734375 0.6435546875 0.598134375 0.5684421875 0.5818921875 0.5102578125 0.5661578125 0.5083734375 0.530221875 0.6047578125
3 0.855159375 0.9468015624999999 0.8163234375 0.9014171875000001 0.8028515625000001 0.8619656250000001 0.76030625 0.7832625 0.731665625 0.7022953125 0.716684375 0.6878890625 0.7043390625 0.6901312500000001 0.7033171874999999 0.6984859375 0.7301578125 0.7273390625 0.7422046875 0.7688937499999999 0.7408328125 0.796021875 0.7237265625 0.8212640625000001 0.75484375 0.8438078125 0.7779453125 0.88730625 0.7838875 0.931025 0.7813578125 0.9644234375 0.821109375 0.9514046875 0.8592203125 0.9613484375000001 0.855159375 0.9468015624999999
1 0.3243109375 0.607375 0.345075 0.5904281250000001 0.36250312500000004 0.594378125 0.35478437500000004 0.5715359375 0.3301765625 0.55308125 0.2962609375 0.5597671875 0.27175781250000003 0.591359375 0.2723484375 0.62471875 0.3055921875 0.6076125 0.3243109375 0.607375
1 0.3919265625 0.6148578125 0.44835156249999997 0.6183109375 0.477103125 0.628371875 0.46656250000000005 0.5617734375000001 0.44623125 0.5370078125 0.4237203125 0.5268671875 0.3927890625 0.53143125 0.3751453125 0.5483374999999999 0.37025 0.5692546875 0.37213124999999997 0.5984265625 0.3919265625 0.6148578125
1 0.5864375 0.5081156250000001 0.6019265625 0.578821875 0.60149375 0.620534375 0.6111234375000001 0.6245828125 0.61566875 0.6224406250000001 0.61405625 0.5974359375 0.622959375 0.5660421875 0.6373484375 0.5470906249999999 0.66618125 0.5342109374999999 0.6537828125 0.5114296875 0.63920625 0.5032734375000001 0.596953125 0.501725 0.5864375 0.5081156250000001
1 0.6305671875 0.6597875 0.6159375 0.6266078125 0.60060625 0.6309734375 0.5792765625 0.68755 0.5998765625 0.7164828125 0.618865625 0.7204125 0.6544218749999999 0.6907656249999999 0.6305671875 0.6597875
1 0.27688437499999996 0.8644812500000001 0.2894171875 0.889346875 0.3051515625 0.89123125 0.3523 0.8718640625 0.3587546875 0.850928125 0.352865625 0.832234375 0.360021875 0.7737515625 0.33907031249999997 0.7635921875 0.3020359375 0.77031875 0.281540625 0.7914328125 0.2754875 0.8186203125 0.27688437499999996 0.8644812500000001
1 0.3786890625 0.748490625 0.360425 0.780003125 0.3543734375 0.8071906249999999 0.3568453125 0.8697203124999999 0.41426406250000003 0.912784375 0.4362375 0.914590625 0.45845624999999995 0.847575 0.4769875 0.8202296875 0.49205 0.811696875 0.49226562500000004 0.7908390625 0.4875328125 0.7658750000000001 0.47214999999999996 0.7452171875 0.4429953125 0.7289046875 0.4146484375 0.72509375 0.3786890625 0.748490625
1 0.7582640625 1.0 0.7769468749999999 0.96865 0.7825953125 0.9352124999999999 0.7784828125 0.8956421875 0.765278125 0.8603578125 0.7416921875 0.8335484375 0.7174859375 0.8213437499999999 0.683303125 0.8238625 0.6567015625 0.847140625 0.6473953125 0.8722828125 0.6461578125 0.9014953125 0.655621875 0.9514234374999999 0.68184375 0.9948828125 0.6940125 1.0 0.7582640625 1.0
1 0.9386046875 1.0 0.915915625 0.9689687499999999 0.9028984375 0.9607921875000001 0.8701390625000001 0.9612093749999999 0.8921421875 1.0 0.9386046875 1.0
2 0.8885578125 1.0 0.8657281250000001 0.9654359375 0.8400968750000001 0.955334375 0.787596875 0.9643437499999999 0.7632296875 0.9980203124999999 0.76261875 1.0 0.8885578125 1.0
5 0.616959375 0.6182531250000001 0.62650625 0.6452421875 0.644121875 0.6762984375000001 0.6589671874999999 0.688621875 0.7010859375 0.6880859375 0.7267453125000001 0.6502234375 0.719190625 0.5815015625 0.6868640625 0.5402046875 0.6434546875 0.544928125 0.6287953125 0.5597109375 0.616771875 0.5911453125 0.616959375 0.6182531250000001
5 0.74815625 0.57070625 0.7425359375 0.5561796875 0.7227421875 0.5397484375 0.68516875 0.538140625 0.719325 0.5835859375 0.74815625 0.57070625
5 0.8469078124999999 0.7946734375 0.8355328125 0.7635375 0.79594375 0.7306734374999999 0.7661703125 0.7289671875 0.7495484375 0.7375203124999999 0.754415625 0.76456875 0.800753125 0.8536515625 0.8126421875000001 0.8201328125 0.8469078124999999 0.7946734375
5 0.6574359375000001 1.0 0.66178125 0.9742843750000001 0.642634375 0.8952828125 0.609284375 0.8623406250000001 0.581475 0.866865625 0.5965078125 0.906296875 0.6019125 0.9416796875 0.600003125 0.960471875 0.584321875 0.9836109375 0.5802828124999999 1.0 0.6574359375000001 1.0
0 0.285984375 0.6182890624999999 0.26589375 0.6456546875 0.271403125 0.7310859375 0.2866515625 0.7496609375000001 0.3124171875 0.7618453125 0.3654546875 0.7611703125 0.382696875 0.7380125 0.3896359375 0.7003874999999999 0.384096875 0.6629203125 0.3226703125 0.6303359375 0.31901250000000003 0.622040625 0.3245796875 0.6115421875 0.30572656249999997 0.609696875 0.285984375 0.6182890624999999
0 0.5144078125 0.6258125 0.5272375 0.60688125 0.5490515625 0.533615625 0.5407140625 0.5253796875 0.4952078125 0.5217875000000001 0.48313125 0.528196875 0.47057031250000003 0.5512953125 0.4802234375 0.6283328125 0.496225 0.6343859375 0.5144078125 0.6258125
0 0.73061875 0.6376625 0.716415625 0.6837203125 0.7521312499999999 0.7291453125 0.8076171875 0.7180140625 0.8211999999999999 0.6865593750000001 0.8185125 0.6448859375 0.8029421875 0.5971203125 0.7847078125 0.58066875 0.7593453125 0.574734375 0.7345203125 0.5771359375 0.7211531250000001 0.5877328125 0.73061875 0.6376625
0 0.5744328125 0.7334890625 0.57069375 0.748134375 0.5866156250000001 0.7771281250000001 0.5913484375 0.8020921875000001 0.58846875 0.8542640625000001 0.615525 0.8622609375 0.6405359374999999 0.88696875 0.66756875 0.821978125 0.6531265625 0.8159046875 0.6357796875 0.789015625 0.6174390625 0.722515625 0.59248125 0.7228328125 0.5744328125 0.7334890625
0 0.5752265624999999 1.0 0.5983078125 0.9584078125 0.599278125 0.9250296875 0.5779515625 0.860653125 0.556059375 0.8359078125 0.5235171875 0.8154671875 0.4801078125 0.8201890625000001 0.458725 0.8517421875 0.4429625 0.897821875 0.44315 0.9249296875 0.453503125 0.9644203125 0.485303125 1.0 0.5752265624999999 1.0
0 0.4290234375 1.0 0.4315828125 0.9876375 0.4316640625 0.9646968749999999 0.4198859375 0.9273093749999999 0.399553125 0.9025437500000001 0.3588078125 0.8759515625000001 0.30983125 0.8911718750000001 0.2840375 0.9269515625 0.2805671875 0.9457640625 0.28660625 1.0 0.4290234375 1.0
4 0.49119062500000005 0.7741703125 0.499715625 0.8095140625000001 0.5330109375000001 0.8174312499999999 0.5776828125 0.8564859374999999 0.5850796875000001 0.8501359374999999 0.5914015625 0.8271171875000001 0.58701875 0.7833796875 0.5571390625 0.731625 0.5471078125 0.721325 0.532934375 0.7194203124999999 0.4928328125 0.7512109375 0.49119062500000005 0.7741703125
4 0.6236796874999999 0.7224375000000001 0.6240015624999999 0.751628125 0.6319874999999999 0.7786375 0.6462140625 0.8055656250000001 0.6610609375000001 0.8178890624999999 0.7157921875000001 0.8192796875000001 0.7337046875000001 0.8065390625 0.743146875 0.7834796875000001 0.7285984375 0.727359375 0.7197234375 0.7107890625 0.7000625 0.6964406249999999 0.6576765625000001 0.6928093750000001 0.6236796874999999 0.7224375000000001
4 0.8200390625 0.8137828125000001 0.8061875000000001 0.84106875 0.8059703125000001 0.8619265625000001 0.8212734375 0.9055249999999999 0.8515015625 0.93850625 0.862959375 0.946703125 0.8892093750000001 0.9421984374999999 0.9109953125000001 0.916896875 0.9129875000000001 0.8751640625 0.896259375 0.83366875 0.8794515625000001 0.8151140625 0.8534171875000001 0.7987609375 0.8410718749999999 0.801003125 0.8200390625 0.8137828125000001
