3 0.30285625 0.7461828125000001 0.31643750000000004 0.7630859375 0.31595 0.7708671875 0.31971875 0.777475 0.31299375 0.7846828125 0.3121171875 0.7986890625 0.3099390625 0.800053125 0.3087703125 0.818728125 0.31234375000000003 0.8284499999999999 0.32264375 0.8309640625 0.33066874999999996 0.8363984375 0.34740000000000004 0.8363734375 0.3500640625 0.8272281250000001 0.348278125 0.8223671875 0.3505515625 0.819446875 0.34857031250000003 0.8176984375 0.3491546875 0.8083609375 0.35133125 0.806996875 0.3552625 0.77761875 0.3622796875 0.7657437500000001 0.390578125 0.7480015625 0.39740000000000003 0.7392375 0.40243593750000006 0.7256140624999999 0.40627031249999995 0.69779375 0.408446875 0.696428125 0.407146875 0.6837875 0.40951875 0.679309375 0.4075375 0.6775609375 0.40652968749999996 0.6602515624999999 0.40276093749999997 0.65364375 0.4032484375 0.6458609375 0.396196875 0.6248640625 0.3791390625 0.5966843749999999 0.371309375 0.5881359374999999 0.3715046875 0.5850234375000001 0.3399890625 0.5539468750000001 0.3116578125 0.538815625 0.2931390625 0.5339796875 0.28709531250000003 0.5302921875 0.2704609375 0.5287609375 0.2684796875 0.5270125 0.22471562500000003 0.524546875 0.20986875 0.527875 0.194728125 0.535871875 0.19463124999999998 0.537428125 0.1924546875 0.53879375 0.1919671875 0.546575 0.20970624999999998 0.5638609375 0.2561671875 0.5900531250000001 0.2679609375 0.602096875 0.28144375 0.62055625 0.294440625 0.6467968749999999 0.30110156250000003 0.6740203124999999 0.2975921875 0.7300453124999999 0.30285625 0.7461828125000001
3 0.6320765625 1.0 0.635065625 0.9849578125 0.631490625 0.9752375000000001 0.6256421875 0.9684375 0.6116718750000001 0.957759375 0.570475 0.947703125 0.5294734375 0.9345359375 0.4788546875 0.9079609375000001 0.436746875 0.8790390625000001 0.3752109375 0.8264140624999999 0.355003125 0.8151609375 0.3529234375 0.81496875 0.3505515625 0.819446875 0.3504546875 0.8210031250000001 0.3518515625 0.8320874999999999 0.3494796875 0.8365656250000001 0.34304687500000003 0.839103125 0.3305703125 0.8379546875000001 0.3183875 0.8321359375 0.31215000000000004 0.8315625000000001 0.312571875 0.858209375 0.3213125 0.8856249999999999 0.32885 0.8988406250000001 0.3502609375 0.924290625 0.38405 0.952446875 0.42219375000000003 0.9778734375000001 0.4323953125 0.9819437499999999 0.45854999999999996 0.998440625 0.462759375 1.0 0.6320765625 1.0
3 0.5462984375 0.632428125 0.557865625 0.614709375 0.5606265625 0.6040078125 0.5694312499999999 0.5969921874999999 0.5886328125 0.590934375 0.5951625 0.586840625 0.6020828125000001 0.5765203125 0.6026671875 0.5671828125 0.596721875 0.561940625 0.5761234375 0.5569124999999999 0.5397031250000001 0.570775 0.512671875 0.5682859375 0.5020796875 0.570440625 0.49555 0.5745359375 0.4893109375 0.5739609375 0.4808 0.5763078125 0.46851875 0.5720453125 0.45652968749999995 0.563115625 0.4277109375 0.555765625 0.41760624999999996 0.5501390625 0.4017515625 0.53615625 0.3923296875 0.5196359375 0.38609218749999996 0.5190625 0.3772875 0.5260765625 0.3723484375 0.5381437499999999 0.3722515625 0.5397000000000001 0.37189375 0.5787984374999999 0.377353125 0.5918234375 0.3964890625 0.6201953125 0.41858281249999996 0.6347515625 0.4431453125 0.643275 0.4824578125 0.6500265625 0.4844390625 0.651775 0.5117625 0.6495953125 0.5332390625000001 0.640615625 0.5462984375 0.632428125
2 0.49054374999999995 0.4206796875 0.50448125 0.398484375 0.507925 0.3768890625 0.5045468750000001 0.36405625 0.49889374999999997 0.35414375 0.475403125 0.3285015625 0.46935937499999997 0.3248140625 0.4237125 0.3190453125 0.40243124999999996 0.3249109375 0.3762125 0.34284375 0.367115625 0.35452812499999997 0.3595125 0.3757421875 0.359415625 0.37729843750000003 0.36013125 0.3992765625 0.3714375 0.4191015625 0.3853109375 0.4313359375 0.395415625 0.43696250000000003 0.4117578125 0.4431640625 0.43462968750000003 0.44527031250000004 0.44512343750000005 0.44467187499999994 0.464325 0.4386140625 0.47728906249999997 0.43198125000000004 0.49054374999999995 0.4206796875
5 0.2807296875 0.698753125 0.29141875 0.6950421875 0.29577343749999996 0.6923125 0.296259375 0.68453125 0.2984375 0.683165625 0.2964546875 0.68141875 0.29583750000000003 0.6578828125 0.29057343750000003 0.6417453125 0.2736140625 0.612009375 0.26191718750000004 0.598409375 0.2537953125 0.59453125 0.23261250000000003 0.598840625 0.2021375 0.617946875 0.2020390625 0.6195046875 0.19768593750000002 0.6222328125 0.1929421875 0.6311875 0.19167499999999998 0.6514203125 0.1950546875 0.664253125 0.202690625 0.6759125 0.214484375 0.6879562499999999 0.241028125 0.6982265625 0.2659796875 0.7005250000000001 0.27449218750000004 0.698178125 0.2807296875 0.698753125
5 0.259546875 0.7030624999999999 0.2470703125 0.7019140625 0.224490625 0.6951390625 0.20447656250000001 0.6807734375 0.192975 0.6640609375000001 0.189790625 0.648115625 0.1908625 0.630996875 0.18888125 0.6292484375 0.1738390625 0.6356890625 0.16019375 0.653215625 0.1600953125 0.654771875 0.15882968749999998 0.675003125 0.16230625 0.6862812500000001 0.167959375 0.6961921875 0.18381406250000001 0.710175 0.2021375 0.7181234375 0.212534375 0.71908125 0.21451718749999998 0.7208281249999999 0.239565625 0.7215703125 0.2502546875 0.717859375 0.259546875 0.7030624999999999
0 0.2964875 0.7142906250000001 0.29450625 0.71254375 0.2966828125 0.711178125 0.29320625 0.6999015625 0.28696875 0.6993265625 0.26370625 0.7034453125 0.25717500000000004 0.707540625 0.2501578125 0.719415625 0.25006093749999997 0.720971875 0.249378125 0.731865625 0.264453125 0.7582984374999999 0.2763453125 0.768784375 0.2926875 0.7749859375 0.3072421875 0.7763265625 0.3114984375 0.775153125 0.3123765625 0.761146875 0.3025640625 0.7508515625000001 0.2952203125 0.7345234375 0.2964875 0.7142906250000001
0 0.283425 0.5221281249999999 0.287290625 0.5271796875 0.311853125 0.5357031250000001 0.3306640625 0.5358703125 0.33501875000000003 0.5331406249999999 0.3518484375 0.5315609375 0.3818359375 0.520234375 0.3885609375 0.5130281250000001 0.3867734375 0.5081671875 0.3882359375 0.48482343749999995 0.39535 0.47139218749999995 0.3961296875 0.45894218750000004 0.3865125 0.445534375 0.37046250000000003 0.4346640625 0.36659687500000004 0.4296125 0.3624375 0.4292296875 0.3544125 0.42379531249999997 0.3419375 0.4226453125 0.32916875 0.426165625 0.3166921875 0.425015625 0.2976859375 0.42796093749999997 0.278875 0.42779375000000003 0.2681859375 0.43150468750000004 0.257009375 0.4429984375 0.2569125 0.4445546875 0.2523640625 0.45039687500000003 0.2495046875 0.4626546875 0.2514859375 0.464403125 0.25080468749999996 0.475296875 0.2544765625 0.4834609375 0.2540859375 0.4896859375 0.2616234375 0.502903125 0.2695515625 0.50989375 0.2733203125 0.5165015625 0.283425 0.5221281249999999
1 0.5205656249999999 0.542403125 0.536778125 0.5172875 0.5381421875 0.4955 0.5312875 0.471390625 0.5176078125 0.45604218750000003 0.5114687499999999 0.45391250000000005 0.505521875 0.44866875000000006 0.501265625 0.4498421875 0.4705640625 0.43918749999999995 0.44710625000000004 0.44641875000000003 0.4303734375 0.44644375 0.41542812500000004 0.451328125 0.3950578125 0.47606093749999995 0.3920046875 0.49143125000000004 0.389828125 0.49279687499999997 0.3897296875 0.49435312500000006 0.39064062499999996 0.5132203125 0.3979828125 0.5295484375 0.40383125 0.5363484374999999 0.42572968749999995 0.5540171875000001 0.45672499999999994 0.5600031249999999 0.4589015625 0.5586375 0.48187187500000006 0.5591875 0.4946390625 0.5556687499999999 0.505328125 0.5519578125 0.5205656249999999 0.542403125
1 0.6325234375 0.42436562499999997 0.6337906249999999 0.4041328125 0.6259609375 0.39558593750000004 0.6098125 0.3862734375 0.561078125 0.3630015625 0.55068125 0.36204375 0.5487 0.3602953125 0.5252421875 0.36752656250000004 0.51218125 0.375715625 0.5064640625 0.4002328125 0.501915625 0.40607499999999996 0.50181875 0.40763125 0.49856875 0.426115625 0.5100703125 0.44282656249999997 0.5179984375 0.4498171875 0.5362250000000001 0.4593234375 0.5630609375 0.46492500000000003 0.5652390625 0.463559375 0.575634375 0.4645171875 0.5947390625 0.46001562500000004 0.6142328125 0.4492890625 0.6325234375 0.42436562499999997
1 0.5577375 0.7837453125 0.5640734375 0.7827625 0.5752484375 0.7712703125 0.5971140625 0.7560671875 0.5994859375 0.7515890625 0.600753125 0.7313578125 0.5917203125 0.7086125 0.587659375 0.7066734375 0.5780421875 0.693265625 0.5699203125000001 0.6893875 0.566053125 0.6843343749999999 0.5397046875 0.6709515625 0.525246875 0.6680546875 0.5171234375 0.6641765625 0.4857390625 0.664415625 0.47079375 0.6693 0.45990937499999995 0.6761250000000001 0.4369734375 0.708446875 0.436875 0.710003125 0.4316453125 0.7267390625 0.43362656250000003 0.7284875000000001 0.432359375 0.74871875 0.43612812500000003 0.7553265625 0.4480203125 0.7658140625 0.46813125 0.778621875 0.49873593749999995 0.7908328124999999 0.53200625 0.793896875 0.5468531249999999 0.79056875 0.5577375 0.7837453125
0 0.4899640625 0.830721875 0.4885671875 0.8196359375 0.4976640625 0.8079515625000001 0.49844375 0.7955015624999999 0.482296875 0.7861875 0.4659546875 0.7799875000000001 0.41978593750000004 0.7491265625 0.40523125000000004 0.7477859375 0.38820625 0.752478125 0.3642625 0.767490625 0.35951875 0.7764453125 0.3594203125 0.7780015625 0.35607500000000003 0.7980421875 0.3538984375 0.79940625 0.3552953125 0.8104921875000001 0.40126875 0.844465625 0.41910468749999996 0.8601953124999999 0.42722812499999996 0.864075 0.44603906249999997 0.8642421875 0.45663125000000004 0.8620859375000001 0.46533749999999996 0.856628125 0.4899640625 0.830721875
1 0.60358125 0.886578125 0.5977328125 0.879778125 0.58753125 0.8757078125 0.56573125 0.8564828125 0.55640625 0.83840625 0.548478125 0.8314140625 0.5423375 0.829284375 0.5215453125 0.82736875 0.5003609375 0.831678125 0.482946875 0.8425968749999999 0.46959375000000003 0.8554546875 0.4626734375 0.8657734375 0.46257656249999995 0.8673296875000001 0.45913281250000004 0.8889265625 0.4629984375 0.893978125 0.5133265625 0.9252218750000001 0.5603703125 0.9420781249999999 0.5686890625000001 0.94284375 0.5772 0.940496875 0.594809375 0.926465625 0.5954921875 0.915571875 0.602996875 0.895915625 0.60358125 0.886578125
1 0.7356203125 0.9488265625000001 0.7359125 0.9441578125 0.734028125 0.940853125 0.72986875 0.9404703124999999 0.72135625 0.9428171875 0.6818500000000001 0.939178125 0.66956875 0.9349171875 0.6291515624999999 0.9124109375 0.6151796875 0.9017328125 0.6114109375 0.895125 0.60488125 0.89921875 0.602509375 0.903696875 0.6024125 0.905253125 0.5989687499999999 0.92685 0.6061171875 0.9462906249999999 0.6118671875 0.9546468750000001 0.63188125 0.9690125 0.643675 0.9810546875 0.6683343749999999 0.9880218749999999 0.68496875 0.9895531249999999 0.69971875 0.9877812499999999 0.7218765625 0.967909375 0.7356203125 0.9488265625000001
1 0.6902640625 0.9383874999999999 0.692246875 0.9401359375 0.719375 0.94106875 0.7385765625 0.9350109375000001 0.764503125 0.921746875 0.7646984375 0.9186343750000001 0.77558125 0.9118109375 0.7757765625 0.9086984375 0.7891296875 0.895840625 0.7960499999999999 0.885521875 0.7972187500000001 0.866846875 0.7939375 0.85245625 0.7899734375 0.8489609375 0.780746875 0.829328125 0.7648906249999999 0.8153453125000001 0.73448125 0.8000234374999999 0.7119 0.7932484375 0.7097234375 0.7946125 0.7077421875 0.7928640625 0.6807109375 0.7903749999999999 0.6575453125 0.7929375000000001 0.63389375 0.8032812500000001 0.6184609375 0.8159468750000001 0.6092671875 0.8291875 0.6087796875 0.8369687499999999 0.606603125 0.8383328125 0.6065046875 0.8398890625 0.6052375 0.8601218749999999 0.6072203125 0.86186875 0.6079343749999999 0.8838484375 0.6171625 0.9034812499999999 0.6291515624999999 0.9124109375 0.6414328125 0.9166734375000001 0.6452984374999999 0.921725 0.6697640625 0.9318046875 0.6777890625 0.9372390625 0.6902640625 0.9383874999999999
1 0.744096875 0.7132546875 0.7792171875 0.68675 0.7952343749999999 0.664746875 0.798775 0.64159375 0.7763578125 0.5988328125 0.7704109375 0.5935890625 0.7277203125 0.5740046875 0.698609375 0.5713234375 0.6797 0.5727125 0.6456515625 0.5820984375 0.62170625 0.5971109375 0.6082562499999999 0.611525 0.6012390625 0.6234 0.601140625 0.62495625 0.5982828125 0.637215625 0.6002640625 0.6389625 0.5996796875 0.6483015625 0.6167374999999999 0.6764812499999999 0.6444828125 0.70095 0.6645953125 0.713759375 0.68291875 0.7217078124999999 0.7078703125 0.72400625 0.7290546875 0.7196953125000001 0.744096875 0.7132546875
1 0.8185 0.8609796875000001 0.8294812500000001 0.8526 0.8565765624999999 0.820659375 0.8595328125 0.8068453124999999 0.8498187500000001 0.7949937499999999 0.841696875 0.791115625 0.8169390625 0.7857046875 0.790590625 0.7723203125 0.77265625 0.758146875 0.7582953125 0.7536937499999999 0.7517640625 0.7577875 0.7447468749999999 0.7696640625 0.7296078125000001 0.7776609375 0.7229796875 0.7833109375 0.722784375 0.7864234375 0.7162546875 0.79051875 0.7183328125 0.7907093749999999 0.7304203125 0.798084375 0.7549812499999999 0.8066078125 0.7708375000000001 0.8205890625000001 0.778959375 0.8244671875 0.79819375 0.8512828125 0.8022546875 0.8532234375 0.8040421875 0.8580828125 0.8099875000000001 0.8633265625 0.814340625 0.860596875 0.8185 0.8609796875000001
0 0.6252828125 0.807184375 0.6405203125 0.7976296875 0.6533875 0.7925546875 0.6557578125 0.7880765625 0.6252500000000001 0.7743109375 0.613359375 0.7638234374999999 0.60770625 0.7539109374999999 0.6035468749999999 0.753528125 0.57723125 0.7730187500000001 0.5659578125 0.7860671875 0.5550734375 0.792890625 0.5549765625 0.794446875 0.5517265625000001 0.8129312499999999 0.5537093750000001 0.814678125 0.553221875 0.8224609375 0.5566015625 0.83529375 0.565925 0.8533703125000001 0.5897078125 0.8743437500000001 0.6040687499999999 0.8787968749999999 0.6021515625 0.84261875 0.609559375 0.82451875 0.6252828125 0.807184375
0 0.7050421874999999 0.5687859375000001 0.7216765625 0.5703171874999999 0.7301890625 0.567971875 0.7345421875 0.5652421875 0.7439328125 0.5488890625 0.749065625 0.533709375 0.7498453125 0.521259375 0.7461734375 0.5130953125 0.7465625 0.5068703125 0.7426 0.5033734375 0.739025 0.49365312499999997 0.7251515625 0.48141875 0.705040625 0.46860937500000005 0.68265625 0.458721875 0.6639421875 0.45699843749999997 0.6322640625 0.46190781249999996 0.612965625 0.46952187500000003 0.5890203125 0.4845328125 0.573296875 0.5018687500000001 0.5681625 0.5170484375 0.568065625 0.5186046875 0.5707625000000001 0.5423312499999999 0.57631875 0.5538000000000001 0.59058125 0.559809375 0.5988984375 0.5605749999999999 0.6105953125 0.574175 0.6187171874999999 0.5780531250000001 0.6393156249999999 0.58308125 0.6436703125000001 0.5803515625 0.6797984375 0.57115625 0.7050421874999999 0.5687859375000001
0 0.8816906250000001 0.786971875 0.8925750000000001 0.7801484375000001 0.9373765625000001 0.732621875 0.9380593749999999 0.721728125 0.9309109375 0.7022859375 0.9152515625 0.6851921875 0.9071281250000001 0.6813125 0.8780187500000001 0.67863125 0.8760359375 0.676884375 0.8429625 0.6707078125 0.8084906249999999 0.6534453124999999 0.80433125 0.6530625 0.7948453125 0.670971875 0.779021875 0.6898625 0.7547859375 0.70954375 0.7546875 0.7111 0.75400625 0.72199375 0.7593671875 0.736575 0.770771875 0.7548421875 0.798809375 0.77464375 0.823275 0.784721875 0.8399093750000001 0.7862546874999999 0.8418906249999999 0.788003125 0.8440687499999999 0.7866375 0.866940625 0.78874375 0.8816906250000001 0.786971875
4 0.7532265625 0.73444375 0.74549375 0.724340625 0.7394499999999999 0.720653125 0.72450625 0.7255375 0.7140109375 0.7261359374999999 0.6807421875 0.723071875 0.670540625 0.719003125 0.63428125 0.6968796875 0.625671875 0.7007828125 0.607478125 0.7241515625 0.60738125 0.7257078124999999 0.6079984375 0.7492421874999999 0.619403125 0.7675109375 0.6477328124999999 0.7826421875 0.6643687500000001 0.7841750000000001 0.6875328125 0.7816125 0.6918875 0.7788828125 0.7363328124999999 0.7704546875 0.7428625 0.7663593750000001 0.7497828125 0.756040625 0.7532265625 0.73444375
5 0.871975 0.6749453125 0.9177203125 0.6791578125 0.9261359375 0.6783671874999999 0.9495921875000001 0.6711375 0.9604765625 0.6643125000000001 0.9825375 0.645996875 0.9872796875000001 0.6370421875 0.9939078125 0.6313921875 0.9962796875000001 0.6269140625 0.998228125 0.5957890625 0.9886109375000001 0.58238125 0.98880625 0.57926875 0.9809765625000001 0.5707203125 0.9527421875 0.5540328125 0.9039109375000001 0.5323187500000001 0.8726234375 0.5310015625 0.8365921875 0.538640625 0.8084890625 0.55326875 0.7950390625 0.5676828125 0.794940625 0.5692390625 0.7903921875 0.57508125 0.787240625 0.5920093750000001 0.7850640624999999 0.5933734375 0.7862671875 0.607571875 0.7896453125 0.6204046875 0.801146875 0.6371171875 0.8028375000000001 0.6435328124999999 0.816709375 0.6557671875 0.8389984374999999 0.6672125 0.871975 0.6749453125
2 0.8537140624999999 0.532390625 0.8916296875 0.52805625 0.887665625 0.5245609375 0.8431875 0.5001156250000001 0.8328875 0.49760312500000003 0.8268453125 0.49391562499999997 0.8143687500000001 0.492765625 0.780221875 0.503709375 0.7671609375 0.5118968749999999 0.76014375 0.5237734374999999 0.7591703125 0.5393359375 0.7569921875000001 0.5407 0.7587796875 0.5455609375 0.756603125 0.546925 0.7585843750000001 0.5486734375 0.7578046875 0.5611234375 0.7651484375 0.5774515625000001 0.779021875 0.5896859375 0.7831796875 0.5900703125 0.7859421875 0.5793671875 0.792959375 0.5674921875 0.8019578125000001 0.5573640625 0.8172937499999999 0.5462546875000001 0.8324328124999999 0.5382578125 0.8537140624999999 0.532390625
