2 0.8853515625 0.3241375 0.8911031250000001 0.3128046875 0.890190625 0.2925359375 0.8769296875 0.2762234375 0.8661734375 0.2691265625 0.8409859375 0.266128125 0.8305796875 0.266828125 0.8140703125 0.2710640625 0.7977015625 0.2784203125 0.777590625 0.29540937500000003 0.7659453125 0.31495937500000004 0.766015625 0.31651875 0.7647765625 0.3353671875 0.766928125 0.3367875 0.7672796875000001 0.3445828125 0.776025 0.353378125 0.7867828125 0.360475 0.7952484375 0.3630328125 0.8286906249999999 0.3639140625 0.8533843750000001 0.3559984375 0.8754359375 0.3357515625 0.8853515625 0.3241375
2 0.8503140625000001 0.1951265625 0.8464328125 0.20164374999999998 0.8493562499999999 0.22021406250000003 0.8603249999999999 0.2319875 0.8774671875 0.24178281250000003 0.9036109375000001 0.2196953125 0.9034000000000001 0.21501874999999998 0.8564890625 0.1931484375 0.8522562499999999 0.19186875 0.85024375 0.19356875 0.8503140625000001 0.1951265625
2 0.56468125 0.0641890625 0.55455625 0.07112500000000001 0.5468625 0.0857171875 0.5472140624999999 0.0935125 0.545203125 0.0952125 0.5452734375 0.096771875 0.5528515625 0.125975 0.5682625 0.14370624999999998 0.5833234375 0.153640625 0.6001140625 0.155640625 0.6167640624999999 0.154521875 0.643540625 0.1464671875 0.657546875 0.133015625 0.664959375 0.1121875 0.649828125 0.1006921875 0.56468125 0.0641890625
1 0.554496875 0.347934375 0.5705859375 0.3343421875 0.5723859375 0.327965625 0.56593125 0.3237078125 0.544978125 0.3219875 0.52790625 0.31375156249999997 0.5216624999999999 0.314171875 0.5093859375 0.3196875 0.4912859375 0.334978125 0.4836625 0.3511296875 0.4837328125 0.3526890625 0.486796875 0.3743765625 0.4997765625 0.3844515625 0.5082421874999999 0.38701093750000004 0.52288125 0.38759062499999997 0.5355796875000001 0.39142968749999996 0.5439046875 0.39087031250000004 0.545775 0.386053125 0.5436234375 0.3846328125 0.54278125 0.3659234375 0.554496875 0.347934375
1 0.5306640625 0.28228906249999997 0.5225500000000001 0.28752656249999997 0.5226203125 0.289084375 0.5208203124999999 0.2954609375 0.52554375 0.3076546875 0.536371875 0.3163109375 0.5469890625 0.3202890625 0.574115625 0.3200296875 0.5903453125 0.30955625000000003 0.58999375 0.3017609375 0.5763125 0.27609374999999997 0.555709375 0.2821703125 0.5306640625 0.28228906249999997
1 0.7114296875 0.21697031249999998 0.7121078125 0.18564843749999999 0.707453125 0.1750140625 0.6710875 0.1555625 0.6439609374999999 0.155821875 0.633625 0.15808125 0.621278125 0.1620375 0.6071296875 0.172371875 0.5936140625 0.1967375 0.5920953124999999 0.20935156250000003 0.5881421875 0.21430781250000003 0.5882125 0.2158671875 0.5887046875 0.22678125 0.60189375 0.241534375 0.6125812500000001 0.2470703125 0.6273609375 0.25076875 0.6399890625 0.2530484375 0.656640625 0.2519296875 0.6833453125 0.24231562499999998 0.6975640624999999 0.233540625 0.7055374999999999 0.2251859375 0.7114296875 0.21697031249999998
1 0.7285921875 0.13449687500000002 0.7221375 0.1302390625 0.671203125 0.1117671875 0.66718125 0.11516562500000001 0.6654515625 0.1231015625 0.665521875 0.12465937499999999 0.6641421875 0.140390625 0.6709484375 0.15244531249999999 0.6903109374999999 0.16521875 0.70939375 0.17175625 0.7301359374999999 0.1687984375 0.7465765625 0.1630015625 0.762734375 0.15096875 0.7625953125 0.14784999999999998 0.743371875 0.1381953125 0.7285921875 0.13449687500000002
1 0.8274515625 0.3827640625 0.8172546875 0.388140625 0.800675 0.39081875 0.77958125 0.3859796875 0.7559859375 0.3719265625 0.7468874999999999 0.3553359375 0.742725 0.355615625 0.7284375 0.36283125 0.722403125 0.367928125 0.7224734374999999 0.3694875 0.7204625 0.3711859375 0.7210953124999999 0.38521875 0.730121875 0.4002515625 0.7429609375 0.4072078125 0.7535078125 0.4096265625 0.78846875 0.39789375 0.8176765625 0.3974953125 0.823709375 0.3923984375 0.8234999999999999 0.3877203125 0.8274515625 0.3827640625
1 0.8131625 0.3899796875 0.8255812499999999 0.38758125 0.8497828125 0.3687515625 0.8514437499999999 0.3592578125 0.84311875 0.35981718749999997 0.837015625 0.3633546875 0.8266781249999999 0.3656125 0.812109375 0.3665921875 0.7910859375 0.36331250000000004 0.7674203125 0.3477015625 0.762765625 0.33706718750000003 0.7637437499999999 0.31999062500000003 0.755959375 0.32501250000000004 0.750278125 0.33790624999999996 0.7503484375 0.339465625 0.749109375 0.3583140625 0.7538343750000001 0.3705078125 0.7625093749999999 0.37774375 0.76265 0.3808625 0.7668125 0.38058281250000003 0.7817328125 0.3874 0.7858953125 0.3871203125 0.7945015625 0.392796875 0.8048375 0.3905390625 0.8091406250000001 0.39337656249999997 0.8131625 0.3899796875
1 0.86156875 0.352321875 0.853525 0.3591171875 0.8537359375 0.3637953125 0.8477015625 0.3688921875 0.847771875 0.3704515625 0.839728125 0.377246875 0.8421609374999999 0.384903125 0.859303125 0.3946984375 0.8824078125 0.3978375 0.913275 0.38794375 0.9293640625 0.3743515625 0.8957828125 0.370353125 0.8743375 0.35771875 0.8677421875 0.3503421875 0.86156875 0.352321875
0 0.8502296875 0.425021875 0.8412734374999999 0.41154843750000003 0.8262124999999999 0.40161406250000004 0.8177468749999999 0.3990546875 0.7927015625 0.3991734375 0.76384375 0.40736875 0.7516375 0.41444375000000006 0.73978125 0.429315625 0.7398515625 0.430875 0.7406234375 0.448025 0.754165625 0.47057343749999997 0.764921875 0.4776703125 0.7882374999999999 0.4854859375 0.79864375 0.48478750000000004 0.8294421875 0.47333437500000003 0.8475421875 0.45804375 0.85294375 0.4389140625 0.8507921875 0.43749374999999996 0.8502296875 0.425021875
0 0.516025 0.28170937500000004 0.5210046875 0.253225 0.5188531249999999 0.2518046875 0.518503125 0.244009375 0.50975625 0.23521406250000002 0.4845 0.23065625 0.480196875 0.2278171875 0.45709218749999997 0.224678125 0.4447453125 0.2286359375 0.4367 0.23543124999999998 0.41895156250000004 0.25851875 0.419021875 0.260078125 0.41348124999999997 0.2760890625 0.41563125 0.2775078125 0.4161234375 0.288421875 0.4205671875 0.294378125 0.43986093750000005 0.30559375 0.4566515625 0.3075921875 0.4715015625 0.31284999999999996 0.4880109375 0.3086125 0.5082625000000001 0.2947421875 0.516025 0.28170937500000004
0 0.61646875 0.3797390625 0.6175921875 0.404684375 0.652975 0.4023078125 0.6518515625 0.3773609375 0.61646875 0.3797390625
0 0.687884375 0.296746875 0.6685203125 0.283971875 0.6567359374999999 0.300403125 0.6425875 0.3107375 0.623996875 0.3151140625 0.6072062500000001 0.3131140625 0.6008218750000001 0.310415625 0.6008921875000001 0.311975 0.6009625 0.31353437500000003 0.603253125 0.318071875 0.6140109375 0.32516875 0.6395484375 0.3359625 0.64794375 0.3369625 0.6602203125 0.33144687500000003 0.66368125 0.315575 0.6675625000000001 0.309059375 0.6756078125 0.3022625 0.6879546875 0.2983046875 0.687884375 0.296746875
0 0.868184375 0.267428125 0.8719953125 0.25935312499999996 0.8696328125000001 0.25325625 0.8715031249999999 0.2484390625 0.8625468749999999 0.23496562499999998 0.84519375 0.22049375000000002 0.8197265625 0.21125781250000003 0.8030765625 0.21237656249999998 0.780534375 0.2217109375 0.7701984375 0.22396875 0.7620828125 0.22920625 0.7503671875 0.24719531250000001 0.7467671874999999 0.25994843749999996 0.7468375 0.2615078125 0.7449671875 0.26632500000000003 0.7460203125 0.2897125 0.7526843750000001 0.298646875 0.767675 0.3070234375 0.7734984375 0.2972484375 0.79763125 0.2768609375 0.8099078125 0.27134375 0.8305093749999999 0.26526875 0.8429984375 0.2644296875 0.868184375 0.267428125
0 0.9618671875 0.3080484375 0.9348109375 0.3098671875 0.9243328125 0.3090078125 0.9074031250000001 0.30388906250000003 0.8945640625 0.29693281250000003 0.8913140625 0.31748125 0.8695437500000001 0.343965625 0.8696140625 0.34552499999999997 0.8698234375 0.350203125 0.8807921875 0.3619765625 0.8999453125000001 0.3700734375 0.9167359375 0.372071875 0.9333859375 0.370953125 0.9519078125 0.3650171875 0.9681359374999999 0.35454375 0.9878953125000001 0.32975781249999997 0.98663125 0.30169375 0.9618671875 0.3080484375
5 0.61408125 0.326728125 0.6098484375 0.3254484375 0.5911171875 0.32670625000000003 0.5746781249999999 0.332503125 0.5565781249999999 0.34779375 0.5448625 0.365784375 0.5449328125 0.3673421875 0.5457046875 0.38449374999999997 0.55674375 0.39782656250000004 0.5695828125 0.4047828125 0.5801296875 0.40720156249999995 0.6009421875000001 0.405803125 0.623415625 0.3949109375 0.643525 0.3779203125 0.646425 0.3495765625 0.6396890625 0.33908125 0.61408125 0.326728125
5 0.5570390625 0.172609375 0.5509359375 0.1761484375 0.5258890625 0.1762671875 0.5109 0.16789062500000002 0.49993125000000005 0.1561171875 0.49576875 0.156396875 0.4898765625 0.1646125 0.4862046875 0.17580625 0.486275 0.177365625 0.487046875 0.194515625 0.49614531250000005 0.21110625 0.5155078125 0.22388124999999998 0.5239734375 0.22643906249999998 0.5448578125 0.2266 0.5549828125 0.2196640625 0.5588640625 0.21314843749999998 0.5662765624999999 0.19232031249999998 0.56945625 0.17021250000000002 0.5570390625 0.172609375
5 0.4777453125 0.31243125 0.4462453125 0.3082921875 0.43986093750000005 0.30559375 0.4378484375 0.3072921875 0.44000000000000006 0.3087109375 0.45103906250000003 0.3220453125 0.4617265625 0.32758125 0.4785875 0.331140625 0.49107500000000004 0.3303015625 0.5214515625 0.30949375 0.5210296875 0.3001390625 0.5165171875000001 0.29262343749999997 0.5102734375 0.2930421875 0.5002875 0.303096875 0.4777453125 0.31243125
5 0.7433515625 0.2304640625 0.719965625 0.22108906250000002 0.7115703124999999 0.2200890625 0.697634375 0.2351 0.6609421875 0.25476875 0.6610125 0.256328125 0.6726828125 0.28369218749999997 0.681359375 0.2909296875 0.6983609375000001 0.29760624999999996 0.73589375 0.2966484375 0.744009375 0.29141093749999997 0.742815625 0.26490625 0.7501578125 0.24251874999999998 0.754109375 0.23756093749999999 0.753828125 0.231325 0.7433515625 0.2304640625
5 0.9417765625 0.23277031250000002 0.9331703125 0.2270921875 0.9098546875 0.2192765625 0.9056921875 0.21955624999999998 0.8975781250000001 0.2247921875 0.883640625 0.2398046875 0.8837109375000001 0.2413625 0.8779578125 0.252696875 0.878871875 0.272965625 0.8811625 0.277503125 0.8944234375000001 0.2938140625 0.9073328125 0.3023296875 0.9326593750000001 0.3084484375 0.9638781249999999 0.30635 0.9864906250000001 0.298575 0.9843140625 0.2502421875 0.9417765625 0.23277031250000002
3 0.7887296874999999 0.49640000000000006 0.7947625 0.49130312500000006 0.792540625 0.488325 0.7629109374999999 0.47936875 0.7432671875 0.4603578125 0.7386828125 0.4512828125 0.7354078125 0.4249171875 0.7264515625 0.4114453125 0.726240625 0.4067671875 0.7219375 0.403928125 0.7099859375 0.37032656249999996 0.695065625 0.36350937499999997 0.675703125 0.3507359375 0.6646640625 0.33740312499999997 0.6563390625000001 0.3379625 0.6502359375 0.3415 0.649278125 0.3665859375 0.6472671875 0.3682859375 0.6473375 0.36984531249999997 0.64796875 0.3838765625 0.6575578125 0.41138281250000003 0.6757531250000001 0.4445640625 0.6956078125 0.46825312500000005 0.7235078125000001 0.48514375000000004 0.748553125 0.485025 0.7526453125 0.48318593749999994 0.7655546875 0.4917015625 0.7804046875 0.496959375 0.7887296874999999 0.49640000000000006
3 0.5915328125 0.196878125 0.6031078125 0.1757703125 0.615175 0.1655765625 0.6189859375 0.1575 0.616834375 0.15608125 0.598103125 0.15733906250000002 0.58339375 0.1552 0.5734078125 0.1652546875 0.5609453125 0.21300781249999998 0.5551234375 0.22278281249999998 0.528909375 0.2433109375 0.5230859375 0.253084375 0.5223203125 0.27952656249999996 0.5241390625 0.27647187500000003 0.5283015625 0.2761921875 0.5305234375000001 0.2791703125 0.5410703125 0.28158906250000004 0.557721875 0.2804703125 0.5762421875 0.274534375 0.5775515625 0.25724375 0.58344375 0.24902968749999999 0.5955796875 0.24039375000000002 0.595440625 0.2372765625 0.5866234375 0.226921875 0.5860609375 0.21444843750000003 0.58994375 0.20793124999999998 0.5915328125 0.196878125
4 0.7535984375 0.318915625 0.733953125 0.29990625 0.7297203125 0.2986265625 0.7005828125 0.300584375 0.69843125 0.299165625 0.6839328124999999 0.301703125 0.6716546875 0.30722031250000004 0.6640328125 0.3233703125 0.664103125 0.3249296875 0.66459375 0.33584375 0.677784375 0.35059687500000003 0.699228125 0.3632296875 0.70769375 0.3657890625 0.7181015625 0.3650890625 0.7386328125 0.3574546875 0.744665625 0.3523578125 0.74805625 0.3349265625 0.7538781250000001 0.32515312500000004 0.7535984375 0.318915625
4 0.6683109375 0.2792953125 0.6569906249999999 0.259725 0.6567796875 0.2550484375 0.652546875 0.25376875 0.635896875 0.2548875 0.6126515625 0.24862968749999997 0.59773125 0.24181406249999998 0.5815734375 0.25384687499999997 0.579703125 0.25866406249999996 0.5797734375 0.2602234375 0.57839375 0.27595468749999996 0.5807562500000001 0.2820515625 0.59651875 0.307578125 0.6050546875 0.31169531250000004 0.6112984375 0.3112765625 0.6197640625 0.313834375 0.6301703125 0.3131359375 0.6425171875 0.30917812499999997 0.6606875 0.295446875 0.6683109375 0.2792953125
4 0.5640296874999999 0.14242656250000002 0.5507 0.12455625 0.543471875 0.1031484375 0.54298125 0.09223437500000001 0.5386078125 0.0878359375 0.52425 0.0934921875 0.5042796875 0.11359999999999999 0.50435 0.115159375 0.49859687499999994 0.12649375000000002 0.499790625 0.1529984375 0.508678125 0.1649125 0.5237375 0.1748484375 0.536365625 0.1771265625 0.5488546875 0.17628749999999999 0.57125625 0.1638359375 0.5772203124999999 0.1571796875 0.577009375 0.1525015625 0.5640296874999999 0.14242656250000002
4 0.8000125 0.1906875 0.789325 0.1851515625 0.7805093750000001 0.17479687500000002 0.7780765625 0.167140625 0.7694703125 0.1614625 0.7609343749999999 0.1573453125 0.7384625 0.1682390625 0.7177890625 0.1727546875 0.71175625 0.1778515625 0.7139078125 0.179271875 0.7155921875 0.21669062499999997 0.7241984375 0.22236875 0.7368265625 0.224646875 0.7411296875 0.2274859375 0.75785 0.22792656249999999 0.7640234375 0.225946875 0.7721390625 0.22071093749999998 0.792740625 0.21463437500000002 0.8027265625 0.20458125 0.8000125 0.1906875
4 0.777725 0.1593453125 0.7798765624999999 0.1607640625 0.782590625 0.17465625 0.7892546874999999 0.1835921875 0.795709375 0.18785000000000002 0.8084078124999999 0.1916875 0.823046875 0.19226875000000002 0.8395578125000001 0.18803125 0.8394171874999999 0.18491249999999998 0.8074953125000001 0.17141875 0.781746875 0.15594687499999998 0.777725 0.1593453125
