2 0.4180484375 0.6658359375 0.4350109375 0.68195 0.46864531249999997 0.6740203124999999 0.4751625 0.6750093749999999 0.48065781249999995 0.669828125 0.48529062500000003 0.6690265625 0.5029828125 0.6511546874999999 0.5201515624999999 0.639721875 0.5265109375 0.6301578125 0.5258765624999999 0.5879421875 0.5142515624999999 0.5560921875 0.5041453125 0.543025 0.48186875 0.523596875 0.468153125 0.5175015625 0.46043124999999996 0.5188359375 0.450484375 0.5163234375 0.44928125 0.5186468750000001 0.43847031249999996 0.520515625 0.4267984375 0.526765625 0.41580625 0.5371312500000001 0.4096296875 0.5381984375 0.40910624999999995 0.5446375 0.40515468749999994 0.549553125 0.39895468749999996 0.5696718749999999 0.3961828125 0.5913140625 0.401290625 0.622175 0.4180484375 0.6658359375
0 0.35235 0.662378125 0.3727421875 0.680015625 0.3796 0.6830625 0.395225 0.6718968750000001 0.41529999999999995 0.6684265625 0.41650468749999997 0.666103125 0.410690625 0.6501765625 0.404015625 0.638634375 0.3942984375 0.5895234375 0.3982734375 0.56555625 0.40756249999999994 0.5449046875 0.40688124999999997 0.540790625 0.396253125 0.5341625 0.3804703125 0.5347734375 0.37858593749999997 0.5329828125 0.377040625 0.53325 0.35730625 0.538778125 0.34872187499999996 0.54449375 0.3423625 0.5540578125 0.3402953125 0.5607640625 0.3411359375 0.5754328125 0.3382046875 0.5865203125 0.339884375 0.6158578125 0.3381578125 0.624621875 0.3441296875 0.6511015625 0.35235 0.662378125
0 0.7173953125 0.3918859375 0.733859375 0.3953890625 0.7475765625 0.401484375 0.755115625 0.4086453125 0.765403125 0.41321562500000003 0.767809375 0.4085671875 0.7727828125 0.409825 0.77553125 0.40723281250000004 0.789453125 0.3857796875 0.8074859375000001 0.36996562499999996 0.811959375 0.3586109375 0.8105968750000001 0.35038125 0.8131875000000001 0.33723593749999997 0.8113015625 0.3354453125 0.804990625 0.306909375 0.79231875 0.2879359375 0.7693609375 0.26439375 0.753759375 0.256509375 0.74226875 0.2542625 0.7407250000000001 0.2545296875 0.7194453125 0.2603234375 0.7093171875000001 0.26630625 0.7026171875 0.2738140625 0.6929875 0.2924078125 0.688853125 0.30582031249999997 0.685559375 0.3339015625 0.6915312499999999 0.36038125 0.696321875 0.370134375 0.7042015625 0.379353125 0.7173953125 0.3918859375
0 0.43108281249999997 0.667815625 0.3430609375 0.6830296875 0.35736406249999997 0.769440625 0.44538593750000005 0.7542265625 0.43108281249999997 0.667815625
5 0.46846249999999995 0.6825171875 0.468121875 0.6804593750000001 0.4338078125 0.684275 0.43260468750000003 0.6865984375 0.4159578125 0.6915921875000001 0.3823015625 0.7185718750000001 0.37353437500000003 0.7327859375 0.3692421875 0.73564375 0.36958281249999997 0.7377015625000001 0.3596125 0.7542375 0.360634375 0.7604109375 0.35822656249999996 0.765059375 0.361996875 0.768640625 0.3632 0.7663156250000001 0.37092187499999996 0.7649812500000001 0.4339421875 0.713878125 0.4461390625 0.7011890625 0.45626718750000006 0.69520625 0.46846249999999995 0.6825171875
0 0.5885109374999999 0.572884375 0.5720468750000001 0.56938125 0.5705015625 0.5696484374999999 0.54425 0.5741859375 0.5282843749999999 0.5832937499999999 0.5279203125 0.6002875000000001 0.5299640625 0.61263125 0.5282375 0.6213953125 0.5296000000000001 0.629625 0.5326875 0.629090625 0.5898734375 0.5811140625 0.5907359375000001 0.57673125 0.5885109374999999 0.572884375
0 0.6326609375000001 0.522928125 0.631115625 0.52319375 0.6179218750000001 0.5106609375 0.6086796875 0.4932125 0.6071359375000001 0.4934796875 0.5947578124999999 0.5146640625 0.5961203125 0.5228937499999999 0.606565625 0.53801875 0.6201234375 0.5335593750000001 0.6271640625 0.528109375 0.6379734375 0.5262421875000001 0.6326609375000001 0.522928125
5 0.5719593749999999 0.501675 0.5879 0.5116171875 0.5940765625 0.5105500000000001 0.604046875 0.4940125 0.6042296875 0.485515625 0.6023453125 0.483725 0.5975765625 0.454921875 0.6006890625 0.4353375 0.615475 0.40950312499999997 0.604346875 0.3902640625 0.5908140625 0.37567343750000004 0.5721234374999999 0.368321875 0.5705796875 0.3685890625 0.55668125 0.3709921875 0.5422609375 0.3798328125 0.534015625 0.38760625000000004 0.525590625 0.4038765625 0.52281875 0.42551875 0.5275859374999999 0.45432187500000004 0.53853125 0.4820578125 0.5505203125 0.496915625 0.5577203125 0.5020203125 0.5719593749999999 0.501675
5 0.641403125 0.527765625 0.6201234375 0.5335593750000001 0.60604375 0.5444578124999999 0.5941890625 0.5592046875000001 0.5897140624999999 0.570559375 0.593825 0.5761984375 0.6000015624999999 0.5751296875 0.653575 0.5341265625 0.6528937499999999 0.5300109375 0.642946875 0.5274984375 0.641403125 0.527765625
5 0.6890765625 0.4031296875 0.6909609375 0.4049203125 0.7002265624999999 0.40331875000000006 0.7103546875 0.39733593749999996 0.7180765625000001 0.3960015625 0.698546875 0.37398125000000004 0.68978125 0.38819375 0.6883953125 0.399015625 0.6902796875 0.40080625000000003 0.6890765625 0.4031296875
5 0.8100515625 0.37587187499999997 0.8085078125 0.3761375 0.8007859375 0.3774734375 0.783434375 0.39740156249999997 0.7717375 0.42270312499999996 0.7743046875 0.4286078125 0.7773921875 0.4280734375 0.7926765625 0.4148515625 0.7940625 0.4040296875 0.801284375 0.390084375 0.8107328125000001 0.3799859375 0.8100515625 0.37587187499999997
3 0.7203015625 0.3998484375 0.732134375 0.404153125 0.746871875 0.41641874999999995 0.75681875 0.41893281250000003 0.7520265625 0.4091796875 0.746371875 0.40380781250000003 0.7376296875 0.39897031250000003 0.72459375 0.39699062500000004 0.72305 0.39725781250000003 0.7203015625 0.3998484375
3 0.4127171875 0.537665625 0.42130156249999995 0.5319484375 0.4264578125 0.524709375 0.4365859375 0.518725 0.46781249999999996 0.51544375 0.4868421875 0.524853125 0.507915625 0.5466046875 0.5128890625 0.5478625 0.530421875 0.5194359375000001 0.554971875 0.5046109375000001 0.5440031249999999 0.49592656249999995 0.5172515625 0.487853125 0.5157078125 0.48811875000000005 0.5007875 0.48434999999999995 0.47728281250000004 0.48629531249999997 0.4753984375 0.48450468750000003 0.43679218750000004 0.49117812499999997 0.4177375 0.5008203124999999 0.40554218750000004 0.513509375 0.39677656250000004 0.5277234375 0.39745625 0.5318375 0.40122656250000005 0.53541875 0.4127171875 0.537665625
2 0.8330562499999999 0.36131406250000003 0.823609375 0.3714109375 0.8119359375 0.3776609375 0.7964703125 0.39938125 0.7968109375 0.4014390625 0.79388125 0.41252656249999997 0.795765625 0.4143171875 0.8009203125000001 0.4070765625 0.81105 0.40109374999999997 0.81345625 0.3964453125 0.8208375 0.393053125 0.859990625 0.360890625 0.8682343749999999 0.3531171875 0.867553125 0.3490015625 0.8330562499999999 0.36131406250000003
1 0.6896390625000001 0.5024968750000001 0.692728125 0.5019640625 0.7131671875000001 0.48150000000000004 0.7342875 0.4651515625 0.74923125 0.44987187500000003 0.7566125 0.4464796875 0.7688078125 0.433790625 0.7681265625 0.42967500000000003 0.7643578125 0.42609531250000005 0.7453265625000001 0.41668593749999994 0.7287046875 0.4026296875 0.7203015625 0.3998484375 0.7187578125 0.40011562500000003 0.7079484375 0.40198437499999995 0.68735 0.41189375000000006 0.6699984375 0.4318234375 0.6567578125 0.45739062500000005 0.6512390625 0.4816234375 0.6506921875 0.5071125000000001 0.6556421875 0.5274203125 0.66181875 0.526353125 0.6817359374999999 0.512328125 0.6896390625000001 0.5024968750000001
1 0.6487671875000001 0.399515625 0.6717484375 0.40400937499999995 0.6839203125 0.4103703125 0.68666875 0.407778125 0.68530625 0.39954999999999996 0.6712734375 0.37234687499999997 0.6577390624999999 0.35775625 0.6352796875 0.346825 0.6337359375 0.34709218750000004 0.617953125 0.347703125 0.612115625 0.350828125 0.5932203125 0.371025 0.5923578125 0.37540625 0.5945828125 0.3792546875 0.6100015625 0.3956359375 0.61479375 0.4053890625 0.6231953125 0.40816875 0.6364124999999999 0.4016515625 0.6487671875000001 0.399515625
4 0.5670734375 0.568125 0.5689578125 0.5699140625 0.5878296875 0.56876875 0.5962562499999999 0.5524984374999999 0.6005484375 0.549640625 0.6041593749999999 0.5426671875 0.60468125 0.5362281249999999 0.5942359374999999 0.521103125 0.5791578125 0.5067796875 0.5692109375000001 0.5042671875 0.567665625 0.504534375 0.5568562499999999 0.5064015625 0.549815625 0.5118515625 0.5436390624999999 0.51291875 0.5280140624999999 0.5240843749999999 0.5144328125000001 0.5475953125 0.5161359375 0.5578828125 0.527603125 0.5791796875 0.54425 0.5741859375 0.545453125 0.5718609375 0.5670734375 0.568125
4 0.6481265625 0.5012078125 0.6505578125 0.4775078125 0.6564171875 0.4553328125 0.6748140625 0.422525 0.6818546875 0.41707656249999997 0.6811734375 0.4129609375 0.67551875 0.407590625 0.6491078124999999 0.4015734375 0.6475640625 0.401840625 0.618903125 0.4110265625 0.612203125 0.418534375 0.603778125 0.43480468749999995 0.5994625 0.45671249999999997 0.6057734375 0.48525 0.6216921875 0.5142421875000001 0.6307750000000001 0.5211375 0.648784375 0.5243734375 0.6505109375 0.515609375 0.6481265625 0.5012078125
4 0.8696203125 0.3422953125 0.8547 0.3385265625 0.85315625 0.3387921875 0.8299921875 0.342796875 0.8202031249999999 0.3508375 0.8124593750000001 0.371221875 0.813140625 0.3753375 0.816228125 0.374803125 0.8342609375000001 0.35898906249999996 0.8419812500000001 0.3576546875 0.850565625 0.3519375 0.867553125 0.3490015625 0.8696203125 0.3422953125
