5 0.47431406249999997 0.8240500000000001 0.48633437500000004 0.811503125 0.49496406249999997 0.7922015625000001 0.49608125000000003 0.7829078125 0.4898375 0.74743125 0.47308281250000006 0.729428125 0.44975 0.7136859375 0.43508125 0.71328125 0.38772656250000004 0.73995 0.3753140625 0.738275 0.3593234375 0.73139375 0.3425875 0.730709375 0.33544999999999997 0.7376171874999999 0.32493906250000004 0.755090625 0.32475312500000003 0.7566390625 0.323653125 0.783253125 0.33873125000000004 0.8151984375 0.34814218750000003 0.8243406249999999 0.3637609375 0.8343187500000001 0.3863296875 0.8389390625 0.38821249999999996 0.8407671875 0.4088984375 0.8435578125 0.4365375 0.8409906250000001 0.4517640625 0.8367484375 0.47431406249999997 0.8240500000000001
5 0.4729109375 0.3988125 0.4798625 0.3934546875 0.49452968750000004 0.393859375 0.5011078125 0.3915984375 0.5093828125 0.392715625 0.530815625 0.38930937499999996 0.5464140625 0.3819703125 0.5490421875 0.3776015625 0.5625718749999999 0.36998125000000004 0.5680140625 0.35969687499999997 0.5725234375 0.35715625 0.5753375000000001 0.35123906250000003 0.5786921875 0.32335625 0.5730265625000001 0.30055156250000004 0.5587125000000001 0.2797296875 0.5436546875 0.265103125 0.504703125 0.23938125000000002 0.4945453125 0.23643593749999997 0.492290625 0.23770625 0.475740625 0.2354734375 0.4415234375 0.2403015625 0.41953281249999996 0.248353125 0.40093281249999996 0.2631609375 0.400746875 0.26470937499999997 0.3962359375 0.26725 0.38798125 0.2834515625 0.3840671875 0.31598281250000004 0.3897328125 0.3387875 0.4002828125 0.355953125 0.41910625 0.3742359375 0.45710625 0.3903828125 0.46331249999999996 0.3912203125 0.466890625 0.39642656249999997 0.4729109375 0.3988125
2 0.405953125 0.728240625 0.40858125 0.723871875 0.4332 0.7114515625 0.4386421875 0.7011671875000001 0.4341125 0.6863875 0.4248875 0.6756968750000001 0.4182890625 0.6606390625 0.40526093750000003 0.611653125 0.4018703125 0.6048984374999999 0.3903890625 0.595478125 0.37214375 0.5898671875 0.36988906250000003 0.5911375 0.35127031249999996 0.5886250000000001 0.3426234375 0.59060625 0.3281421875 0.5886515625000001 0.29657187500000004 0.60643125 0.280990625 0.631090625 0.2808046875 0.632640625 0.27933281249999997 0.662353125 0.2840484375 0.6755828125 0.3000578125 0.6997828125 0.31888125 0.718065625 0.33468593750000003 0.7264953125 0.359509375 0.7298453125 0.37963749999999996 0.737284375 0.38584375 0.7381203125 0.394490625 0.7361390625 0.405953125 0.728240625
2 0.6110156250000001 0.8236046874999999 0.5931234375 0.7975765625 0.593496875 0.7944796875 0.5865265625 0.78251875 0.5917625 0.7564625 0.590625 0.7484390624999999 0.5962531249999999 0.7366046875000001 0.6007640624999999 0.7340640625 0.6131578125 0.7184203124999999 0.613903125 0.7122234375 0.6101375 0.7085671875 0.600353125 0.7025234375 0.5836171875 0.7018390625 0.5661359375 0.7073515625 0.528359375 0.72429375 0.5033484374999999 0.7224921875 0.496396875 0.7278515624999999 0.4962109375 0.7294015625 0.4937890625 0.7495390625 0.49965937499999996 0.7881140624999999 0.5083265625 0.8034515624999999 0.5196203125000001 0.8144203125 0.5294046875 0.8204640624999999 0.54765 0.826075 0.56515 0.83788125 0.5754937499999999 0.8392765624999999 0.5905343750000001 0.8365843749999999 0.6110156250000001 0.8236046874999999
0 0.391003125 0.46804687500000003 0.3861015625 0.456365625 0.38608125000000004 0.439046875 0.3842 0.43721718750000005 0.3903875 0.42073593750000005 0.3952703125 0.41509843750000003 0.396015625 0.4089015625 0.39225 0.40524531250000007 0.3414640625 0.39052031249999997 0.329053125 0.3888453125 0.307228125 0.3780296875 0.297071875 0.375084375 0.2664328125 0.38511875 0.252715625 0.3942875 0.2431375 0.40401406250000005 0.24295 0.4055625 0.2380671875 0.41120156249999995 0.2367625 0.4220453125 0.247890625 0.45188281249999995 0.2608796875 0.4662296875 0.280634375 0.47676718749999997 0.3150578125 0.487709375 0.34834375 0.4906265625 0.369775 0.487221875 0.3880015625 0.47551249999999995 0.391003125 0.46804687500000003
3 0.477253125 0.4151421875 0.47950781249999996 0.413871875 0.4939890625 0.415825 0.5319703125 0.4146546875 0.5372078124999999 0.3885984375 0.5330703125 0.38804062500000003 0.504871875 0.3952546875 0.48588125 0.395840625 0.44883125 0.3892671875 0.430771875 0.38210625 0.4151546875 0.37212812500000003 0.394634375 0.35046875 0.38295 0.325278125 0.36131250000000004 0.31291250000000004 0.3325359375 0.3074546875 0.317496875 0.3101484375 0.3048984375 0.310021875 0.2981328125 0.3138328125 0.297946875 0.31538125 0.2956921875 0.31665156250000004 0.29364218750000004 0.333690625 0.2955234375 0.33552031250000003 0.2963078125 0.3639609375 0.305346875 0.37620156250000003 0.3313078125 0.387575 0.3580140625 0.3927546875 0.3986421875 0.4045328125 0.407103125 0.4041015625 0.477253125 0.4151421875
3 0.6930703125 0.5434421875 0.75105 0.6032171875000001 0.7551875 0.603775 0.767003125 0.5754578125 0.77676875 0.5641828125 0.7927390625 0.55374375 0.7932984375000001 0.549096875 0.787259375 0.529390625 0.7881921875 0.5216453125 0.7846140625 0.5164390625 0.7808296875 0.49546406249999997 0.7698890625 0.4640765625 0.7532640625 0.392565625 0.7495 0.388909375 0.7431078125 0.389621875 0.7162140625 0.3859921875 0.7060578125 0.383046875 0.6981546875 0.3788328125 0.6898796875000001 0.377715625 0.6823515625 0.370403125 0.6740765625 0.3692859375 0.6641046875 0.36479218750000003 0.65678125 0.37324999999999997 0.65585 0.38099531249999996 0.65359375 0.3822640625 0.6534078125 0.3838140625 0.64649375 0.4238109375 0.6483765625 0.4256390625 0.6466999999999999 0.43958125 0.64858125 0.441409375 0.6487875 0.45717968750000004 0.6612375 0.49349375 0.67348125 0.5140374999999999 0.673109375 0.517134375 0.691559375 0.5385156249999999 0.6930703125 0.5434421875
1 0.6813984375000001 0.18608750000000002 0.6923 0.1828359375 0.6936046874999999 0.1719921875 0.6811734375 0.1529984375 0.665928125 0.1399203125 0.642409375 0.1257265625 0.6121234375 0.11534375 0.59350625 0.11283125000000001 0.563984375 0.1135703125 0.5553375 0.11555156250000001 0.537296875 0.1257109375 0.5196484375 0.1500921875 0.5151375 0.15263125 0.4978625 0.17391406250000002 0.497303125 0.1785609375 0.4897921875 0.1885671875 0.48960625 0.1901171875 0.48943906249999997 0.2089859375 0.4941546875 0.22221562499999997 0.518625 0.2459828125 0.5558796874999999 0.26832656250000003 0.584096875 0.27843125 0.5985765625 0.2803859375 0.602490625 0.2478546875 0.6176984375 0.22629375000000002 0.6340421875 0.21275624999999998 0.6813984375000001 0.18608750000000002
1 0.45129374999999994 0.578509375 0.49246249999999997 0.568321875 0.5035515625 0.563521875 0.5108765625 0.5550640625 0.5089937499999999 0.5532359375 0.509925 0.545490625 0.5050234375 0.5338093749999999 0.4907296875 0.53030625 0.48433593750000004 0.5310171875 0.464209375 0.523578125 0.44708125 0.5086734374999999 0.43502343750000005 0.48658124999999997 0.4246796875 0.48518437499999995 0.3947859375 0.489021875 0.3660296875 0.5008843749999999 0.3568234375 0.5075125 0.344615625 0.5216078125 0.3389875 0.53344375 0.3388015625 0.5349921875 0.33900625 0.5507625 0.3497421875 0.5663796875 0.3523890625 0.5793296875 0.3559671875 0.5845359375 0.38869375 0.5921000000000001 0.3945265625 0.5960359375000001 0.41070312500000006 0.6013671875 0.42367499999999997 0.5983953125 0.4377640625 0.586128125 0.45129374999999994 0.578509375
1 0.44342812499999995 0.434190625 0.47499843750000004 0.41641093749999997 0.42121250000000005 0.409153125 0.4193296875 0.407325 0.40898593749999995 0.4059296875 0.4024078125 0.40819062500000003 0.389640625 0.42693281250000004 0.3894546875 0.42848125000000004 0.38835625 0.4550953125 0.4006 0.4756390625 0.40812968749999995 0.4829515625 0.43107187500000005 0.4844734375 0.43388593750000004 0.47855625 0.42861093749999996 0.46997343750000004 0.42972968749999996 0.460678125 0.43198437500000003 0.459409375 0.436103125 0.44264843750000005 0.44342812499999995 0.434190625
0 0.5614015625000001 0.6768015625 0.548225 0.6640046875000001 0.54106875 0.65359375 0.534471875 0.638534375 0.5359625 0.6261421875 0.5340796875 0.6243140625 0.5365015625 0.604175 0.5423171875 0.5907921875000001 0.53685625 0.5837578125 0.5210515625000001 0.575328125 0.48983437500000004 0.572690625 0.466334375 0.5758156249999999 0.4511078125 0.5800578125 0.428184375 0.59585625 0.41767343749999997 0.613328125 0.4174875 0.6148765625 0.41827031249999996 0.6433187499999999 0.427515625 0.6713296875 0.457259375 0.7036796875 0.47889687500000006 0.7160453125 0.513878125 0.7223390625 0.516134375 0.7210687499999999 0.5285453125 0.72274375 0.583990625 0.698740625 0.584921875 0.6909953125 0.5614015625000001 0.6768015625
4 0.4869265625 0.4920109375 0.4880453125 0.482715625 0.4837015625 0.4663875 0.484634375 0.4586421875 0.4945859375 0.4458171875 0.5103703125 0.43692656249999995 0.5342453125 0.43070312499999996 0.537059375 0.4247859375 0.527275 0.41874374999999997 0.5148625 0.41706875 0.504146875 0.41877031249999996 0.4812046875 0.41724843749999996 0.47255624999999996 0.41923125 0.44324062499999994 0.4357390625 0.43573125 0.4457453125 0.4344265625 0.4565890625 0.4291703125 0.46532656250000004 0.42898437500000003 0.46687500000000004 0.44424843750000004 0.49727187500000003 0.44387499999999996 0.50036875 0.4566796875 0.5162656250000001 0.47850312500000003 0.52708125 0.507465625 0.530990625 0.5117890625 0.5299984375 0.5162984374999999 0.5274593750000001 0.516671875 0.5243609375 0.497475 0.5091765625 0.4869265625 0.4920109375
4 0.659765625 0.52320625 0.6672765625 0.5132 0.6661390625 0.505175 0.6623734375 0.50151875 0.6525703125 0.47815624999999995 0.6469046875 0.45535156250000003 0.6333562500000001 0.4456515625 0.5949828125 0.432603125 0.5680890625 0.4289734375 0.55098125 0.43138750000000003 0.5363140625 0.43098281250000003 0.5101843749999999 0.4384765625 0.4944 0.44736562500000004 0.48707500000000004 0.4558234375 0.48688906249999997 0.45737187500000004 0.485584375 0.468215625 0.48974062500000004 0.48609375000000005 0.48880937500000005 0.49383906250000004 0.49766093749999996 0.507628125 0.522878125 0.5251984375000001 0.54695625 0.5347453125 0.59435 0.5427140625 0.6052531250000001 0.5394625 0.634959375 0.537175 0.659765625 0.52320625
5 0.5223187499999999 0.5298453125 0.5221328125 0.5313953125 0.5197093749999999 0.5515328125 0.5281890625 0.5684203125 0.5409937499999999 0.584315625 0.5473859375 0.5836046875 0.56259375 0.5620421875 0.5853296875 0.5477937500000001 0.585703125 0.544696875 0.5447015625 0.5360140624999999 0.5328484375 0.5296921875 0.5223187499999999 0.5298453125
0 0.6571546875000001 0.3701515625 0.6580859375 0.36240625 0.6328703124999999 0.34483437499999997 0.6140656250000001 0.343871875 0.5813578125000001 0.3536265625 0.5670828125 0.3674421875 0.5667093750000001 0.37054062499999996 0.54153125 0.3876078125 0.5413453125000001 0.38915625 0.5378046875 0.4185890625 0.5408234375000001 0.42844218749999996 0.5829421875 0.42782968749999994 0.6134140625 0.43666406249999995 0.621315625 0.4408796875 0.629590625 0.4419953125 0.635425 0.44593125 0.6437 0.4470484375 0.6487125 0.387903125 0.6571546875000001 0.3701515625
0 0.7352046875 0.38540625 0.7370875 0.387234375 0.7393421874999999 0.3859640625 0.7496859375 0.3873609375 0.7492953124999999 0.3731390625 0.7428828125 0.35653125 0.7423046875 0.34385937499999997 0.7360796875 0.325703125 0.7339921875 0.30810468750000003 0.724934375 0.27854531250000003 0.7256796875 0.27235 0.7151125 0.2378640625 0.704340625 0.187609375 0.6941828125 0.1846640625 0.6721921875 0.192715625 0.6406203125000001 0.21049531250000003 0.622021875 0.22530156250000002 0.6071875 0.24376562499999999 0.6012046875 0.27601718750000004 0.6030875 0.2778453125 0.6008328125 0.279115625 0.6027140625 0.28094375 0.606684375 0.3003703125 0.61346875 0.3138796875 0.6332421874999999 0.34173593750000003 0.6486734375000001 0.3532640625 0.6642921875 0.36324375 0.6744484374999999 0.3661875 0.6821640625 0.3719515625 0.694390625 0.3751765625 0.7002234374999999 0.3791109375 0.7352046875 0.38540625
4 0.6550171875 0.8248203125 0.639771875 0.81174375 0.6228125 0.7779703125 0.6235578125 0.7717734375 0.6203515625 0.76346875 0.622028125 0.749528125 0.633284375 0.725859375 0.64005 0.7220484375 0.6383546875 0.718671875 0.6157843749999999 0.7140515625 0.6079015625 0.72715625 0.5958812499999999 0.7397015625 0.5917625 0.7564625 0.5930859374999999 0.7629390625 0.58764375 0.7732234375 0.5874578125000001 0.7747734375 0.5885953125000001 0.7827984375 0.598584375 0.8046109375 0.613084375 0.8238843749999999 0.6209859375 0.8281000000000001 0.6433687499999999 0.83426875 0.651084375 0.8400328125 0.6697031250000001 0.8425453125000001 0.6760953125 0.8418328125000001 0.67646875 0.8387343749999999 0.6550171875 0.8248203125
1 0.6558359375 0.713159375 0.658090625 0.7118890625 0.672571875 0.71384375 0.6832874999999999 0.712140625 0.690053125 0.70833125 0.6953078125000001 0.6995953125 0.7092109375 0.6888765625 0.74491875 0.6716562500000001 0.7533609375 0.6539046875000001 0.7550390625000001 0.6399625 0.7516468749999999 0.6332078125 0.7512546875 0.6189859375 0.7465390625 0.60575625 0.7171671875000001 0.5703078125000001 0.695903125 0.5548437500000001 0.6614796875 0.5439015625 0.64079375 0.5411109374999999 0.6197328125 0.5414171875 0.5962328125 0.5445421875 0.5646625000000001 0.5623218750000001 0.5592203125 0.5726078125 0.5472 0.5851531249999999 0.541384375 0.5985375000000001 0.5411984375000001 0.6000859375 0.5369125 0.635715625 0.5485984375 0.66090625 0.5655390625 0.6773609375 0.5811578125 0.6873390625 0.595265625 0.6923921875 0.6050500000000001 0.6984343749999999 0.6392859375 0.7109265625 0.641540625 0.70965625 0.6434234375 0.7114843750000001 0.6558359375 0.713159375
1 0.6790390625 0.7824093750000001 0.6754421875000001 0.7598843750000001 0.67711875 0.7459421875000001 0.6752374999999999 0.7441140625 0.6763546875 0.73481875 0.6840515625 0.7232640625 0.682728125 0.7167875 0.646815625 0.7182390625 0.635540625 0.7245890625 0.6349812499999999 0.7292359375 0.62784375 0.73614375 0.6248421875 0.7436109375 0.6246562499999999 0.745159375 0.622234375 0.7652984375 0.6246937499999999 0.7797984375 0.6401453125 0.8086453125 0.6533203125 0.8214421875 0.6649875 0.8293140625 0.696596875 0.8461734375000001 0.721234375 0.851071875 0.7296953125 0.8506406249999999 0.69279375 0.807878125 0.6790390625 0.7824093750000001
4 0.8271078125000001 0.6874703125 0.8278531250000001 0.6812734375 0.8220015625 0.66001875 0.818421875 0.6548125 0.8176578125 0.643690625 0.8086 0.61413125 0.8093453125 0.6079343749999999 0.7944359375000001 0.5571203125 0.7788359375 0.5644609375 0.7692578125 0.5741890625 0.7574421874999999 0.6025046875 0.75725625 0.6040546875 0.7536968749999999 0.6161671875 0.755578125 0.6179953125 0.7544609375 0.627290625 0.7627546875 0.6457265624999999 0.7667046875 0.647834375 0.770096875 0.6545890625 0.7889203124999999 0.6728703125 0.7990781250000001 0.675815625 0.818646875 0.6879015625 0.8271078125000001 0.6874703125
2 0.8308937500000001 0.8831875 0.8387953125 0.8874015625 0.8530906249999999 0.8909046875 0.865875 0.8894828125 0.8726406250000001 0.8856718750000001 0.8741312499999999 0.8732796875 0.86695625 0.8455484375 0.866378125 0.8328765625000001 0.85845625 0.8113421875 0.8592015625 0.8051468749999999 0.8544875 0.791915625 0.853721875 0.7807937500000001 0.8488203125 0.7691125000000001 0.849565625 0.762915625 0.8433406250000001 0.744759375 0.8439 0.7401109375 0.8388125000000001 0.7299796875 0.8320093749999999 0.6991515625 0.8263624999999999 0.6936656250000001 0.8222250000000001 0.6931078125 0.7926859375 0.676528125 0.7678609375 0.673178125 0.746615625 0.6750328125 0.729134375 0.6805453124999999 0.7018875 0.697334375 0.6846109375 0.7186171875 0.6836796875 0.7263625 0.678609375 0.7335484375 0.6778828125 0.757065625 0.679765625 0.75889375 0.6775109375 0.7601625000000001 0.677325 0.7617125 0.6795984374999999 0.7777609375 0.6833625 0.78141875 0.6828046875 0.786065625 0.6899609375 0.7964765625 0.6912843750000001 0.8029515625 0.7133125 0.8295390625 0.7488921875 0.8658250000000001 0.7789906249999999 0.8777578125 0.8245015625000001 0.8838984375000001 0.8308937500000001 0.8831875
