2 0.8328125 0.925 0.825 0.9333328125 0.8 0.9666671875 0.7953125 0.9979171875 0.9640625 0.9979171875 0.9578125 0.98125 0.9453125 0.9645828125 0.9203125 0.9395828125 0.9015625 0.9270828124999999 0.8703125 0.9166671875000001 0.86875 0.9166671875000001 0.8453125 0.91875 0.8328125 0.925
3 0.671875 0.6708328125 0.6671875 0.675 0.6484375 0.6791671874999999 0.6375 0.6875 0.6234375 0.6916671875 0.6203125 0.6958328125000001 0.6 0.7041671875 0.590625 0.7125 0.5765625 0.71875 0.56875 0.7270828125000001 0.546875 0.7395828125 0.521875 0.7604171875 0.5109375 0.7791671874999999 0.509375 0.8083328125 0.4890625 0.8270828124999999 0.4859375 0.8270828124999999 0.4765625 0.84375 0.475 0.8604171875000001 0.478125 0.86875 0.48125 0.8729171875 0.4890625 0.8729171875 0.4984375 0.8645828124999999 0.5046875 0.8541671875000001 0.51875 0.84375 0.53125 0.8479171875 0.540625 0.8458328125 0.55 0.8375 0.5515625 0.8333328124999999 0.5625 0.8270828124999999 0.5703125 0.81875 0.6046875 0.80625 0.6203125 0.7958328125 0.6296875 0.79375 0.646875 0.78125 0.65625 0.7791671874999999 0.6671875 0.7708328125 0.696875 0.7583328125000001 0.70625 0.75 0.7234375 0.74375 0.7296875 0.7395828125 0.7390625 0.7270828125000001 0.7609375 0.7125 0.7671875 0.70625 0.7671875 0.7 0.7609375 0.6854171874999999 0.7609375 0.68125 0.75625 0.675 0.746875 0.6729171875 0.7453125 0.66875 0.7421875 0.6729171875 0.7375 0.6729171875 0.73125 0.6666671875 0.7171875 0.6645828125000001 0.7109375 0.6604171875 0.709375 0.6604171875 0.69375 0.6625 0.671875 0.6708328125
3 0.8265625 0.43541718749999997 0.828125 0.44375 0.83125 0.45 0.846875 0.46458281250000005 0.865625 0.49583281250000005 0.8640625 0.5375 0.8703125 0.5583328125 0.8796875 0.575 0.88125 0.5770828125 0.8984375 0.5770828125 0.9203125 0.5708328125000001 0.9390625 0.5729171875 0.9484375 0.5791671875 0.959375 0.59375 0.971875 0.6166671874999999 0.9765625 0.63125 0.98125 0.63125 0.9984375 0.6145828125 0.9984375 0.54375 0.9765625 0.53125 0.953125 0.5083328125000001 0.9453125 0.49375 0.9453125 0.4875 0.940625 0.47708281250000006 0.9421875 0.47291718749999995 0.940625 0.475 0.934375 0.47291718749999995 0.9328125 0.475 0.915625 0.475 0.9140625 0.47291718749999995 0.89375 0.47291718749999995 0.8640625 0.45625 0.8484375 0.44166718749999995 0.8390625 0.42916718749999994 0.8375 0.42916718749999994 0.8328125 0.42916718749999994 0.8265625 0.43541718749999997
5 0.8125 0.3145828125 0.8109375 0.3166671875 0.7953125 0.31875 0.784375 0.325 0.7796875 0.33125 0.775 0.3333328125 0.7578125 0.35625 0.75 0.3770828125 0.7484375 0.39375 0.78125 0.4270828125 0.7890625 0.43958281250000003 0.7953125 0.4583328125 0.8015625 0.46041718749999994 0.8078125 0.45625 0.825 0.45208281250000004 0.8265625 0.44375 0.825 0.43333281250000005 0.834375 0.42291718749999996 0.8296875 0.40208281250000005 0.8296875 0.38125 0.846875 0.3416671875 0.846875 0.33125 0.8359375 0.3208328125 0.834375 0.3208328125 0.828125 0.3166671875 0.8125 0.3145828125
1 0.7921875 0.47291718749999995 0.784375 0.5083328125000001 0.7765625 0.5208328125 0.7765625 0.53125 0.7796875 0.5395828125000001 0.7890625 0.5520828125 0.7890625 0.55625 0.79375 0.5645828125000001 0.796875 0.5666671875 0.796875 0.5729171875 0.8 0.5770828125 0.8234375 0.575 0.825 0.5729171875 0.8515625 0.5729171875 0.875 0.5791671875 0.8765625 0.5708328125000001 0.86875 0.5583328125 0.8609375 0.5354171875 0.8625 0.5333328125000001 0.8609375 0.5291671874999999 0.8609375 0.5083328125000001 0.8625 0.49791718749999997 0.8609375 0.49166718749999994 0.853125 0.48125 0.853125 0.47708281250000006 0.846875 0.47083281250000003 0.8453125 0.46458281250000005 0.8390625 0.4583328125 0.83125 0.45625 0.8296875 0.45625 0.809375 0.4583328125 0.7921875 0.47291718749999995
1 0.7078125 0.3916671875 0.6953125 0.3979171875 0.68125 0.4125 0.6671875 0.45416718749999996 0.665625 0.48125 0.6671875 0.4895828125 0.675 0.5104171875 0.678125 0.5125 0.6828125 0.5125 0.6875 0.50625 0.703125 0.49583281250000005 0.7265625 0.49375 0.7390625 0.49791718749999997 0.7453125 0.5041671875 0.7484375 0.5041671875 0.759375 0.5166671875 0.7703125 0.5229171874999999 0.7765625 0.5166671875 0.784375 0.5 0.784375 0.49375 0.7921875 0.47083281250000003 0.7921875 0.45208281250000004 0.7828125 0.43125 0.7703125 0.4166671875 0.7578125 0.40416718749999997 0.740625 0.39375 0.7390625 0.39375 0.734375 0.3916671875 0.7078125 0.3916671875
1 0.60625 0.6604171875 0.5859375 0.6708328125 0.5765625 0.6791671874999999 0.5625 0.6979171875 0.55625 0.7166671874999999 0.55625 0.7291671875 0.559375 0.7291671875 0.58125 0.7125 0.5890625 0.7104171874999999 0.603125 0.7 0.64375 0.68125 0.646875 0.6770828125 0.6390625 0.6666671875 0.6375 0.6666671875 0.6265625 0.6604171875 0.60625 0.6604171875
1 0.6671875 0.7770828125 0.6546875 0.7854171875 0.6453125 0.7979171875 0.6390625 0.8145828125 0.6390625 0.825 0.6421875 0.8333328124999999 0.65625 0.8541671875000001 0.6703125 0.8979171875 0.671875 0.9229171875000001 0.66875 0.9416671875 0.6765625 0.95 0.6859375 0.9541671875000001 0.69375 0.9541671875000001 0.703125 0.9479171875000001 0.70625 0.9104171875 0.7140625 0.8875 0.73125 0.8604171875000001 0.7421875 0.85 0.746875 0.8375 0.7359375 0.8166671875 0.725 0.7854171875 0.7078125 0.7729171874999999 0.70625 0.7729171874999999 0.684375 0.7708328125 0.6671875 0.7770828125
1 0.9625 0.6729171875 0.9609375 0.70625 0.9625 0.7083328125 0.9625 0.725 0.96875 0.75 0.975 0.7645828125 0.9859375 0.78125 0.9984375 0.7895828125000001 0.9984375 0.6208328125 0.9890625 0.6270828125000001 0.978125 0.6395828125 0.978125 0.6416671875 0.9671875 0.6604171875 0.9625 0.6729171875
1 0.734375 0.8604171875000001 0.721875 0.8770828125 0.709375 0.9041671875 0.70625 0.9416671875 0.703125 0.9458328125 0.7109375 0.96875 0.715625 0.975 0.7171875 0.9833328124999999 0.725 0.9979171875 0.79375 0.9979171875 0.7984375 0.9666671875 0.8296875 0.925 0.834375 0.9208328124999999 0.8421875 0.91875 0.8453125 0.9145828125 0.8453125 0.9083328125 0.8359375 0.8875 0.8171875 0.8645828124999999 0.796875 0.8520828125 0.7828125 0.8479171875 0.78125 0.8479171875 0.7484375 0.85 0.734375 0.8604171875000001
1 0.684375 0.975 0.6734375 0.9895828124999999 0.6703125 0.9979171875 0.7234375 0.9979171875 0.7078125 0.9645828125 0.70625 0.9645828125 0.6921875 0.96875 0.684375 0.975
4 0.775 0.7041671875 0.7375 0.7333328125 0.73125 0.75 0.728125 0.7791671874999999 0.7296875 0.7895828125000001 0.734375 0.7979171875 0.740625 0.8208328125 0.753125 0.8375 0.765625 0.84375 0.76875 0.8416671875 0.784375 0.8458328125 0.8046875 0.8458328125 0.815625 0.8395828125 0.821875 0.83125 0.834375 0.8208328125 0.8375 0.8208328125 0.8421875 0.8145828125 0.846875 0.7979171875 0.8453125 0.79375 0.846875 0.7854171875 0.8453125 0.7833328125000001 0.8453125 0.7666671875 0.8421875 0.75625 0.8421875 0.7479171874999999 0.8375 0.7291671875 0.8203125 0.7083328125 0.803125 0.7 0.8015625 0.7 0.784375 0.7 0.775 0.7041671875
4 0.9140625 0.575 0.9125 0.5770828125 0.878125 0.5833328125 0.85625 0.6020828125000001 0.840625 0.63125 0.8390625 0.6583328125000001 0.846875 0.6791671874999999 0.871875 0.7104171874999999 0.8859375 0.7166671874999999 0.8984375 0.71875 0.915625 0.7125 0.925 0.70625 0.9296875 0.70625 0.946875 0.69375 0.95625 0.68125 0.9625 0.6625 0.9734375 0.6416671875 0.9734375 0.6291671875 0.96875 0.6145828125 0.9578125 0.5979171875 0.95625 0.5916671874999999 0.9453125 0.5791671875 0.94375 0.5791671875 0.9375 0.575 0.9140625 0.575
5 0.9328125 0.7083328125 0.9015625 0.7208328125000001 0.8921875 0.7208328125000001 0.8765625 0.7145828125 0.8703125 0.7145828125 0.8609375 0.7229171875 0.8484375 0.7458328125 0.8453125 0.7541671875 0.8453125 0.7604171875 0.85 0.7916671875 0.8484375 0.79375 0.8484375 0.8041671875 0.84375 0.81875 0.84375 0.8270828124999999 0.8546875 0.8520828125 0.8625 0.8604171875000001 0.871875 0.8645828124999999 0.884375 0.8541671875000001 0.896875 0.8520828125 0.903125 0.8479171875 0.925 0.8479171875 0.9390625 0.8541671875000001 0.953125 0.8541671875000001 0.95625 0.8520828125 0.9625 0.8395828125 0.971875 0.8125 0.9734375 0.7916671875 0.975 0.7895828125000001 0.9734375 0.78125 0.975 0.7791671874999999 0.971875 0.7625 0.9625 0.7416671874999999 0.9625 0.7375 0.9453125 0.7125 0.94375 0.7125 0.940625 0.7083328125 0.9328125 0.7083328125
0 0.8796875 0.2958328125 0.86875 0.3041671875 0.853125 0.3291671875 0.8453125 0.3520828125 0.834375 0.3708328125 0.83125 0.3979171875 0.8328125 0.4 0.834375 0.42083281250000004 0.85 0.43958281250000003 0.86875 0.45625 0.8859375 0.4625 0.890625 0.46666718749999997 0.9 0.46666718749999997 0.909375 0.47083281250000003 0.9265625 0.47083281250000003 0.934375 0.46666718749999997 0.946875 0.46458281250000005 0.9609375 0.44166718749999995 0.9703125 0.43333281250000005 0.9765625 0.42291718749999996 0.9828125 0.3979171875 0.98125 0.39375 0.98125 0.3666671875 0.975 0.35 0.95625 0.325 0.9390625 0.3083328125 0.921875 0.2979171875 0.9140625 0.2958328125 0.9125 0.2958328125 0.8875 0.29375 0.8796875 0.2958328125
5 0.95 0.49791718749999997 0.9515625 0.5020828125000001 0.9765625 0.5291671874999999 0.9984375 0.5416671875 0.9984375 0.43125 0.99375 0.43125 0.98125 0.43958281250000003 0.9625 0.4583328125 0.9625 0.46041718749999994 0.9515625 0.4791671875 0.95 0.49791718749999997
0 0.6484375 0.5583328125 0.6359375 0.5854171874999999 0.634375 0.5979171875 0.63125 0.6041671875 0.63125 0.6333328125000001 0.634375 0.6458328125 0.6375 0.6541671874999999 0.6515625 0.6708328125 0.6625 0.6708328125 0.6671875 0.6666671875 0.6796875 0.6645828125000001 0.6890625 0.6583328125000001 0.6984375 0.65625 0.696875 0.6458328125 0.678125 0.6229171874999999 0.66875 0.6041671875 0.6625 0.5666671875 0.6640625 0.5625 0.6640625 0.5416671875 0.6625 0.54375 0.65625 0.5479171875 0.6484375 0.5583328125
0 0.7984375 0.5854171874999999 0.7921875 0.61875 0.7828125 0.6375 0.7640625 0.6583328125000001 0.7609375 0.6645828125000001 0.7640625 0.6791671874999999 0.771875 0.7 0.8046875 0.6979171875 0.81875 0.7041671875 0.83125 0.7166671874999999 0.840625 0.7291671875 0.840625 0.7333328125 0.8453125 0.7375 0.8515625 0.7333328125 0.86875 0.7104171874999999 0.8421875 0.6729171875 0.8375 0.6541671874999999 0.8375 0.6375 0.84375 0.6208328125 0.8578125 0.5979171875 0.8703125 0.5875 0.8671875 0.58125 0.859375 0.5770828125 0.8578125 0.5770828125 0.81875 0.5770828125 0.7984375 0.5854171874999999
0 0.5734375 0.8208328125 0.54375 0.8479171875 0.5359375 0.8583328124999999 0.5359375 0.8625 0.528125 0.8791671875 0.525 0.8958328124999999 0.525 0.9083328125 0.540625 0.9645828125 0.5703125 0.9979171875 0.6234375 0.9979171875 0.6453125 0.9791671875000001 0.6578125 0.9625 0.665625 0.9479171875000001 0.66875 0.93125 0.66875 0.9020828125 0.6640625 0.88125 0.653125 0.8520828125 0.6453125 0.8395828125 0.6359375 0.8270828124999999 0.628125 0.8208328125 0.6125 0.8145828125 0.6109375 0.8145828125 0.59375 0.8145828125 0.5734375 0.8208328125
0 0.8828125 0.8583328124999999 0.8765625 0.8625 0.8625 0.8770828125 0.853125 0.89375 0.85 0.9020828125 0.85 0.9125 0.8515625 0.9145828125 0.8828125 0.9166671875000001 0.9125 0.93125 0.94375 0.9604171875 0.9609375 0.9833328124999999 0.9671875 0.9979171875 0.9984375 0.9979171875 0.9984375 0.9020828125 0.9875 0.8875 0.9671875 0.86875 0.9546875 0.8604171875000001 0.93125 0.8520828125 0.9296875 0.8520828125 0.8984375 0.8541671875000001 0.8828125 0.8583328124999999
4 0.984375 0.8041671875 0.975 0.8125 0.9609375 0.8520828125 0.9609375 0.8604171875000001 0.9859375 0.8833328125 0.9984375 0.9 0.9984375 0.8979171875 0.9984375 0.7979171875 0.984375 0.8041671875
2 0.8265625 0.8291671875000001 0.825 0.8333328124999999 0.815625 0.8416671875 0.8 0.85 0.8 0.8520828125 0.8125 0.8583328124999999 0.821875 0.8666671875 0.8390625 0.8895828124999999 0.84375 0.9020828125 0.8484375 0.9041671875 0.8515625 0.89375 0.8609375 0.8770828125 0.8609375 0.86875 0.853125 0.85625 0.8453125 0.8354171875 0.8390625 0.825 0.8375 0.825 0.8328125 0.825 0.8265625 0.8291671875000001
