2 0.15849531249999999 0.5006109375000001 0.16791875 0.5078968749999999 0.17887187499999999 0.5087828125 0.1977171875 0.5233531250000001 0.20554375 0.5245796875 0.2149015625 0.5194046875 0.2211203125 0.51249375 0.2537484375 0.47153906250000005 0.2864203125 0.43889218750000003 0.29417031250000003 0.42557968749999997 0.294028125 0.398584375 0.28925 0.38248125 0.27979375 0.368965625 0.278196875 0.3629046875 0.256203125 0.344521875 0.238975 0.34016406250000003 0.23741249999999997 0.34033437499999997 0.2155390625 0.34479375 0.203078125 0.35446093749999996 0.196825 0.3551421875 0.1859265625 0.364640625 0.1688421875 0.3872796875 0.1518453125 0.42653125000000003 0.1504484375 0.4578515625 0.1551921875 0.467725 0.15533593750000002 0.49472187500000003 0.15849531249999999 0.5006109375000001
2 0.1613796875 0.7496421875 0.16755625000000002 0.734425 0.1970578125 0.6938109375 0.212678125 0.6900328124999999 0.226703125 0.68019375 0.261103125 0.6785265625 0.26264375 0.674203125 0.2609265625 0.6453 0.24991875000000002 0.6340312499999999 0.2310828125 0.6215359375 0.22321249999999998 0.6120046875 0.216871875 0.596071875 0.21373437499999998 0.5943343750000001 0.21217187499999998 0.5945046875 0.19965468749999998 0.593790625 0.1746890625 0.6048203125 0.1638015625 0.6163953125 0.14354687500000002 0.6310671875 0.135775 0.640225 0.12184999999999999 0.6687546875 0.120440625 0.6979984375 0.12202500000000001 0.70198125 0.156690625 0.750153125 0.1613796875 0.7496421875
2 0.2370625 0.863996875 0.23710625 0.8723046875 0.24027656249999998 0.8802703125000001 0.2592 0.9093781249999999 0.2750078125 0.940903125 0.2828890625 0.9525124999999999 0.289153125 0.9539078125 0.2984765625 0.942503125 0.3233890625 0.921090625 0.34825625 0.8913703125 0.3716046875 0.8701265625 0.42600625000000003 0.8060234375 0.42425625 0.7708890625 0.4162640625 0.7385140625 0.40049999999999997 0.7152953125 0.3879390625 0.7062734374999999 0.366 0.6982734374999999 0.3644375 0.69844375 0.328484375 0.7023578125000001 0.3222421875 0.705115625 0.292653125 0.729115625 0.278671875 0.7472609375 0.26938125 0.7648953125 0.2632171875 0.7821906249999999 0.2601015625 0.7846078125 0.2539265625 0.799825 0.24159687500000002 0.8344125 0.2370625 0.863996875
3 0.5099750000000001 0.41870624999999995 0.5178578125 0.430315625 0.520984375 0.42997500000000005 0.5381453125 0.421871875 0.5381234375 0.41771874999999997 0.5255296875 0.4024671875 0.5176375 0.38878124999999997 0.50965625 0.3584828125 0.5110203125 0.3209328125 0.5249125 0.2861734375 0.52486875 0.2778671875 0.518528125 0.261934375 0.5057703124999999 0.2155328125 0.5026109375 0.2096421875 0.4947609375 0.2042640625 0.4931984375 0.204434375 0.4729203125 0.214953125 0.452665625 0.22962500000000002 0.4512125 0.2505625 0.464059375 0.313578125 0.47042343750000004 0.33366406249999997 0.47045624999999996 0.33989375 0.4815734375 0.3719296875 0.4848 0.39027968749999997 0.49741562500000003 0.409684375 0.5099750000000001 0.41870624999999995
3 0.47209687499999997 0.6493187500000001 0.45976875 0.6839078125 0.45666406249999997 0.6884015625 0.45668593749999997 0.6925546875 0.4629390625 0.6918734375 0.47383593749999997 0.6823765625 0.49882499999999996 0.6755 0.5003765625 0.673253125 0.5206984375 0.6710390625 0.5426484375 0.6811171875 0.551984375 0.6717890625 0.5612421875 0.6479250000000001 0.5876390625 0.6118046875 0.6001328125 0.608365625 0.6017078125 0.610271875 0.60946875 0.5990375 0.6126171874999999 0.6028515624999999 0.6110203125 0.596790625 0.612571875 0.5945437499999999 0.6188359375 0.595940625 0.6234921875 0.5892000000000001 0.6328390625 0.5819484375 0.6405890624999999 0.5686375 0.6405546875 0.5624078124999999 0.6309890625000001 0.528125 0.6323765625 0.49472812499999996 0.629228125 0.4909140625 0.6214125 0.49176562500000004 0.6198375 0.489859375 0.618275 0.49002968750000003 0.5964015625 0.4944890625 0.5667671875 0.5101828125 0.5465125 0.52485625 0.5434078125 0.52935 0.5402812499999999 0.5296890624999999 0.5216234375 0.550421875 0.4998921875 0.581878125 0.48595625 0.6083296875 0.47360468750000007 0.638765625 0.47209687499999997 0.6493187500000001
5 0.08097499999999999 0.62956875 0.102915625 0.6375703125000001 0.12793749999999998 0.6369234374999999 0.1435359375 0.6289906249999999 0.1622265625 0.6144890625 0.179334375 0.596003125 0.1855203125 0.5828625 0.187028125 0.5723078125 0.190121875 0.5657375 0.19305 0.5280171874999999 0.18045625 0.512765625 0.16792968749999998 0.5099734375 0.15693125000000002 0.50078125 0.153771875 0.49489218749999997 0.15371718750000002 0.484509375 0.15214375 0.4826015625 0.1536515625 0.4720484375 0.1489171875 0.46425312500000004 0.134815625 0.4595546875 0.1176109375 0.45935 0.1160359375 0.45744375000000004 0.11447343750000001 0.4576140625 0.10353125 0.4588046875 0.07857499999999999 0.4719109375 0.0645734375 0.485903125 0.05215625 0.5038781250000001 0.042909375 0.5298203125 0.041521875 0.5632171875 0.044703124999999996 0.573259375 0.0604671875 0.596478125 0.0668078125 0.6124109375 0.08097499999999999 0.62956875
5 0.5128375000000001 0.368525 0.5160078125 0.3764921875 0.516040625 0.382721875 0.5270937499999999 0.40229687500000005 0.542834375 0.42136250000000003 0.5679000000000001 0.429021875 0.5819687499999999 0.427490625 0.58354375 0.429396875 0.6007046875000001 0.4212953125 0.6225015625 0.4022984375 0.645728125 0.3582125 0.647203125 0.341428125 0.650296875 0.3348578125 0.6501640625 0.30993750000000003 0.6343015624999999 0.2680296875 0.62171875 0.2548546875 0.59663125 0.24304062499999998 0.59506875 0.2432109375 0.574746875 0.2454234375 0.5622640624999999 0.2509390625 0.53889375 0.268028125 0.5264765625 0.286003125 0.5187375000000001 0.30139062499999997 0.511065625 0.3292390625 0.5126390625 0.3311453125 0.5110875 0.3333921875 0.51121875 0.3583125 0.5128375000000001 0.368525
0 0.39861562500000003 0.3601828125 0.41104375 0.34428437500000003 0.42819531250000004 0.33410625 0.446953125 0.3320640625 0.45318437500000003 0.3272296875 0.4578296875 0.3184125 0.45929374999999995 0.2995515625 0.44803125 0.2405203125 0.4307046875 0.21747187499999998 0.40716875 0.2034109375 0.40560625000000006 0.20358125 0.3868375 0.20354687500000002 0.37749062499999997 0.2107984375 0.354175 0.238271875 0.346503125 0.26611875 0.3466796875 0.299346875 0.3530859375 0.32773906249999996 0.3594265625 0.34367187499999996 0.3861328125 0.3656984375 0.390821875 0.3651875 0.39861562500000003 0.3601828125
0 0.265615625 0.6447890625 0.2812484375 0.6430875 0.2921578125 0.635665625 0.309253125 0.615103125 0.313809375 0.589671875 0.3215265625 0.57013125 0.3292765625 0.5568203125 0.3432671875 0.5407515625 0.358865625 0.5328203125 0.36195937499999997 0.5262484374999999 0.36031875 0.5118828125 0.3413296875 0.47031406249999996 0.33189531250000004 0.46095312499999996 0.322484375 0.45574375 0.30055624999999997 0.4498203125 0.2989921875 0.44999062500000003 0.2662203125 0.463946875 0.23512343750000003 0.4985015625 0.225821875 0.514059375 0.2211984375 0.5270296875 0.2150890625 0.5547078125 0.21683906249999998 0.589840625 0.2199984375 0.5957312499999999 0.221615625 0.60594375 0.22635 0.6137406249999999 0.265615625 0.6447890625
0 0.554284375 0.5156984375 0.5823437499999999 0.498096875 0.6088843749999999 0.4889734375 0.6119890625 0.48447968750000003 0.6072656249999999 0.4787609375 0.605659375 0.47062499999999996 0.59460625 0.4510484375 0.5804609375 0.43804375 0.560084375 0.42987343750000007 0.5585218750000001 0.43004375 0.5444203125 0.4253453125 0.533478125 0.4265359375 0.52100625 0.434128125 0.5210281250000001 0.43828125 0.5336546875 0.4597640625 0.53843125 0.47586562499999996 0.5402375 0.5213828125 0.5386859375 0.5236296874999999 0.5449484375 0.5250250000000001 0.554284375 0.5156984375
0 0.6369546875000001 0.47345 0.6355140625 0.4964640625 0.6339609375 0.4987109375 0.6340609374999999 0.5174015625 0.6325078125 0.5196484375 0.6389375 0.55219375 0.6421187500000001 0.5622375 0.6468296875 0.5658796875000001 0.659290625 0.5562109375000001 0.7930406249999999 0.41282031249999995 0.794559375 0.40434374999999995 0.7898375 0.3986234375 0.7851359375 0.3970578125 0.7757015625 0.3876953125 0.7725765625000001 0.3880359375 0.769428125 0.3842234375 0.745903125 0.3722390625 0.744340625 0.37240937500000004 0.727134375 0.3722046875 0.725559375 0.3702984375 0.708365625 0.3721703125 0.69588125 0.3776859375 0.6818578125 0.38752343749999996 0.6709703124999999 0.3990984375 0.6523453124999999 0.42606093749999996 0.6446171875 0.44352656250000005 0.641578125 0.4604796875 0.6369546875000001 0.47345
4 0.199215625 0.8057812500000001 0.2038390625 0.7928109375 0.2037953125 0.7845046875 0.20989375 0.75475 0.21606874999999998 0.7395328125 0.2393515625 0.7058296875 0.25803125 0.68925 0.262721875 0.6887390625 0.2642734375 0.6864921875000001 0.261125 0.6826796875000001 0.25956250000000003 0.68285 0.2532875 0.6793765625 0.2267140625 0.6822703125 0.21268906250000003 0.692109375 0.19706875 0.6958875 0.166025 0.740825 0.162965625 0.7536265625 0.16457187499999998 0.7617625 0.18820781250000002 0.7945125 0.1929515625 0.8043859375 0.199215625 0.8057812500000001
4 0.42274687499999997 0.486384375 0.42584062500000003 0.4798140625 0.4273375 0.467184375 0.43194999999999995 0.45213593750000003 0.4427921875 0.43225468749999996 0.46457812499999995 0.41118125 0.4770609375 0.4056671875 0.486440625 0.4046453125 0.4848328125 0.396509375 0.48010937499999995 0.3907890625 0.45813750000000003 0.376559375 0.45657500000000006 0.3767296875 0.45499999999999996 0.3748234375 0.44093125000000005 0.3763546875 0.42064375 0.38479687500000004 0.40978906249999997 0.4026015625 0.40200625 0.4096828125 0.391196875 0.4357953125 0.39132968749999997 0.460715625 0.39767031249999996 0.47664687499999997 0.40867812499999995 0.487915625 0.42274687499999997 0.486384375
4 0.4274796875 0.49418125 0.42905468750000003 0.49608749999999996 0.43075 0.5208375000000001 0.4417359375 0.5279515625 0.45589218750000005 0.543034375 0.4732640625 0.5743890625 0.4858234375 0.5834109375 0.49365156250000003 0.5846359375 0.5387078125 0.5277828125 0.5384765625 0.48417343749999997 0.5336765625 0.4639171875 0.5210281250000001 0.43828125 0.5068609375 0.42112343750000003 0.48802500000000004 0.40862968750000006 0.4864625 0.40879843749999994 0.47239375 0.41033125000000004 0.46927812500000005 0.4127484375 0.467759375 0.421225 0.45682812500000003 0.42449375 0.45061875 0.43348125 0.442825 0.438484375 0.44285781249999995 0.444715625 0.4335234375 0.45404218749999997 0.43042968750000005 0.4606125 0.4274796875 0.49418125
1 0.3208984375 0.4517609375 0.336596875 0.46251875 0.3633796875 0.49908281250000003 0.3711953125 0.49823125 0.3789890625 0.4932265625 0.3898546875 0.4774984375 0.388103125 0.442365625 0.394246875 0.4209171875 0.40198437499999995 0.40552968749999996 0.40196249999999994 0.4013765625 0.3908890625 0.3776484375 0.3767203125 0.3604890625 0.3578859375 0.34799531250000004 0.346921875 0.3450328125 0.34535781249999997 0.345203125 0.3250375 0.347415625 0.3156796875 0.352590625 0.30945 0.357425 0.30635625 0.3639953125 0.29081250000000003 0.3823109375 0.297165625 0.4003203125 0.297340625 0.43354687500000005 0.29893749999999997 0.43960625000000003 0.305234375 0.44723281249999997 0.3208984375 0.4517609375
1 0.45812656250000006 0.37448281250000004 0.4800984375 0.3887125 0.483225 0.3883734375 0.4704890625 0.3461234375 0.462628125 0.33866874999999996 0.4516640625 0.33570625 0.4501015625 0.33587656250000003 0.434459375 0.3355015625 0.41885000000000006 0.34135781249999997 0.40950312499999997 0.3486078125 0.3986265625 0.362259375 0.3924515625 0.377478125 0.403515625 0.3991296875 0.409778125 0.400525 0.41908124999999996 0.3849671875 0.442484375 0.3741078125 0.45812656250000006 0.37448281250000004
1 0.653875 0.41966093750000005 0.6570015625 0.4193203125 0.6616359375 0.4084265625 0.67873125 0.3878640625 0.6958703125000001 0.37560937499999997 0.7083546875 0.37009375 0.7380656250000001 0.36893750000000003 0.7505921875 0.371728125 0.7741281250000001 0.3857890625 0.7803703125 0.38303125 0.7834078124999999 0.366078125 0.783253125 0.3370046875 0.7800390625 0.32073125 0.7721015625 0.29873906250000004 0.7626578125 0.2873 0.7501078125 0.2803546875 0.7313171875 0.2761671875 0.7062953125 0.2768140625 0.7047203125 0.2749078125 0.7031578125 0.2750765625 0.6859625 0.27695 0.6766062500000001 0.2821234375 0.6610625 0.3004390625 0.6564390625 0.313409375 0.6564828125 0.3217171875 0.6503296875 0.3410875 0.6503953124999999 0.3535484375 0.647325 0.36427187499999997 0.6475125 0.399575 0.653875 0.41966093750000005
1 0.31270937499999996 0.6770625 0.32065781250000003 0.7011328125 0.3253578125 0.7026984374999999 0.3269109375 0.7004515625 0.36755312500000004 0.6960265625 0.394203125 0.7076687500000001 0.41462343749999997 0.724146875 0.41931250000000003 0.7236359375 0.430221875 0.716215625 0.441109375 0.704640625 0.45973437500000003 0.677678125 0.4705234375 0.6474125 0.47049062499999994 0.6411828125000001 0.47357187500000003 0.6325359374999999 0.4749703125 0.601215625 0.47173437500000004 0.5807890625 0.45434062500000005 0.54528125 0.440184375 0.5301984375 0.41825625000000005 0.524275 0.4166921875 0.5244453124999999 0.38854375 0.5254328125 0.38699218750000003 0.5276796874999999 0.36979687499999997 0.5295515625 0.3479578125 0.540240625 0.337059375 0.5497390625 0.32619375 0.5654671875 0.31384375000000003 0.595903125 0.3093953125 0.6421 0.31097031249999996 0.64400625 0.31270937499999996 0.6770625
1 0.2181828125 0.843196875 0.233925 0.8622609375 0.2370171875 0.855690625 0.24002343750000002 0.83250625 0.24927031249999998 0.806565625 0.2755578125 0.749678125 0.29419375 0.7247921875000001 0.3144484375 0.7101203125 0.3144265625 0.7059656249999999 0.303396875 0.69054375 0.2892953125 0.6858453124999999 0.28773125 0.686015625 0.2674109375 0.688228125 0.254928125 0.69374375 0.24558125 0.7009953125 0.23624687500000002 0.7103234375 0.22227812500000002 0.7305453125 0.21144531249999998 0.7525031249999999 0.2054015625 0.792640625 0.2008 0.8097640625 0.2071421875 0.825696875 0.2181828125 0.843196875
4 0.42907812500000003 0.7952984375 0.43066250000000006 0.7992828125 0.4337890625 0.7989421875 0.4602421875 0.7732046875 0.48510937500000006 0.743484375 0.5053421874999999 0.724659375 0.5068828125 0.7203359375 0.5177921875 0.7129140625 0.5240015625 0.7039265625 0.5317953125 0.698921875 0.5395671875 0.6897640625 0.5411078125000001 0.685440625 0.537959375 0.681628125 0.525409375 0.6746828125000001 0.5175828124999999 0.67345625 0.5160203125 0.6736265625 0.5019515625000001 0.675159375 0.5004 0.67740625 0.47541093749999996 0.6842828125 0.45983437499999996 0.6963671875 0.45202968749999994 0.6992953125 0.44426875 0.7105296875 0.4319171875 0.7409656250000001 0.42737187499999996 0.768471875 0.42895625 0.7724546875 0.42907812500000003 0.7952984375
4 0.30461875 0.625996875 0.2999390625 0.628584375 0.281325 0.6576234375000001 0.2814359375 0.678390625 0.284584375 0.682203125 0.3002375 0.6846546874999999 0.3143609375 0.69350625 0.30952812500000004 0.6670203124999999 0.30775625 0.6277328125 0.30618124999999996 0.6258265625 0.30461875 0.625996875
